# log10(T) rate(cm^3/s)
# Total Recomb Rates
1.000000000000000000e+00 9.451177803452439654e-11
1.022922636103151817e+00 9.250083820900338563e-11
1.045845272206303633e+00 9.037274542222495565e-11
1.068767908309455672e+00 8.814841747657990113e-11
1.091690544412607489e+00 8.584842296510457843e-11
1.114613180515759305e+00 8.349256771032846775e-11
1.137535816618911122e+00 8.109953900926834734e-11
1.160458452722062939e+00 7.868661412610971898e-11
1.183381088825214977e+00 7.626943719085567039e-11
1.206303724928366794e+00 7.386186606018039647e-11
1.229226361031518611e+00 7.147588796427043705e-11
1.252148997134670427e+00 6.912160011203715074e-11
1.275071633237822244e+00 6.680724905935603307e-11
1.297994269340974283e+00 6.453932072833601831e-11
1.320916905444126099e+00 6.232267161456561859e-11
1.343839541547277916e+00 6.016069098757356976e-11
1.366762177650429733e+00 5.805548377157847633e-11
1.389684813753581771e+00 5.600806423198959092e-11
1.412607449856733588e+00 5.401855149287949230e-11
1.435530085959885405e+00 5.208635915339998831e-11
1.458452722063037221e+00 5.021037272999245647e-11
1.481375358166189038e+00 4.838911020366467881e-11
1.504297994269340855e+00 4.662086248898983826e-11
1.527220630372492671e+00 4.490381207563823353e-11
1.550143266475644710e+00 4.323612935944270684e-11
1.573065902578796527e+00 4.161604723722376104e-11
1.595988538681948565e+00 4.004191536870173337e-11
1.618911174785100382e+00 3.851223610918145889e-11
1.641833810888252199e+00 3.702568450214020744e-11
1.664756446991404015e+00 3.558111491542098805e-11
1.687679083094555832e+00 3.417755693864315136e-11
1.710601719197707649e+00 3.281420306559771407e-11
1.733524355300859465e+00 3.149039049658107044e-11
1.756446991404011282e+00 3.020557914241987897e-11
1.779369627507163321e+00 2.895932762134991509e-11
1.802292263610315137e+00 2.775126873456499237e-11
1.825214899713467176e+00 2.658108560415337732e-11
1.848137535816618993e+00 2.544848937176719519e-11
1.871060171919770809e+00 2.435319909705263305e-11
1.893982808022922626e+00 2.329492426732707699e-11
1.916905444126074443e+00 2.227335013694192762e-11
1.939828080229226259e+00 2.128812595657839351e-11
1.962750716332378076e+00 2.033885602797932257e-11
1.985673352435529893e+00 1.942509342568973771e-11
2.008595988538681709e+00 1.854633616085877766e-11
2.031518624641833526e+00 1.770202551925062268e-11
2.054441260744985343e+00 1.689154628242485489e-11
2.077363896848137603e+00 1.611422853379597413e-11
2.100286532951289420e+00 1.536935075645291287e-11
2.123209169054441237e+00 1.465614394405654539e-11
2.146131805157593053e+00 1.397379646709049866e-11
2.169054441260744870e+00 1.332145946189733527e-11
2.191977077363897131e+00 1.269825253738227397e-11
2.214899713467048947e+00 1.210326962249146995e-11
2.237822349570200764e+00 1.153558480540348016e-11
2.260744985673352581e+00 1.099425804194900882e-11
2.283667621776504397e+00 1.047834063549359055e-11
2.306590257879656214e+00 9.986880412997131699e-12
2.329512893982808031e+00 9.518926541992804974e-12
2.352435530085959847e+00 9.073533950733651314e-12
2.375358166189111664e+00 8.649767328770480960e-12
2.398280802292263481e+00 8.246704697856952623e-12
2.421203438395415297e+00 7.863440553487095972e-12
2.444126074498567114e+00 7.499088585750662547e-12
2.467048710601718930e+00 7.152783994753179267e-12
2.489971346704870747e+00 6.823685420807256707e-12
2.512893982808022564e+00 6.510976513174015477e-12
2.535816618911174825e+00 6.213867163522415063e-12
2.558739255014326641e+00 5.931594431671328267e-12
2.581661891117478458e+00 5.663423191758625825e-12
2.604584527220630275e+00 5.408646526900920415e-12
2.627507163323782091e+00 5.166585899804875199e-12
2.650429799426934352e+00 4.936591125787998095e-12
2.673352435530086169e+00 4.718040173367409274e-12
2.696275071633237985e+00 4.510338816067284717e-12
2.719197707736389802e+00 4.312920157456042715e-12
2.742120343839541619e+00 4.125244049716952986e-12
2.765042979942693435e+00 3.946796424344710246e-12
2.787965616045845252e+00 3.777088551916527381e-12
2.810888252148997069e+00 3.615656246411526339e-12
2.833810888252148885e+00 3.462059028408802151e-12
2.856733524355300702e+00 3.315879260942009135e-12
2.879656160458452518e+00 3.176721272211757269e-12
2.902578796561604335e+00 3.044210481257580825e-12
2.925501432664756152e+00 2.917992546600302654e-12
2.948424068767907968e+00 2.797732564147144700e-12
2.971346704871059785e+00 2.683114349189058816e-12
2.994269340974212046e+00 2.573839847139891140e-12
3.017191977077363862e+00 2.469628726634424396e-12
3.040114613180515679e+00 2.370218213356730257e-12
3.063037249283667496e+00 2.275363219284824117e-12
3.085959885386819312e+00 2.184836805673343418e-12
3.108882521489971129e+00 2.098430986064190697e-12
3.131805157593122946e+00 2.015957827557113532e-12
3.154727793696275207e+00 1.937250747839166020e-12
3.177650429799427023e+00 1.862165839462561887e-12
3.200573065902578840e+00 1.790582992334506303e-12
3.223495702005730656e+00 1.722406542739116783e-12
3.246418338108882473e+00 1.657565164036451848e-12
3.269340974212034290e+00 1.596010738631085279e-12
3.292263610315186106e+00 1.537716015458797541e-12
3.315186246418337923e+00 1.482670958031519776e-12
3.338108882521489740e+00 1.430877814528471840e-12
3.361031518624641556e+00 1.382345078203774764e-12
3.383954154727793817e+00 1.337080635862461236e-12
3.406876790830945634e+00 1.295084507324027935e-12
3.429799426934097450e+00 1.256341645988177886e-12
3.452722063037249267e+00 1.220815291555030555e-12
3.475644699140401084e+00 1.188441338695532154e-12
3.498567335243552900e+00 1.159124114297526644e-12
3.521489971346704717e+00 1.132733850230344923e-12
3.544412607449856534e+00 1.109106011144980845e-12
3.567335243553008350e+00 1.088042501765425071e-12
3.590257879656160167e+00 1.069314648934336384e-12
3.613180515759312428e+00 1.052667741699114225e-12
3.636103151862464244e+00 1.037826826166973742e-12
3.659025787965616061e+00 1.024503395455476652e-12
3.681948424068767878e+00 1.012402590416031669e-12
3.704871060171919694e+00 1.001230533300816483e-12
3.727793696275071511e+00 9.907014527687494459e-13
3.750716332378223328e+00 9.805443240499798886e-13
3.773638968481375144e+00 9.705088445785560937e-13
3.796561604584526961e+00 9.603706979222247663e-13
3.819484240687678778e+00 9.499362343895005373e-13
3.842406876790831038e+00 9.390469206441296642e-13
3.865329512893982855e+00 9.275841801591407867e-13
3.888252148997134672e+00 9.154755418244036117e-13
3.911174785100286488e+00 9.027032913668785832e-13
3.934097421203438305e+00 8.893170076765513018e-13
3.957020057306590122e+00 8.754513699997491941e-13
3.979942693409741938e+00 8.613503438762906045e-13
4.002865329512893311e+00 8.473982178888217652e-13
4.025787965616045128e+00 8.341569485058396966e-13
4.048710601719197832e+00 8.224079368613025141e-13
4.071633237822349649e+00 8.131948629795358178e-13
4.094555873925501466e+00 8.078627757576775889e-13
4.117478510028653282e+00 8.080875632949628258e-13
4.140401146131805099e+00 8.158894814542306847e-13
4.163323782234956916e+00 8.336248016985094461e-13
4.186246418338108732e+00 8.639509312741289974e-13
4.209169054441260549e+00 9.097624848935092340e-13
4.232091690544412366e+00 9.740985205084008083e-13
4.255014326647564182e+00 1.060024148538955623e-12
4.277936962750716887e+00 1.170492582260130173e-12
4.300859598853868704e+00 1.308196028387996228e-12
4.323782234957020520e+00 1.475415312549186659e-12
4.346704871060172337e+00 1.673878613914508674e-12
4.369627507163324154e+00 1.904639116681784266e-12
4.392550143266475970e+00 2.167979886639519464e-12
4.415472779369627787e+00 2.463352074815783875e-12
4.438395415472779604e+00 2.789349930175065248e-12
4.461318051575931420e+00 3.143723378951528005e-12
4.484240687679083237e+00 3.523426380413794509e-12
4.507163323782235054e+00 3.924697117094904673e-12
4.530085959885386870e+00 4.343164462302253342e-12
4.553008595988538687e+00 4.773974148226124178e-12
4.575931232091690504e+00 5.211927621725818226e-12
4.598853868194842320e+00 5.651626655109129427e-12
4.621776504297994137e+00 6.087617275185574726e-12
4.644699140401145954e+00 6.514527370318054951e-12
4.667621776504297770e+00 6.927193318311966858e-12
4.690544412607449587e+00 7.320772046536326677e-12
4.713467048710601404e+00 7.690836007252004801e-12
4.736389684813753220e+00 8.033449564175967294e-12
4.759312320916905037e+00 8.345226199149462241e-12
4.782234957020056854e+00 8.623366735751435882e-12
4.805157593123208670e+00 8.865679428596011319e-12
4.828080229226360487e+00 9.070583281514228856e-12
4.851002865329512304e+00 9.237096340224819974e-12
4.873925501432664120e+00 9.364810965129739755e-12
4.896848137535815937e+00 9.453858239763101593e-12
4.919770773638967754e+00 9.504863723785343514e-12
4.942693409742119570e+00 9.518896730468064806e-12
4.965616045845272275e+00 9.497415211693017254e-12
4.988538681948424092e+00 9.442208182687416925e-12
5.011461318051575908e+00 9.355337427606642936e-12
5.034383954154727725e+00 9.239080008436186308e-12
5.057306590257879542e+00 9.095872865262692502e-12
5.080229226361031358e+00 8.928260556247962627e-12
5.103151862464183175e+00 8.738846949678579267e-12
5.126074498567334992e+00 8.530251455745245909e-12
5.148997134670486808e+00 8.305070178099389182e-12
5.171919770773638625e+00 8.065842179007862061e-12
5.194842406876790442e+00 7.815020889829231212e-12
5.217765042979942258e+00 7.554950561935703036e-12
5.240687679083094075e+00 7.287847542273706251e-12
5.263610315186245892e+00 7.015786071670873586e-12
5.286532951289397708e+00 6.740688241160288165e-12
5.309455587392550413e+00 6.464317699844972247e-12
5.332378223495702230e+00 6.188276684644017640e-12
5.355300859598854046e+00 5.914005934937021098e-12
5.378223495702005863e+00 5.642787060908752849e-12
5.401146131805157680e+00 5.375746950623376564e-12
5.424068767908309496e+00 5.113863825032597670e-12
5.446991404011461313e+00 4.857974579981674604e-12
5.469914040114613130e+00 4.608783087830393872e-12
5.492836676217764946e+00 4.366869166850907289e-12
5.515759312320916763e+00 4.132697962688956633e-12
5.538681948424068580e+00 3.906629521745784646e-12
5.561604584527220396e+00 3.688928370480128406e-12
5.584527220630372213e+00 3.479772946698986638e-12
5.607449856733524030e+00 3.279264758461475065e-12
5.630372492836675846e+00 3.087437172991847411e-12
5.653295128939827663e+00 2.904263761858099098e-12
5.676217765042979480e+00 2.729666149606928679e-12
5.699140401146131296e+00 2.563521331127782981e-12
5.722063037249283113e+00 2.405668438387114951e-12
5.744985673352435818e+00 2.255914950013227879e-12
5.767908309455587634e+00 2.114042347736013419e-12
5.790830945558739451e+00 1.979811232123774879e-12
5.813753581661891268e+00 1.852965916646477477e-12
5.836676217765043084e+00 1.733238524061994705e-12
5.859598853868194901e+00 1.620352612692379825e-12
5.882521489971346718e+00 1.514026362539426064e-12
5.905444126074498534e+00 1.413975352575452829e-12
5.928366762177650351e+00 1.319914961111214253e-12
5.951289398280802168e+00 1.231562421044082675e-12
5.974212034383953984e+00 1.148638561164030629e-12
5.997134670487105801e+00 1.070869263662199301e-12
6.020057306590257618e+00 9.979866666500781875e-13
6.042979942693409434e+00 9.297301389438924250e-13
6.065902578796561251e+00 8.658470526719689774e-13
6.088825214899713067e+00 8.060933774830677404e-13
6.111747851002864884e+00 7.502341183201115293e-13
6.134670487106016701e+00 6.980436169157086054e-13
6.157593123209168517e+00 6.493057353940690949e-13
6.180515759312320334e+00 6.038139386518082902e-13
6.203438395415473039e+00 5.613712905549196650e-13
6.226361031518624856e+00 5.217903774429793434e-13
6.249283667621776672e+00 4.848931709821753359e-13
6.272206303724928489e+00 4.505108410604492976e-13
6.295128939828080306e+00 4.184835281722931499e-13
6.318051575931232122e+00 3.886600835970548397e-13
6.340974212034383939e+00 3.608977846305306420e-13
6.363896848137535756e+00 3.350620311815677168e-13
6.386819484240687572e+00 3.110260291888584406e-13
6.409742120343839389e+00 2.886704655428932739e-13
6.432664756446991206e+00 2.678831785086357885e-13
6.455587392550143022e+00 2.485588270301412200e-13
6.478510028653294839e+00 2.305985617532790852e-13
6.501432664756446655e+00 2.139097001212292134e-13
6.524355300859598472e+00 1.984054074739417854e-13
6.547277936962750289e+00 1.840043857119573021e-13
6.570200573065902105e+00 1.706305707618127574e-13
6.593123209169053922e+00 1.582128397999504361e-13
6.616045845272205739e+00 1.466847289501542271e-13
6.638968481375357555e+00 1.359841619619476598e-13
6.661891117478510260e+00 1.260531902002964002e-13
6.684813753581662077e+00 1.168377441268965057e-13
6.707736389684813894e+00 1.082873963271109566e-13
6.730659025787965710e+00 1.003551360313966698e-13
6.753581661891117527e+00 9.299715499319104095e-14
6.776504297994269344e+00 8.617264451441266617e-14
6.799426934097421160e+00 7.984360335283946396e-14
6.822349570200572977e+00 7.397465620079946358e-14
6.845272206303724793e+00 6.853288239017181333e-14
6.868194842406876610e+00 6.348765445316261959e-14
6.891117478510028427e+00 5.881048615038616315e-14
6.914040114613180243e+00 5.447488956628483950e-14
6.936962750716332060e+00 5.045624086584865131e-14
6.959885386819483877e+00 4.673165430505532558e-14
6.982808022922635693e+00 4.327986408966810139e-14
7.005730659025787510e+00 4.008111368232363035e-14
7.028653295128939327e+00 3.711705216563171382e-14
7.051575931232091143e+00 3.437063727878428490e-14
7.074498567335242960e+00 3.182604475649843644e-14
7.097421203438395665e+00 2.946858361162454291e-14
7.120343839541547482e+00 2.728461701611750130e-14
7.143266475644699298e+00 2.526148844902561132e-14
7.166189111747851115e+00 2.338745279447655343e-14
7.189111747851002931e+00 2.165161208713310240e-14
7.212034383954154748e+00 2.004385561710556113e-14
7.234957020057306565e+00 1.855480412070556363e-14
7.257879656160458381e+00 1.717575779760555714e-14
7.280802292263610198e+00 1.589864790884267724e-14
7.303724928366762015e+00 1.471599172360953248e-14
7.326647564469913831e+00 1.362085059585490152e-14
7.349570200573065648e+00 1.260679096433634445e-14
7.372492836676217465e+00 1.166784808189704798e-14
7.395415472779369281e+00 1.079849229136169743e-14
7.418338108882521098e+00 9.993597676551635903e-15
7.441260744985672915e+00 9.248412927503228613e-15
7.464183381088824731e+00 8.558534269037044471e-15
7.487106017191976548e+00 7.919880311374888677e-15
7.510028653295128365e+00 7.328668690546668247e-15
7.532951289398280181e+00 6.781394374880947810e-15
7.555873925501432886e+00 6.274809521947033337e-15
7.578796561604584703e+00 5.805904777928226301e-15
7.601719197707736519e+00 5.371891918571946657e-15
7.624641833810888336e+00 4.970187737603061938e-15
7.647564469914040153e+00 4.598399094817219450e-15
7.670487106017191969e+00 4.254309042013303661e-15
7.693409742120343786e+00 3.935863950495121547e-15
7.716332378223495603e+00 3.641161569091658912e-15
7.739255014326647419e+00 3.368439946530851220e-15
7.762177650429799236e+00 3.116067156572086865e-15
7.785100286532951053e+00 2.882531768574789851e-15
7.808022922636102869e+00 2.666434010171745954e-15
7.830945558739254686e+00 2.466477572442428773e-15
7.853868194842406503e+00 2.281462011459327034e-15
7.876790830945558319e+00 2.110275703324181000e-15
7.899713467048710136e+00 1.951889312835395235e-15
7.922636103151861953e+00 1.805349738746532846e-15
7.945558739255013769e+00 1.669774501201527152e-15
7.968481375358165586e+00 1.544346539377521269e-15
7.991404011461317403e+00 1.428309389642650390e-15
8.014326647564470107e+00 1.320962716654642825e-15
8.037249283667621924e+00 1.221658171797206136e-15
8.060171919770773741e+00 1.129795555184528124e-15
8.083094555873925557e+00 1.044819259169221610e-15
8.106017191977077374e+00 9.662149728739938947e-16
8.128939828080229191e+00 8.935066287407155149e-16
8.151862464183381007e+00 8.262535734597133007e-16
8.174785100286532824e+00 7.640479469143116363e-16
8.197707736389684641e+00 7.065122539574634218e-16
8.220630372492836457e+00 6.532971149350786332e-16
8.243553008595988274e+00 6.040791818901129932e-16
8.266475644699140091e+00 5.585592083281467631e-16
8.289398280802291907e+00 5.164602613041044856e-16
8.312320916905443724e+00 4.775260654057068343e-16
8.335243553008595541e+00 4.415194689666253665e-16
8.358166189111747357e+00 4.082210235452646298e-16
8.381088825214899174e+00 3.774276683574534727e-16
8.404011461318050991e+00 3.489515119566990741e-16
8.426934097421202807e+00 3.226187040173425854e-16
8.449856733524356400e+00 2.982683905970938058e-16
8.472779369627506441e+00 2.757517467388989867e-16
8.495702005730660034e+00 2.549310807205200960e-16
8.518624641833810074e+00 2.356790046763248460e-16
8.541547277936963667e+00 2.178776667014494702e-16
8.564469914040113707e+00 2.014180399065528043e-16
8.587392550143267300e+00 1.861992642230440733e-16
8.610315186246417340e+00 1.721280370666034739e-16
8.633237822349570934e+00 1.591180492520123115e-16
8.656160458452720974e+00 1.470894628170684295e-16
8.679083094555874567e+00 1.359684276585485737e-16
8.702005730659024607e+00 1.256866341107638579e-16
8.724928366762178200e+00 1.161808988079962722e-16
8.747851002865328240e+00 1.073927813676934350e-16
8.770773638968481833e+00 9.926822961239625798e-17
8.793696275071631874e+00 9.175725121643531248e-17
8.816618911174785467e+00 8.481360981902133805e-17
8.839541547277935507e+00 7.839454378973520548e-17
8.862464183381089100e+00 7.246050596607428555e-17
8.885386819484239140e+00 6.697492280672107151e-17
8.908309455587392733e+00 6.190397151898727546e-17
8.931232091690544550e+00 5.721637382537929122e-17
8.954154727793696367e+00 5.288320513280062093e-17
8.977077363896848183e+00 4.887771795933209449e-17
9.000000000000000000e+00 4.517517855817557849e-17
