# log10(T) rate(cm^3/s)
# Total Recomb Rates
1.000000000000000000e+00 3.426022101334110570e-10
1.022922636103151817e+00 3.329913704428361115e-10
1.045845272206303633e+00 3.236364080486627001e-10
1.068767908309455672e+00 3.145307246951135533e-10
1.091690544412607489e+00 3.056678930927429553e-10
1.114613180515759305e+00 2.970416523933987627e-10
1.137535816618911122e+00 2.886459037824350010e-10
1.160458452722062939e+00 2.804747061852461977e-10
1.183381088825214977e+00 2.725222720852866890e-10
1.206303724928366794e+00 2.647829634508151659e-10
1.229226361031518611e+00 2.572512877676816048e-10
1.252148997134670427e+00 2.499218941755493580e-10
1.275071633237822244e+00 2.427895697050204593e-10
1.297994269340974283e+00 2.358492356131982127e-10
1.320916905444126099e+00 2.290959438152957395e-10
1.343839541547277916e+00 2.225248734099647345e-10
1.366762177650429733e+00 2.161313272961048660e-10
1.389684813753581771e+00 2.099107288790391588e-10
1.412607449856733588e+00 2.038586188642252739e-10
1.435530085959885405e+00 1.979706521373987104e-10
1.458452722063037221e+00 1.922425947319487155e-10
1.481375358166189038e+00 1.866703208890285101e-10
1.504297994269340855e+00 1.812498102266614476e-10
1.527220630372492671e+00 1.759771450567886850e-10
1.550143266475644710e+00 1.708485079331305915e-10
1.573065902578796527e+00 1.658601795908197395e-10
1.595988538681948565e+00 1.610085375657184857e-10
1.618911174785100382e+00 1.562900559691747953e-10
1.641833810888252199e+00 1.517013071440127798e-10
1.664756446991404015e+00 1.472389662203286918e-10
1.687679083094555832e+00 1.428998198754081870e-10
1.710601719197707649e+00 1.386807807966941900e-10
1.733524355300859465e+00 1.345789093382562787e-10
1.756446991404011282e+00 1.305914435296932455e-10
1.779369627507163321e+00 1.267158378464055280e-10
1.802292263610315137e+00 1.229498099490250007e-10
1.825214899713467176e+00 1.192913930108758535e-10
1.848137535816618993e+00 1.157389894509612379e-10
1.871060171919770809e+00 1.122914201523132508e-10
1.893982808022922626e+00 1.089479619082915410e-10
1.916905444126074443e+00 1.057083652360755719e-10
1.939828080229226259e+00 1.025728450846455296e-10
1.962750716332378076e+00 9.954203846113402404e-11
1.985673352435529893e+00 9.661692554240811273e-11
2.008595988538681709e+00 9.379871418367957413e-11
2.031518624641833526e+00 9.108869149082897397e-11
2.054441260744985343e+00 8.848804981375676469e-11
2.077363896848137603e+00 8.599769767017640294e-11
2.100286532951289420e+00 8.361806833100787741e-11
2.123209169054441237e+00 8.134893984759998960e-11
2.146131805157593053e+00 7.918928012434158087e-11
2.169054441260744870e+00 7.713712937873961827e-11
2.191977077363897131e+00 7.518953028680790829e-11
2.214899713467048947e+00 7.334251367921720584e-11
2.237822349570200764e+00 7.159114522415426560e-11
2.260744985673352581e+00 6.992963638587518789e-11
2.283667621776504397e+00 6.835152115659757581e-11
2.306590257879656214e+00 6.684989843776715393e-11
2.329512893982808031e+00 6.541773806846115584e-11
2.352435530085959847e+00 6.404824580098984100e-11
2.375358166189111664e+00 6.273527848755968784e-11
2.398280802292263481e+00 6.147379510918653101e-11
2.421203438395415297e+00 6.026032224500319330e-11
2.444126074498567114e+00 5.909340489796473241e-11
2.467048710601718930e+00 5.797400652654262690e-11
2.489971346704870747e+00 5.690581726207657964e-11
2.512893982808022564e+00 5.589542819403255066e-11
2.535816618911174825e+00 5.495233348139088663e-11
2.558739255014326641e+00 5.408873139675994191e-11
2.581661891117478458e+00 5.331910983069014523e-11
2.604584527220630275e+00 5.265961996512869811e-11
2.627507163323782091e+00 5.212726172114046609e-11
2.650429799426934352e+00 5.173892374697491121e-11
2.673352435530086169e+00 5.151033669224656684e-11
2.696275071633237985e+00 5.145500926961233807e-11
2.719197707736389802e+00 5.158322080963252071e-11
2.742120343839541619e+00 5.190114122840824769e-11
2.765042979942693435e+00 5.241014001402180339e-11
2.787965616045845252e+00 5.310633123088019015e-11
2.810888252148997069e+00 5.398038340985754912e-11
2.833810888252148885e+00 5.501760355185756551e-11
2.856733524355300702e+00 5.619828529713878807e-11
2.879656160458452518e+00 5.749829429521321829e-11
2.902578796561604335e+00 5.888985019883689404e-11
2.925501432664756152e+00 6.034245523129890263e-11
2.948424068767907968e+00 6.182391416262652313e-11
2.971346704871059785e+00 6.330138957069454641e-11
2.994269340974212046e+00 6.474243893599708748e-11
3.017191977077363862e+00 6.611598571469077253e-11
3.040114613180515679e+00 6.739318427105588314e-11
3.063037249283667496e+00 6.854814765932708860e-11
3.085959885386819312e+00 6.955851702542242055e-11
3.108882521489971129e+00 7.040586124302397167e-11
3.131805157593122946e+00 7.107590479293351522e-11
3.154727793696275207e+00 7.155859041631270947e-11
3.177650429799427023e+00 7.184799038107810709e-11
3.200573065902578840e+00 7.194208603792889496e-11
3.223495702005730656e+00 7.184243953634804509e-11
3.246418338108882473e+00 7.155378404397868695e-11
3.269340974212034290e+00 7.108355958831473115e-11
3.292263610315186106e+00 7.044142084178935581e-11
3.315186246418337923e+00 6.963874101597060384e-11
3.338108882521489740e+00 6.868813280649058139e-11
3.361031518624641556e+00 6.760300337261472509e-11
3.383954154727793817e+00 6.639715599444639771e-11
3.406876790830945634e+00 6.508444666168443294e-11
3.429799426934097450e+00 6.367849970357643489e-11
3.452722063037249267e+00 6.219248290170109938e-11
3.475644699140401084e+00 6.063893949470057231e-11
3.498567335243552900e+00 5.902967217227739083e-11
3.521489971346704717e+00 5.737567258191965692e-11
3.544412607449856534e+00 5.568708899752084619e-11
3.567335243553008350e+00 5.397322454682392767e-11
3.590257879656160167e+00 5.224255866683859334e-11
3.613180515759312428e+00 5.050278515469384967e-11
3.636103151862464244e+00 4.876086122390539791e-11
3.659025787965616061e+00 4.702306330870960162e-11
3.681948424068767878e+00 4.529504695625733699e-11
3.704871060171919694e+00 4.358190999525283352e-11
3.727793696275071511e+00 4.188826023602997849e-11
3.750716332378223328e+00 4.021829113685462194e-11
3.773638968481375144e+00 3.857587093929542362e-11
3.796561604584526961e+00 3.696465235528793923e-11
3.819484240687678778e+00 3.538821046723781003e-11
3.842406876790831038e+00 3.385021551025986016e-11
3.865329512893982855e+00 3.235464415839505354e-11
3.888252148997134672e+00 3.090602761724771820e-11
3.911174785100286488e+00 2.950972745323073428e-11
3.934097421203438305e+00 2.817222141810273551e-11
3.957020057306590122e+00 2.690137282033390862e-11
3.979942693409741938e+00 2.570664985833915434e-11
4.002865329512893311e+00 2.459925742446438890e-11
4.025787965616045128e+00 2.359214457524724693e-11
4.048710601719197832e+00 2.269985688065382026e-11
4.071633237822349649e+00 2.193821410548778803e-11
4.094555873925501466e+00 2.132380913355411513e-11
4.117478510028653282e+00 2.087334194305219975e-11
4.140401146131805099e+00 2.060282051875210849e-11
4.163323782234956916e+00 2.052667647387648589e-11
4.186246418338108732e+00 2.065685476462022819e-11
4.209169054441260549e+00 2.100194272938893756e-11
4.232091690544412366e+00 2.156640309432207480e-11
4.255014326647564182e+00 2.234996873515709575e-11
4.277936962750716887e+00 2.334724482084251001e-11
4.300859598853868704e+00 2.454754800677438142e-11
4.323782234957020520e+00 2.593499442999075996e-11
4.346704871060172337e+00 2.748883026633148430e-11
4.369627507163324154e+00 2.918398223251864231e-11
4.392550143266475970e+00 3.099179198396789708e-11
4.415472779369627787e+00 3.288088874152173935e-11
4.438395415472779604e+00 3.481814906343613226e-11
4.461318051575931420e+00 3.676969140419685816e-11
4.484240687679083237e+00 3.870185554739473599e-11
4.507163323782235054e+00 4.058212248637897617e-11
4.530085959885386870e+00 4.237993802683991356e-11
4.553008595988538687e+00 4.406741242773664721e-11
4.575931232091690504e+00 4.561987794850118964e-11
4.598853868194842320e+00 4.701629550110328459e-11
4.621776504297994137e+00 4.823951012808441471e-11
4.644699140401145954e+00 4.927636231714022958e-11
4.667621776504297770e+00 5.011766795850815690e-11
4.690544412607449587e+00 5.075808394480158506e-11
4.713467048710601404e+00 5.119587902613161215e-11
4.736389684813753220e+00 5.143263069158363793e-11
4.759312320916905037e+00 5.147286874979502829e-11
4.782234957020056854e+00 5.132368516877540998e-11
4.805157593123208670e+00 5.099432786770723448e-11
4.828080229226360487e+00 5.049579378571860578e-11
4.851002865329512304e+00 4.984043391694731611e-11
4.873925501432664120e+00 4.904158029648316782e-11
4.896848137535815937e+00 4.811320230701769644e-11
4.919770773638967754e+00 4.706959726869979152e-11
4.942693409742119570e+00 4.592511815252227185e-11
4.965616045845272275e+00 4.469393946297381150e-11
4.988538681948424092e+00 4.338986088177405624e-11
5.011461318051575908e+00 4.202614714163656724e-11
5.034383954154727725e+00 4.061540178137504564e-11
5.057306590257879542e+00 3.916947188525608173e-11
5.080229226361031358e+00 3.769938058912150947e-11
5.103151862464183175e+00 3.621528400108735177e-11
5.126074498567334992e+00 3.472644919496644892e-11
5.148997134670486808e+00 3.324125005306744661e-11
5.171919770773638625e+00 3.176717792964497049e-11
5.194842406876790442e+00 3.031086435028387768e-11
5.217765042979942258e+00 2.887811323444349481e-11
5.240687679083094075e+00 2.747394041172421868e-11
5.263610315186245892e+00 2.610261848487861015e-11
5.286532951289397708e+00 2.476772536540702980e-11
5.309455587392550413e+00 2.347219506465341050e-11
5.332378223495702230e+00 2.221836956039311334e-11
5.355300859598854046e+00 2.100805077290081632e-11
5.378223495702005863e+00 1.984255187305045482e-11
5.401146131805157680e+00 1.872274730638752143e-11
5.424068767908309496e+00 1.764912105040731216e-11
5.446991404011461313e+00 1.662181272780061241e-11
5.469914040114613130e+00 1.564066127827074489e-11
5.492836676217764946e+00 1.470524594980893486e-11
5.515759312320916763e+00 1.381492441312357058e-11
5.538681948424068580e+00 1.296886783769673753e-11
5.561604584527220396e+00 1.216609280244135887e-11
5.584527220630372213e+00 1.140548995489927775e-11
5.607449856733524030e+00 1.068584938482941286e-11
5.630372492836675846e+00 1.000588274218169014e-11
5.653295128939827663e+00 9.364242203650362734e-12
5.676217765042979480e+00 8.759536470962446247e-12
5.699140401146131296e+00 8.190344060389539885e-12
5.722063037249283113e+00 7.655224208553916892e-12
5.744985673352435818e+00 7.152725767059120183e-12
5.767908309455587634e+00 6.681394482453904059e-12
5.790830945558739451e+00 6.239779056031594385e-12
5.813753581661891268e+00 5.826436350619177277e-12
5.836676217765043084e+00 5.439936062364339240e-12
5.859598853868194901e+00 5.078865110357514722e-12
5.882521489971346718e+00 4.741831922789525917e-12
5.905444126074498534e+00 4.427470722586407263e-12
5.928366762177650351e+00 4.134445844793755563e-12
5.951289398280802168e+00 3.861456057789043374e-12
5.974212034383953984e+00 3.607238814325869135e-12
5.997134670487105801e+00 3.370574328231330089e-12
6.020057306590257618e+00 3.150289358304958304e-12
6.042979942693409434e+00 2.945260581170481251e-12
6.065902578796561251e+00 2.754417447028467985e-12
6.088825214899713067e+00 2.576744433360034868e-12
6.111747851002864884e+00 2.411282638355019308e-12
6.134670487106016701e+00 2.257130685047313850e-12
6.157593123209168517e+00 2.113444936101525514e-12
6.180515759312320334e+00 1.979439045732972404e-12
6.203438395415473039e+00 1.854382897805610275e-12
6.226361031518624856e+00 1.737600996805652596e-12
6.249283667621776672e+00 1.628470390753914312e-12
6.272206303724928489e+00 1.526418212279222193e-12
6.295128939828080306e+00 1.430918926458439489e-12
6.318051575931232122e+00 1.341491372301632190e-12
6.340974212034383939e+00 1.257695679720336367e-12
6.363896848137535756e+00 1.179130136303215989e-12
6.386819484240687572e+00 1.105428069051714898e-12
6.409742120343839389e+00 1.036254796139122673e-12
6.432664756446991206e+00 9.713046933850505740e-13
6.455587392550143022e+00 9.102984099982166337e-13
6.478510028653294839e+00 8.529802586248427209e-13
6.501432664756446655e+00 7.991157961219303364e-13
6.524355300859598472e+00 7.484896039235948657e-13
6.547277936962750289e+00 7.009032704651437944e-13
6.570200573065902105e+00 6.561735728828780377e-13
6.593123209169053922e+00 6.141308510723998959e-13
6.616045845272205739e+00 5.746175640806729183e-13
6.638968481375357555e+00 5.374870166184246889e-13
6.661891117478510260e+00 5.026022420876955204e-13
6.684813753581662077e+00 4.698350277981450163e-13
6.707736389684813894e+00 4.390650678717202314e-13
6.730659025787965710e+00 4.101792295927846742e-13
6.753581661891117527e+00 3.830709195448567305e-13
6.776504297994269344e+00 3.576395366937787168e-13
6.799426934097421160e+00 3.337900005516208046e-13
6.822349570200572977e+00 3.114323436205694145e-13
6.845272206303724793e+00 2.904813584185936893e-13
6.868194842406876610e+00 2.708562904874444164e-13
6.891117478510028427e+00 2.524805698473003954e-13
6.914040114613180243e+00 2.352815743686529672e-13
6.936962750716332060e+00 2.191904194657086975e-13
6.959885386819483877e+00 2.041417693675934600e-13
6.982808022922635693e+00 1.900736659896954074e-13
7.005730659025787510e+00 1.769273721070267436e-13
7.028653295128939327e+00 1.646472261267723126e-13
7.051575931232091143e+00 1.531805062724550698e-13
7.074498567335242960e+00 1.424773024329692319e-13
7.097421203438395665e+00 1.324903943025041921e-13
7.120343839541547482e+00 1.231751347488936941e-13
7.143266475644699298e+00 1.144893376050248980e-13
7.166189111747851115e+00 1.063931692873679472e-13
7.189111747851002931e+00 9.884904381375790292e-14
7.212034383954154748e+00 9.182152092526649002e-14
7.234957020057306565e+00 8.527720711973221806e-14
7.257879656160458381e+00 7.918465948217866702e-14
7.280802292263610198e+00 7.351429225428299334e-14
7.303724928366762015e+00 6.823828612507366998e-14
7.326647564469913831e+00 6.333050025144489959e-14
7.349570200573065648e+00 5.876638703271318979e-14
7.372492836676217465e+00 5.452290967071786260e-14
7.395415472779369281e+00 5.057846254790188066e-14
7.418338108882521098e+00 4.691279445208095117e-14
7.441260744985672915e+00 4.350693466959213394e-14
7.464183381088824731e+00 4.034312195932255893e-14
7.487106017191976548e+00 3.740473640964146698e-14
7.510028653295128365e+00 3.467623416919296834e-14
7.532951289398280181e+00 3.214308503138610193e-14
7.555873925501432886e+00 2.979171284164603023e-14
7.578796561604584703e+00 2.760943868635493592e-14
7.601719197707736519e+00 2.558442681311034569e-14
7.624641833810888336e+00 2.370563322359823244e-14
7.647564469914040153e+00 2.196275687307447742e-14
7.670487106017191969e+00 2.034619340420922331e-14
7.693409742120343786e+00 1.884699133785550249e-14
7.716332378223495603e+00 1.745681063912558441e-14
7.739255014326647419e+00 1.616788357394006015e-14
7.762177650429799236e+00 1.497297776889157489e-14
7.785100286532951053e+00 1.386536138576155833e-14
7.808022922636102869e+00 1.283877032126815002e-14
7.830945558739254686e+00 1.188737734252642722e-14
7.853868194842406503e+00 1.100576306919029682e-14
7.876790830945558319e+00 1.018888871424338696e-14
7.899713467048710136e+00 9.432070496841751343e-15
7.922636103151861953e+00 8.730955642417337411e-15
7.945558739255013769e+00 8.081499887364904902e-15
7.968481375358165586e+00 7.479946407999830796e-15
7.991404011461317403e+00 6.922806096037996675e-15
8.014326647564470107e+00 6.406839105565152531e-15
8.037249283667621924e+00 5.929037599290542912e-15
8.060171919770773741e+00 5.486609624781196308e-15
8.083094555873925557e+00 5.076964054318217127e-15
8.106017191977077374e+00 4.697696524975171024e-15
8.128939828080229191e+00 4.346576318469357004e-15
8.151862464183381007e+00 4.021534123257914818e-15
8.174785100286532824e+00 3.720650624225868812e-15
8.197707736389684641e+00 3.442145868128301764e-15
8.220630372492836457e+00 3.184369355692360961e-15
8.243553008595988274e+00 2.945790813947709981e-15
8.266475644699140091e+00 2.724991604929246905e-15
8.289398280802291907e+00 2.520656729378179621e-15
8.312320916905443724e+00 2.331567386453093045e-15
8.335243553008595541e+00 2.156594052749183671e-15
8.358166189111747357e+00 1.994690046110101304e-15
8.381088825214899174e+00 1.844885541802539183e-15
8.404011461318050991e+00 1.706282010609552252e-15
8.426934097421202807e+00 1.578047050285712416e-15
8.449856733524356400e+00 1.459409583607489181e-15
8.472779369627506441e+00 1.349655397948117136e-15
8.495702005730660034e+00 1.248123002909797963e-15
8.518624641833810074e+00 1.154199784061615381e-15
8.541547277936963667e+00 1.067318432259796432e-15
8.564469914040113707e+00 9.869536293746095445e-16
8.587392550143267300e+00 9.126189725147294279e-16
8.610315186246417340e+00 8.438641200327324201e-16
8.633237822349570934e+00 7.802721437142773850e-16
8.656160458452720974e+00 7.214570726053139439e-16
8.679083094555874567e+00 6.670616149166934697e-16
8.702005730659024607e+00 6.167550453700046489e-16
8.724928366762178200e+00 5.702312462129937176e-16
8.747851002865328240e+00 5.272068909431654604e-16
8.770773638968481833e+00 4.874197605349459897e-16
8.793696275071631874e+00 4.506271826741567257e-16
8.816618911174785467e+00 4.166045851644646974e-16
8.839541547277935507e+00 3.851441552884484928e-16
8.862464183381089100e+00 3.560535974819172673e-16
8.885386819484239140e+00 3.291549822181976093e-16
8.908309455587392733e+00 3.042836795001936203e-16
8.931232091690544550e+00 2.812873708257273942e-16
8.954154727793696367e+00 2.600251339269142809e-16
8.977077363896848183e+00 2.403665949901906337e-16
9.000000000000000000e+00 2.221911434412118949e-16
