# log10(T) rate(cm^3/s)
# Total Recomb Rates
1.000000000000000000e+00 9.914934279295266360e-10
1.022922636103151817e+00 9.642783693463598958e-10
1.045845272206303633e+00 9.377801391409692583e-10
1.068767908309455672e+00 9.119801968483010902e-10
1.091690544412607489e+00 8.868604851150541702e-10
1.114613180515759305e+00 8.624034170271077853e-10
1.137535816618911122e+00 8.385918637637508963e-10
1.160458452722062939e+00 8.154091425702403885e-10
1.183381088825214977e+00 7.928390050404473094e-10
1.206303724928366794e+00 7.708656257015784040e-10
1.229226361031518611e+00 7.494735908931773881e-10
1.252148997134670427e+00 7.286478879328270224e-10
1.275071633237822244e+00 7.083738945611812910e-10
1.297994269340974283e+00 6.886373686591633688e-10
1.320916905444126099e+00 6.694244382303579001e-10
1.343839541547277916e+00 6.507215916418287698e-10
1.366762177650429733e+00 6.325156681167742865e-10
1.389684813753581771e+00 6.147938484726257751e-10
1.412607449856733588e+00 5.975436460983620468e-10
1.435530085959885405e+00 5.807528981649991549e-10
1.458452722063037221e+00 5.644097570633798721e-10
1.481375358166189038e+00 5.485026820635509971e-10
1.504297994269340855e+00 5.330204311901800753e-10
1.527220630372492671e+00 5.179520533086220379e-10
1.550143266475644710e+00 5.032868804163912269e-10
1.573065902578796527e+00 4.890145201349515425e-10
1.595988538681948565e+00 4.751248483968684530e-10
1.618911174785100382e+00 4.616080023235213942e-10
1.641833810888252199e+00 4.484543732886919765e-10
1.664756446991404015e+00 4.356546001634897750e-10
1.687679083094555832e+00 4.231995627381923564e-10
1.710601719197707649e+00 4.110803753167047160e-10
1.733524355300859465e+00 3.992883804794563658e-10
1.756446991404011282e+00 3.878151430106732204e-10
1.779369627507163321e+00 3.766524439860649810e-10
1.802292263610315137e+00 3.657922750170802836e-10
1.825214899713467176e+00 3.552268326479774687e-10
1.848137535816618993e+00 3.449485129020627424e-10
1.871060171919770809e+00 3.349499059735347196e-10
1.893982808022922626e+00 3.252237910614693036e-10
1.916905444126074443e+00 3.157631313425628741e-10
1.939828080229226259e+00 3.065610690793335895e-10
1.962750716332378076e+00 2.976109208605610547e-10
1.985673352435529893e+00 2.889061729708192086e-10
2.008595988538681709e+00 2.804404768860292462e-10
2.031518624641833526e+00 2.722076448920266028e-10
2.054441260744985343e+00 2.642016458232064386e-10
2.077363896848137603e+00 2.564166009183656753e-10
2.100286532951289420e+00 2.488467797909303599e-10
2.123209169054441237e+00 2.414865965108016421e-10
2.146131805157593053e+00 2.343306057951178129e-10
2.169054441260744870e+00 2.273734993052752406e-10
2.191977077363897131e+00 2.206101020476003882e-10
2.214899713467048947e+00 2.140353688751174931e-10
2.237822349570200764e+00 2.076443810878888791e-10
2.260744985673352581e+00 2.014323431294647628e-10
2.283667621776504397e+00 1.953945793770025797e-10
2.306590257879656214e+00 1.895265310226694643e-10
2.329512893982808031e+00 1.838237530439697482e-10
2.352435530085959847e+00 1.782819112606821978e-10
2.375358166189111664e+00 1.728967794761232224e-10
2.398280802292263481e+00 1.676642367004894831e-10
2.421203438395415297e+00 1.625802644540659787e-10
2.444126074498567114e+00 1.576409441481187733e-10
2.467048710601718930e+00 1.528424545413252623e-10
2.489971346704870747e+00 1.481810692696265410e-10
2.512893982808022564e+00 1.436531544474181817e-10
2.535816618911174825e+00 1.392551663380298198e-10
2.558739255014326641e+00 1.349836490914742997e-10
2.581661891117478458e+00 1.308352325474792833e-10
2.604584527220630275e+00 1.268066301018497723e-10
2.627507163323782091e+00 1.228946366342395351e-10
2.650429799426934352e+00 1.190961264954449015e-10
2.673352435530086169e+00 1.154080515523676753e-10
2.696275071633237985e+00 1.118274392888291148e-10
2.719197707736389802e+00 1.083513909604511776e-10
2.742120343839541619e+00 1.049770798018572498e-10
2.765042979942693435e+00 1.017017492844813616e-10
2.787965616045845252e+00 9.852271142331192143e-11
2.810888252148997069e+00 9.543734513093238453e-11
2.833810888252148885e+00 9.244309461726212431e-11
2.856733524355300702e+00 8.953746783343723873e-11
2.879656160458452518e+00 8.671803495831146257e-11
2.902578796561604335e+00 8.398242692609885923e-11
2.925501432664756152e+00 8.132833399371709770e-11
2.948424068767907968e+00 7.875350434643536986e-11
2.971346704871059785e+00 7.625574274046792922e-11
2.994269340974212046e+00 7.383290918119995962e-11
3.017191977077363862e+00 7.148291763577075264e-11
3.040114613180515679e+00 6.920373477878324537e-11
3.063037249283667496e+00 6.699337876995032968e-11
3.085959885386819312e+00 6.484991806253015503e-11
3.108882521489971129e+00 6.277147024144410969e-11
3.131805157593122946e+00 6.075620089001328657e-11
3.154727793696275207e+00 5.880232248429023713e-11
3.177650429799427023e+00 5.690809331400317418e-11
3.200573065902578840e+00 5.507181642917076203e-11
3.223495702005730656e+00 5.329183861148494321e-11
3.246418338108882473e+00 5.156654936959837355e-11
3.269340974212034290e+00 4.989437995749145014e-11
3.292263610315186106e+00 4.827380241513169524e-11
3.315186246418337923e+00 4.670332863067406065e-11
3.338108882521489740e+00 4.518150942348793391e-11
3.361031518624641556e+00 4.370693364732956607e-11
3.383954154727793817e+00 4.227822731301424193e-11
3.406876790830945634e+00 4.089405272997352660e-11
3.429799426934097450e+00 3.955310766611525299e-11
3.452722063037249267e+00 3.825412452543443700e-11
3.475644699140401084e+00 3.699586954285188330e-11
3.498567335243552900e+00 3.577714199578556921e-11
3.521489971346704717e+00 3.459677343198657079e-11
3.544412607449856534e+00 3.345362691319693777e-11
3.567335243553008350e+00 3.234659627421113202e-11
3.590257879656160167e+00 3.127460539694557251e-11
3.613180515759312428e+00 3.023660749914312501e-11
3.636103151862464244e+00 2.923158443735953062e-11
3.659025787965616061e+00 2.825854602389852936e-11
3.681948424068767878e+00 2.731652935738083623e-11
3.704871060171919694e+00 2.640459816664882952e-11
3.727793696275071511e+00 2.552184216772546741e-11
3.750716332378223328e+00 2.466737643356026336e-11
3.773638968481375144e+00 2.384034077630965210e-11
3.796561604584526961e+00 2.303989914191146963e-11
3.819484240687678778e+00 2.226523901672548776e-11
3.842406876790831038e+00 2.151557084602286822e-11
3.865329512893982855e+00 2.079012746411733413e-11
3.888252148997134672e+00 2.008816353594025273e-11
3.911174785100286488e+00 1.940895500987005646e-11
3.934097421203438305e+00 1.875179858163443615e-11
3.957020057306590122e+00 1.811601116911002485e-11
3.979942693409741938e+00 1.750092939785127021e-11
4.002865329512893311e+00 1.690590909718518525e-11
4.025787965616045128e+00 1.633032480671406365e-11
4.048710601719197832e+00 1.577356929307253343e-11
4.071633237822349649e+00 1.523505307678930996e-11
4.094555873925501466e+00 1.471420396910732801e-11
4.117478510028653282e+00 1.421046661861935231e-11
4.140401146131805099e+00 1.372330206757846071e-11
4.163323782234956916e+00 1.325218731774505691e-11
4.186246418338108732e+00 1.279661490563439682e-11
4.209169054441260549e+00 1.235609248702988508e-11
4.232091690544412366e+00 1.193014243062899161e-11
4.255014326647564182e+00 1.151830142068986426e-11
4.277936962750716887e+00 1.112012006854755190e-11
4.300859598853868704e+00 1.073516253286962986e-11
4.323782234957020520e+00 1.036300614852166071e-11
4.346704871060172337e+00 1.000324106391349405e-11
4.369627507163324154e+00 9.655469886697794536e-12
4.392550143266475970e+00 9.319307337692393282e-12
4.415472779369627787e+00 8.994379912898599920e-12
4.438395415472779604e+00 8.680325553487590450e-12
4.461318051575931420e+00 8.376793323627291143e-12
4.484240687679083237e+00 8.083443096022275750e-12
4.507163323782235054e+00 7.799945245039446924e-12
4.530085959885386870e+00 7.525980347292311514e-12
4.553008595988538687e+00 7.261238889556921141e-12
4.575931232091690504e+00 7.005420983892772398e-12
4.598853868194842320e+00 6.758236089842031296e-12
4.621776504297994137e+00 6.519402743580949847e-12
4.644699140401145954e+00 6.288648293897492091e-12
4.667621776504297770e+00 6.065708644869539113e-12
4.690544412607449587e+00 5.850328005118620116e-12
4.713467048710601404e+00 5.642258643514376771e-12
4.736389684813753220e+00 5.441260651205675673e-12
4.759312320916905037e+00 5.247101709854790206e-12
4.782234957020056854e+00 5.059556865951680613e-12
4.805157593123208670e+00 4.878408311086292844e-12
4.828080229226360487e+00 4.703445168057358168e-12
4.851002865329512304e+00 4.534463282697178051e-12
4.873925501432664120e+00 4.371265021292716413e-12
4.896848137535815937e+00 4.213659073484302106e-12
4.919770773638967754e+00 4.061460260524257390e-12
4.942693409742119570e+00 3.914489348778896676e-12
4.965616045845272275e+00 3.772572868358419836e-12
4.988538681948424092e+00 3.635542936760639226e-12
5.011461318051575908e+00 3.503237087415900470e-12
5.034383954154727725e+00 3.375498103023347178e-12
5.057306590257879542e+00 3.252173853573894892e-12
5.080229226361031358e+00 3.133117138968654983e-12
5.103151862464183175e+00 3.018185536174796413e-12
5.126074498567334992e+00 2.907241250941018067e-12
5.148997134670486808e+00 2.800150974276800692e-12
5.171919770773638625e+00 2.696785744286877406e-12
5.194842406876790442e+00 2.597020814728278601e-12
5.217765042979942258e+00 2.500735533126602755e-12
5.240687679083094075e+00 2.407813233933214028e-12
5.263610315186245892e+00 2.318141156748787200e-12
5.286532951289397708e+00 2.231610407096717556e-12
5.309455587392550413e+00 2.148115988906190123e-12
5.332378223495702230e+00 2.067556955198400791e-12
5.355300859598854046e+00 1.989836747625382235e-12
5.378223495702005863e+00 1.914863826615721599e-12
5.401146131805157680e+00 1.842552729925064485e-12
5.424068767908309496e+00 1.772825733020986007e-12
5.446991404011461313e+00 1.705615310425256012e-12
5.469914040114613130e+00 1.640867599372529467e-12
5.492836676217764946e+00 1.578547030192293760e-12
5.515759312320916763e+00 1.518642197314486386e-12
5.538681948424068580e+00 1.461172892647822201e-12
5.561604584527220396e+00 1.406198012528469341e-12
5.584527220630372213e+00 1.353823798617195297e-12
5.607449856733524030e+00 1.304211615484264364e-12
5.630372492836675846e+00 1.257584248282105416e-12
5.653295128939827663e+00 1.214229572111977574e-12
5.676217765042979480e+00 1.174500443785182588e-12
5.699140401146131296e+00 1.138809823912624002e-12
5.722063037249283113e+00 1.107620456021367704e-12
5.744985673352435818e+00 1.081428885965803451e-12
5.767908309455587634e+00 1.060744150642768161e-12
5.790830945558739451e+00 1.046062033710170093e-12
5.813753581661891268e+00 1.037836304639198070e-12
5.836676217765043084e+00 1.036448758186088905e-12
5.859598853868194901e+00 1.042180102332787829e-12
5.882521489971346718e+00 1.055183775355295188e-12
5.905444126074498534e+00 1.075464604837516177e-12
5.928366762177650351e+00 1.102863876158916614e-12
5.951289398280802168e+00 1.137051898251633589e-12
5.974212034383953984e+00 1.177528595752697490e-12
5.997134670487105801e+00 1.223632078703242057e-12
6.020057306590257618e+00 1.274554599614082163e-12
6.042979942693409434e+00 1.329364849097557942e-12
6.065902578796561251e+00 1.387035197614549418e-12
6.088825214899713067e+00 1.446472279079540575e-12
6.111747851002864884e+00 1.506549234177033162e-12
6.134670487106016701e+00 1.566137976742678579e-12
6.157593123209168517e+00 1.624139995548515199e-12
6.180515759312320334e+00 1.679514430645895128e-12
6.203438395415473039e+00 1.731302440151928420e-12
6.226361031518624856e+00 1.778647172857758405e-12
6.249283667621776672e+00 1.820808960167460129e-12
6.272206303724928489e+00 1.857175618043320038e-12
6.295128939828080306e+00 1.887267991478007637e-12
6.318051575931232122e+00 1.910741071492683732e-12
6.340974212034383939e+00 1.927381163621791486e-12
6.363896848137535756e+00 1.937099687283048980e-12
6.386819484240687572e+00 1.939924240560053803e-12
6.409742120343839389e+00 1.935987580218058390e-12
6.432664756446991206e+00 1.925515149054268094e-12
6.455587392550143022e+00 1.908811739337778848e-12
6.478510028653294839e+00 1.886247819436066062e-12
6.501432664756446655e+00 1.858245977532565495e-12
6.524355300859598472e+00 1.825267857545758367e-12
6.547277936962750289e+00 1.787801882882231106e-12
6.570200573065902105e+00 1.746351987343073035e-12
6.593123209169053922e+00 1.701427502164907481e-12
6.616045845272205739e+00 1.653534285677490056e-12
6.638968481375357555e+00 1.603167128443582052e-12
6.661891117478510260e+00 1.550803422384650363e-12
6.684813753581662077e+00 1.496898047132802467e-12
6.707736389684813894e+00 1.441879400144126900e-12
6.730659025787965710e+00 1.386146478158947113e-12
6.753581661891117527e+00 1.330066905442926013e-12
6.776504297994269344e+00 1.273975797863572201e-12
6.799426934097421160e+00 1.218175350221508009e-12
6.822349570200572977e+00 1.162935036384091402e-12
6.845272206303724793e+00 1.108492316760039707e-12
6.868194842406876610e+00 1.055053754707598741e-12
6.891117478510028427e+00 1.002796451895676122e-12
6.914040114613180243e+00 9.518697218593966627e-13
6.936962750716332060e+00 9.023969305387203135e-13
6.959885386819483877e+00 8.544774420910471236e-13
6.982808022922635693e+00 8.081886174454678375e-13
7.005730659025787510e+00 7.635878217147807452e-13
7.028653295128939327e+00 7.207144045648044712e-13
7.051575931232091143e+00 6.795916248765935426e-13
7.074498567335242960e+00 6.402284974873474388e-13
7.097421203438395665e+00 6.026215454556653997e-13
7.120343839541547482e+00 5.667564461875754183e-13
7.143266475644699298e+00 5.326095639211193542e-13
7.166189111747851115e+00 5.001493645515053390e-13
7.189111747851002931e+00 4.693377116455508915e-13
7.212034383954154748e+00 4.401310448070546403e-13
7.234957020057306565e+00 4.124814433779891518e-13
7.257879656160458381e+00 3.863375798569135102e-13
7.280802292263610198e+00 3.616455684454953442e-13
7.303724928366762015e+00 3.383497148522056591e-13
7.326647564469913831e+00 3.163931739400004507e-13
7.349570200573065648e+00 2.957185220479853886e-13
7.372492836676217465e+00 2.762682508863386602e-13
7.395415472779369281e+00 2.579851898348206190e-13
7.418338108882521098e+00 2.408128632988501282e-13
7.441260744985672915e+00 2.246957895197764987e-13
7.464183381088824731e+00 2.095797269198992217e-13
7.487106017191976548e+00 1.954118737065786306e-13
7.510028653295128365e+00 1.821410260787549745e-13
7.532951289398280181e+00 1.697176999857673013e-13
7.555873925501432886e+00 1.580942209924633890e-13
7.578796561604584703e+00 1.472247864139787155e-13
7.601719197707736519e+00 1.370655035041576205e-13
7.624641833810888336e+00 1.275744071178236349e-13
7.647564469914040153e+00 1.187114599220353704e-13
7.670487106017191969e+00 1.104385379072078494e-13
7.693409742120343786e+00 1.027194036467029984e-13
7.716332378223495603e+00 9.551966947374657576e-14
7.739255014326647419e+00 8.880675248728039732e-14
7.762177650429799236e+00 8.254982306320159142e-14
7.785100286532951053e+00 7.671974833362241122e-14
7.808022922636102869e+00 7.128903190335448184e-14
7.830945558739254686e+00 6.623175089866284537e-14
7.853868194842406503e+00 6.152349128723149613e-14
7.876790830945558319e+00 5.714128226897759315e-14
7.899713467048710136e+00 5.306353041355602420e-14
7.922636103151861953e+00 4.926995411084990443e-14
7.945558739255013769e+00 4.574151880420343629e-14
7.968481375358165586e+00 4.246037339143803694e-14
7.991404011461317403e+00 3.940978810467014148e-14
8.014326647564470107e+00 3.657409411555653931e-14
8.037249283667621924e+00 3.393862505684090546e-14
8.060171919770773741e+00 3.148966060303820438e-14
8.083094555873925557e+00 2.921437221193209968e-14
8.106017191977077374e+00 2.710077109348664311e-14
8.128939828080229191e+00 2.513765844308892944e-14
8.151862464183381007e+00 2.331457795109436609e-14
8.174785100286532824e+00 2.162177057986244494e-14
8.197707736389684641e+00 2.005013158232373374e-14
8.220630372492836457e+00 1.859116972214006956e-14
8.243553008595988274e+00 1.723696864428860205e-14
8.266475644699140091e+00 1.598015033604408017e-14
8.289398280802291907e+00 1.481384061151989517e-14
8.312320916905443724e+00 1.373163654786307111e-14
8.335243553008595541e+00 1.272757579762332696e-14
8.358166189111747357e+00 1.179610769950229298e-14
8.381088825214899174e+00 1.093206610843695187e-14
8.404011461318050991e+00 1.013064386560632339e-14
8.426934097421202807e+00 9.387368829319727716e-15
8.449856733524356400e+00 8.698081388716633819e-15
8.472779369627506441e+00 8.058913383668341278e-15
8.495702005730660034e+00 7.466268356118638718e-15
8.518624641833810074e+00 6.916803060257212182e-15
8.541547277936963667e+00 6.407410161299288316e-15
8.564469914040113707e+00 5.935202055205722608e-15
8.587392550143267300e+00 5.497495744344753859e-15
8.610315186246417340e+00 5.091798706848355397e-15
8.633237822349570934e+00 4.715795700194547906e-15
8.656160458452720974e+00 4.367336442341174625e-15
8.679083094555874567e+00 4.044424116503219818e-15
8.702005730659024607e+00 3.745204648401012223e-15
8.724928366762178200e+00 3.467956707478600031e-15
8.747851002865328240e+00 3.211082386201656504e-15
8.770773638968481833e+00 2.973098514068929171e-15
8.793696275071631874e+00 2.752628565415484148e-15
8.816618911174785467e+00 2.548395122432688713e-15
8.839541547277935507e+00 2.359212857086295515e-15
8.862464183381089100e+00 2.183981997767814014e-15
8.885386819484239140e+00 2.021682248574145092e-15
8.908309455587392733e+00 1.871367131067612400e-15
8.931232091690544550e+00 1.732158720232007307e-15
8.954154727793696367e+00 1.603242748104536745e-15
8.977077363896848183e+00 1.483864050236986119e-15
9.000000000000000000e+00 1.373322331719811213e-15
