# log10(T) rate(cm^3/s)
# Total Recomb Rates
1.000000000000000000e+00 3.533004226291610787e-11
1.022922636103151817e+00 3.425946215623104284e-11
1.045845272206303633e+00 3.321953535003654557e-11
1.068767908309455672e+00 3.220944437899868582e-11
1.091690544412607489e+00 3.122839212136874819e-11
1.114613180515759305e+00 3.027560129502502066e-11
1.137535816618911122e+00 2.935031396781556666e-11
1.160458452722062939e+00 2.845179108175532889e-11
1.183381088825214977e+00 2.757931199063951462e-11
1.206303724928366794e+00 2.673217401064502837e-11
1.229226361031518611e+00 2.590969198350044237e-11
1.252148997134670427e+00 2.511119785181472384e-11
1.275071633237822244e+00 2.433604024616417641e-11
1.297994269340974283e+00 2.358358408354718244e-11
1.320916905444126099e+00 2.285321017682544849e-11
1.343839541547277916e+00 2.214431485478089568e-11
1.366762177650429733e+00 2.145630959242709531e-11
1.389684813753581771e+00 2.078862065122398850e-11
1.412607449856733588e+00 2.014068872885515961e-11
1.435530085959885405e+00 1.951196861823664549e-11
1.458452722063037221e+00 1.890192887543691310e-11
1.481375358166189038e+00 1.831005149619741839e-11
1.504297994269340855e+00 1.773583160075378376e-11
1.527220630372492671e+00 1.717877712666751209e-11
1.550143266475644710e+00 1.663840852938836596e-11
1.573065902578796527e+00 1.611425849027798065e-11
1.595988538681948565e+00 1.560587163183467892e-11
1.618911174785100382e+00 1.511280423986996657e-11
1.641833810888252199e+00 1.463462399239663253e-11
1.664756446991404015e+00 1.417090969499814837e-11
1.687679083094555832e+00 1.372125102245864075e-11
1.710601719197707649e+00 1.328524826644182578e-11
1.733524355300859465e+00 1.286251208901678215e-11
1.756446991404011282e+00 1.245266328183702888e-11
1.779369627507163321e+00 1.205533253078829280e-11
1.802292263610315137e+00 1.167016018592894747e-11
1.825214899713467176e+00 1.129679603655496051e-11
1.848137535816618993e+00 1.093489909122968394e-11
1.871060171919770809e+00 1.058413736262618449e-11
1.893982808022922626e+00 1.024418765703743015e-11
1.916905444126074443e+00 9.914735368416809156e-12
1.939828080229226259e+00 9.595474276818396786e-12
1.962750716332378076e+00 9.286106351112930129e-12
1.985673352435529893e+00 8.986341555861859781e-12
2.008595988538681709e+00 8.695897662237901277e-12
2.031518624641833526e+00 8.414500062886131159e-12
2.054441260744985343e+00 8.141881590625367594e-12
2.077363896848137603e+00 7.877782340894554676e-12
2.100286532951289420e+00 7.621949497853931160e-12
2.123209169054441237e+00 7.374137164055241216e-12
2.146131805157593053e+00 7.134106193599770799e-12
2.169054441260744870e+00 6.901624028706980563e-12
2.191977077363897131e+00 6.676464539620339975e-12
2.214899713467048947e+00 6.458407867780646836e-12
2.237822349570200764e+00 6.247240272200295037e-12
2.260744985673352581e+00 6.042753978975280731e-12
2.283667621776504397e+00 5.844747033874421348e-12
2.306590257879656214e+00 5.653023157948054459e-12
2.329512893982808031e+00 5.467391606100900401e-12
2.352435530085959847e+00 5.287667028576048125e-12
2.375358166189111664e+00 5.113669335299104611e-12
2.398280802292263481e+00 4.945223563033473175e-12
2.421203438395415297e+00 4.782159745299423131e-12
2.444126074498567114e+00 4.624312785011251539e-12
2.467048710601718930e+00 4.471522329788227916e-12
2.489971346704870747e+00 4.323632649896335186e-12
2.512893982808022564e+00 4.180492518778984978e-12
2.535816618911174825e+00 4.041955096135975891e-12
2.558739255014326641e+00 3.907877813510839805e-12
2.581661891117478458e+00 3.778122262347619593e-12
2.604584527220630275e+00 3.652554084478903514e-12
2.627507163323782091e+00 3.531042865007526440e-12
2.650429799426934352e+00 3.413462027545013647e-12
2.673352435530086169e+00 3.299688731770374480e-12
2.696275071633237985e+00 3.189603773273242920e-12
2.719197707736389802e+00 3.083091485645901307e-12
2.742120343839541619e+00 2.980039644788950450e-12
2.765042979942693435e+00 2.880339375395821540e-12
2.787965616045845252e+00 2.783885059581547404e-12
2.810888252148997069e+00 2.690574247621497023e-12
2.833810888252148885e+00 2.600307570765983207e-12
2.856733524355300702e+00 2.512988656096889606e-12
2.879656160458452518e+00 2.428524043392617129e-12
2.902578796561604335e+00 2.346823103967859446e-12
2.925501432664756152e+00 2.267797961454848133e-12
2.948424068767907968e+00 2.191363414492901062e-12
2.971346704871059785e+00 2.117436861293219539e-12
2.994269340974212046e+00 2.045938226046086055e-12
3.017191977077363862e+00 1.976789887137704622e-12
3.040114613180515679e+00 1.909916607144113846e-12
3.063037249283667496e+00 1.845245464569775372e-12
3.085959885386819312e+00 1.782705787298573620e-12
3.108882521489971129e+00 1.722229087725139238e-12
3.131805157593122946e+00 1.663748999534616275e-12
3.154727793696275207e+00 1.607201216099148018e-12
3.177650429799427023e+00 1.552523430459582168e-12
3.200573065902578840e+00 1.499655276861077813e-12
3.223495702005730656e+00 1.448538273811562209e-12
3.246418338108882473e+00 1.399115768632168547e-12
3.269340974212034290e+00 1.351332883469062148e-12
3.292263610315186106e+00 1.305136462736312746e-12
3.315186246418337923e+00 1.260475021959733053e-12
3.338108882521489740e+00 1.217298697991883889e-12
3.361031518624641556e+00 1.175559200568744261e-12
3.383954154727793817e+00 1.135209765178838985e-12
3.406876790830945634e+00 1.096205107215940800e-12
3.429799426934097450e+00 1.058501377386763185e-12
3.452722063037249267e+00 1.022056118345425851e-12
3.475644699140401084e+00 9.868282225267977544e-13
3.498567335243552900e+00 9.527778911511720912e-13
3.521489971346704717e+00 9.198665943731043410e-13
3.544412607449856534e+00 8.880570325475909742e-13
3.567335243553008350e+00 8.573130985871706483e-13
3.590257879656160167e+00 8.275998413838763517e-13
3.613180515759312428e+00 7.988834302703914540e-13
3.636103151862464244e+00 7.711311204951303694e-13
3.659025787965616061e+00 7.443112196863733838e-13
3.681948424068767878e+00 7.183930552809923231e-13
3.704871060171919694e+00 6.933469428937046109e-13
3.727793696275071511e+00 6.691441556032050329e-13
3.750716332378223328e+00 6.457568941319412483e-13
3.773638968481375144e+00 6.231582578967280257e-13
3.796561604584526961e+00 6.013222169078266443e-13
3.819484240687678778e+00 5.802235844946546995e-13
3.842406876790831038e+00 5.598379908369403102e-13
3.865329512893982855e+00 5.401418572812433230e-13
3.888252148997134672e+00 5.211123714247491378e-13
3.911174785100286488e+00 5.027274629520584142e-13
3.934097421203438305e+00 4.849657802179701995e-13
3.957020057306590122e+00 4.678066675823615594e-13
3.979942693409741938e+00 4.512301435255127228e-13
4.002865329512893311e+00 4.352168796072820129e-13
4.025787965616045128e+00 4.197481803845582087e-13
4.048710601719197832e+00 4.048059644694535868e-13
4.071633237822349649e+00 3.903727469925430032e-13
4.094555873925501466e+00 3.764316238217157723e-13
4.117478510028653282e+00 3.629662579612454190e-13
4.140401146131805099e+00 3.499608685941111410e-13
4.163323782234956916e+00 3.374002232072844718e-13
4.186246418338108732e+00 3.252696331325229478e-13
4.209169054441260549e+00 3.135549526393625789e-13
4.232091690544412366e+00 3.022425814664118934e-13
4.255014326647564182e+00 2.913194704837344262e-13
4.277936962750716887e+00 2.807731303019466756e-13
4.300859598853868704e+00 2.705916436018180965e-13
4.323782234957020520e+00 2.607636846916344774e-13
4.346704871060172337e+00 2.512785558460206603e-13
4.369627507163324154e+00 2.421262615749293096e-13
4.392550143266475970e+00 2.332976619077442240e-13
4.415472779369627787e+00 2.247847768139964127e-13
4.438395415472779604e+00 2.165813575484590142e-13
4.461318051575931420e+00 2.086838955399505127e-13
4.484240687679083237e+00 2.010932990197800598e-13
4.507163323782235054e+00 1.938175191069165018e-13
4.530085959885386870e+00 1.868754314182095004e-13
4.553008595988538687e+00 1.803022534051936367e-13
4.575931232091690504e+00 1.741566794993467926e-13
4.598853868194842320e+00 1.685297316033475724e-13
4.621776504297994137e+00 1.635550523121129500e-13
4.644699140401145954e+00 1.594200334485155177e-13
4.667621776504297770e+00 1.563768152140985008e-13
4.690544412607449587e+00 1.547518704893911818e-13
4.713467048710601404e+00 1.549526708537806969e-13
4.736389684813753220e+00 1.574698762705424921e-13
4.759312320916905037e+00 1.628736403666795303e-13
4.782234957020056854e+00 1.718029891044615122e-13
4.805157593123208670e+00 1.849477884947764162e-13
4.828080229226360487e+00 2.030235095368836822e-13
4.851002865329512304e+00 2.267397434936637809e-13
4.873925501432664120e+00 2.567641238947340960e-13
4.896848137535815937e+00 2.936838827734487715e-13
4.919770773638967754e+00 3.379676347254490417e-13
4.942693409742119570e+00 3.899300987175373332e-13
4.965616045845272275e+00 4.497023228332313052e-13
4.988538681948424092e+00 5.172095928778812680e-13
5.011461318051575908e+00 5.921586310313497600e-13
5.034383954154727725e+00 6.740349931951529143e-13
5.057306590257879542e+00 7.621108291652061204e-13
5.080229226361031358e+00 8.554624520668411915e-13
5.103151862464183175e+00 9.529965358909421594e-13
5.126074498567334992e+00 1.053483269372778486e-12
5.148997134670486808e+00 1.155594468517399761e-12
5.171919770773638625e+00 1.257944497143307281e-12
5.194842406876790442e+00 1.359131856124915738e-12
5.217765042979942258e+00 1.457779455425856048e-12
5.240687679083094075e+00 1.552571847512866792e-12
5.263610315186245892e+00 1.642288040985498319e-12
5.286532951289397708e+00 1.725828893667641100e-12
5.309455587392550413e+00 1.802238472406377543e-12
5.332378223495702230e+00 1.870719135098847594e-12
5.355300859598854046e+00 1.930640418229317249e-12
5.378223495702005863e+00 1.981542086551831752e-12
5.401146131805157680e+00 2.023131913162083336e-12
5.424068767908309496e+00 2.055278906448666001e-12
5.446991404011461313e+00 2.078002788272056199e-12
5.469914040114613130e+00 2.091460561508068251e-12
5.492836676217764946e+00 2.095930993260571514e-12
5.515759312320916763e+00 2.091797792089961371e-12
5.538681948424068580e+00 2.079532183161530357e-12
5.561604584527220396e+00 2.059675493399000355e-12
5.584527220630372213e+00 2.032822257636135497e-12
5.607449856733524030e+00 1.999604253214615420e-12
5.630372492836675846e+00 1.960675769903038341e-12
5.653295128939827663e+00 1.916700328446406711e-12
5.676217765042979480e+00 1.868338977247773556e-12
5.699140401146131296e+00 1.816240224255469869e-12
5.722063037249283113e+00 1.761031600762191938e-12
5.744985673352435818e+00 1.703312805454993546e-12
5.767908309455587634e+00 1.643650340073466486e-12
5.790830945558739451e+00 1.582573521440874475e-12
5.813753581661891268e+00 1.520571737200170298e-12
5.836676217765043084e+00 1.458092802970741925e-12
5.859598853868194901e+00 1.395542275482267935e-12
5.882521489971346718e+00 1.333283578230444016e-12
5.905444126074498534e+00 1.271638802127351557e-12
5.928366762177650351e+00 1.210890052408679395e-12
5.951289398280802168e+00 1.151281223777954966e-12
5.974212034383953984e+00 1.093020097630480933e-12
5.997134670487105801e+00 1.036280667567707161e-12
6.020057306590257618e+00 9.812056117813035473e-13
6.042979942693409434e+00 9.279088428714006716e-13
6.065902578796561251e+00 8.764780769865699816e-13
6.088825214899713067e+00 8.269773746449615760e-13
6.111747851002864884e+00 7.794496151011534005e-13
6.134670487106016701e+00 7.339188746058007013e-13
6.157593123209168517e+00 6.903926863553843704e-13
6.180515759312320334e+00 6.488641663725976035e-13
6.203438395415473039e+00 6.093139950445367892e-13
6.226361031518624856e+00 5.717122486434260984e-13
6.249283667621776672e+00 5.360200789409336186e-13
6.272206303724928489e+00 5.021912420854946192e-13
6.295128939828080306e+00 4.701734803265747170e-13
6.318051575931232122e+00 4.399097620231876846e-13
6.340974212034383939e+00 4.113393867446594905e-13
6.363896848137535756e+00 3.843989632328411935e-13
6.386819484240687572e+00 3.590232686136486239e-13
6.409742120343839389e+00 3.351459975821795482e-13
6.432664756446991206e+00 3.127004103932100127e-13
6.455587392550143022e+00 2.916198884144136432e-13
6.478510028653294839e+00 2.718384057837010319e-13
6.501432664756446655e+00 2.532909253892537610e-13
6.524355300859598472e+00 2.359137269903646567e-13
6.547277936962750289e+00 2.196446748434795040e-13
6.570200573065902105e+00 2.044234317109290924e-13
6.593123209169053922e+00 1.901916256260250949e-13
6.616045845272205739e+00 1.768929752804697052e-13
6.638968481375357555e+00 1.644733793985592710e-13
6.661891117478510260e+00 1.528809749752323508e-13
6.684813753581662077e+00 1.420661687873796670e-13
6.707736389684813894e+00 1.319816461440736461e-13
6.730659025787965710e+00 1.225823604242375788e-13
6.753581661891117527e+00 1.138255065613020944e-13
6.776504297994269344e+00 1.056704812743518011e-13
6.799426934097421160e+00 9.807883251412157163e-14
6.822349570200572977e+00 9.101420028943947452e-14
6.845272206303724793e+00 8.444225076439929082e-14
6.868194842406876610e+00 7.833060526744635536e-14
6.891117478510028427e+00 7.264876562925149856e-14
6.914040114613180243e+00 6.736803706517173835e-14
6.936962750716332060e+00 6.246144963862739838e-14
6.959885386819483877e+00 5.790367918222067023e-14
6.982808022922635693e+00 5.367096841224779368e-14
7.005730659025787510e+00 4.974104884782523370e-14
7.028653295128939327e+00 4.609306403663614531e-14
7.051575931232091143e+00 4.270749449384992213e-14
7.074498567335242960e+00 3.956608467771263168e-14
7.097421203438395665e+00 3.665177225337036243e-14
7.120343839541547482e+00 3.394861983448875172e-14
7.143266475644699298e+00 3.144174933907720973e-14
7.166189111747851115e+00 2.911727905062269748e-14
7.189111747851002931e+00 2.696226343726250337e-14
7.212034383954154748e+00 2.496463574946306508e-14
7.234957020057306565e+00 2.311315338976640948e-14
7.257879656160458381e+00 2.139734602594771503e-14
7.280802292263610198e+00 1.980746640079149396e-14
7.303724928366762015e+00 1.833444377710095895e-14
7.326647564469913831e+00 1.696983994502345014e-14
7.349570200573065648e+00 1.570580770987773201e-14
7.372492836676217465e+00 1.453505177202817072e-14
7.395415472779369281e+00 1.345079190563266551e-14
7.418338108882521098e+00 1.244672834000164765e-14
7.441260744985672915e+00 1.151700924558754902e-14
7.464183381088824731e+00 1.065620022605218015e-14
7.487106017191976548e+00 9.859255718237108844e-15
7.510028653295128365e+00 9.121492203019198897e-15
7.532951289398280181e+00 8.438563131821956134e-15
7.555873925501432886e+00 7.806435475845863129e-15
7.578796561604584703e+00 7.221367807768542489e-15
7.601719197707736519e+00 6.679889828653394510e-15
7.624641833810888336e+00 6.178783256015958179e-15
7.647564469914040153e+00 5.715063992359895042e-15
7.670487106017191969e+00 5.285965496955138315e-15
7.693409742120343786e+00 4.888923287140049446e-15
7.716332378223495603e+00 4.521560498948383690e-15
7.739255014326647419e+00 4.181674440357670280e-15
7.762177650429799236e+00 3.867224073902063995e-15
7.785100286532951053e+00 3.576318368768012258e-15
7.808022922636102869e+00 3.307205465778809221e-15
7.830945558739254686e+00 3.058262601860801436e-15
7.853868194842406503e+00 2.827986743660187025e-15
7.876790830945558319e+00 2.614985882937814518e-15
7.899713467048710136e+00 2.417970949205390221e-15
7.922636103151861953e+00 2.235748297777383614e-15
7.945558739255013769e+00 2.067212733997405338e-15
7.968481375358165586e+00 1.911341036856132738e-15
7.991404011461317403e+00 1.767185947551309650e-15
8.014326647564470107e+00 1.633870590750927498e-15
8.037249283667621924e+00 1.510583298411509629e-15
8.060171919770773741e+00 1.396572807977516260e-15
8.083094555873925557e+00 1.291143808649583546e-15
8.106017191977077374e+00 1.193652811162108536e-15
8.128939828080229191e+00 1.103504318159517591e-15
8.151862464183381007e+00 1.020147273809487132e-15
8.174785100286532824e+00 9.430717727451785955e-16
8.197707736389684641e+00 8.718060097916350027e-16
8.220630372492836457e+00 8.059134532085369028e-16
8.243553008595988274e+00 7.449902253768287584e-16
8.266475644699140091e+00 6.886626759748821399e-16
8.289398280802291907e+00 6.365851337349321106e-16
8.312320916905443724e+00 5.884378238467846050e-16
8.335243553008595541e+00 5.439249389871509837e-16
8.358166189111747357e+00 5.027728528032952871e-16
8.381088825214899174e+00 4.647284654726227799e-16
8.404011461318050991e+00 4.295576716989402460e-16
8.426934097421202807e+00 3.970439421946914226e-16
8.449856733524356400e+00 3.669870103397015209e-16
8.472779369627506441e+00 3.392016563039095879e-16
8.495702005730660034e+00 3.135165814769475305e-16
8.518624641833810074e+00 2.897733665642573931e-16
8.541547277936963667e+00 2.678255071896895582e-16
8.564469914040113707e+00 2.475375212914305091e-16
8.587392550143267300e+00 2.287841230129565959e-16
8.610315186246417340e+00 2.114494581766072690e-16
8.633237822349570934e+00 1.954263967853913032e-16
8.656160458452720974e+00 1.806158783315011713e-16
8.679083094555874567e+00 1.669263059986921202e-16
8.702005730659024607e+00 1.542729861325404551e-16
8.724928366762178200e+00 1.425776096185103943e-16
8.747851002865328240e+00 1.317677720547751399e-16
8.770773638968481833e+00 1.217765298356386979e-16
8.793696275071631874e+00 1.125419894739623908e-16
8.816618911174785467e+00 1.040069276879055942e-16
8.839541547277935507e+00 9.611843996008252321e-17
8.862464183381089100e+00 8.882761544651727790e-17
8.885386819484239140e+00 8.208923626988475096e-17
8.908309455587392733e+00 7.586149937698031482e-17
8.931232091690544550e+00 7.010575927531906132e-17
8.954154727793696367e+00 6.478629008869270743e-17
8.977077363896848183e+00 5.987006548738114443e-17
9.000000000000000000e+00 5.532655515598625692e-17
