# log10(T) rate(cm^3/s)
# Total Recomb Rates
1.000000000000000000e+00 3.457052156594538183e-11
1.022922636103151817e+00 3.351842268934563746e-11
1.045845272206303633e+00 3.249689481258157385e-11
1.068767908309455672e+00 3.150510228729980132e-11
1.091690544412607489e+00 3.054223064202227473e-11
1.114613180515759305e+00 2.960748607530389724e-11
1.137535816618911122e+00 2.870009496195452727e-11
1.160458452722062939e+00 2.781930337189224684e-11
1.183381088825214977e+00 2.696437660120885612e-11
1.206303724928366794e+00 2.613459871504363632e-11
1.229226361031518611e+00 2.532927210187489975e-11
1.252148997134670427e+00 2.454771703885365466e-11
1.275071633237822244e+00 2.378927126781710566e-11
1.297994269340974283e+00 2.305328958163366900e-11
1.320916905444126099e+00 2.233914342054440418e-11
1.343839541547277916e+00 2.164622047817914358e-11
1.366762177650429733e+00 2.097392431693840360e-11
1.389684813753581771e+00 2.032167399244465595e-11
1.412607449856733588e+00 1.968890368677922635e-11
1.435530085959885405e+00 1.907506235023241337e-11
1.458452722063037221e+00 1.847961335130670482e-11
1.481375358166189038e+00 1.790203413472393599e-11
1.504297994269340855e+00 1.734181588719812932e-11
1.527220630372492671e+00 1.679846321074636310e-11
1.550143266475644710e+00 1.627149380332030494e-11
1.573065902578796527e+00 1.576043814655069722e-11
1.595988538681948565e+00 1.526483920040652308e-11
1.618911174785100382e+00 1.478425210457977446e-11
1.641833810888252199e+00 1.431824388641505247e-11
1.664756446991404015e+00 1.386639317521192067e-11
1.687679083094555832e+00 1.342828992273544755e-11
1.710601719197707649e+00 1.300353512977806478e-11
1.733524355300859465e+00 1.259174057862293734e-11
1.756446991404011282e+00 1.219252857126587118e-11
1.779369627507163321e+00 1.180553167325899548e-11
1.802292263610315137e+00 1.143039246304583049e-11
1.825214899713467176e+00 1.106676328666264914e-11
1.848137535816618993e+00 1.071430601768682789e-11
1.871060171919770809e+00 1.037269182231760448e-11
1.893982808022922626e+00 1.004160092947960072e-11
1.916905444126074443e+00 9.720722405843799974e-12
1.939828080229226259e+00 9.409753935664877413e-12
1.962750716332378076e+00 9.108401605337689418e-12
1.985673352435529893e+00 8.816379692579182456e-12
2.008595988538681709e+00 8.533410460145583010e-12
2.031518624641833526e+00 8.259223953997623626e-12
2.054441260744985343e+00 7.993557805829658827e-12
2.077363896848137603e+00 7.736157039881038517e-12
2.100286532951289420e+00 7.486773883950739888e-12
2.123209169054441237e+00 7.245167584538409201e-12
2.146131805157593053e+00 7.011104226037299330e-12
2.169054441260744870e+00 6.784356553906273211e-12
2.191977077363897131e+00 6.564703801750115318e-12
2.214899713467048947e+00 6.351931522238890147e-12
2.237822349570200764e+00 6.145831421798623107e-12
2.260744985673352581e+00 5.946201199007188318e-12
2.283667621776504397e+00 5.752844386630266902e-12
2.306590257879656214e+00 5.565570197233769290e-12
2.329512893982808031e+00 5.384193372309987475e-12
2.352435530085959847e+00 5.208534034855929016e-12
2.375358166189111664e+00 5.038417545343105278e-12
2.398280802292263481e+00 4.873674361019077977e-12
2.421203438395415297e+00 4.714139898481745011e-12
2.444126074498567114e+00 4.559654399468261786e-12
2.467048710601718930e+00 4.410062799801088804e-12
2.489971346704870747e+00 4.265214601434451127e-12
2.512893982808022564e+00 4.124963747545068870e-12
2.535816618911174825e+00 3.989168500611689155e-12
2.558739255014326641e+00 3.857691323428511379e-12
2.581661891117478458e+00 3.730398762998179248e-12
2.604584527220630275e+00 3.607161337250573253e-12
2.627507163323782091e+00 3.487853424534185319e-12
2.650429799426934352e+00 3.372353155827343290e-12
2.673352435530086169e+00 3.260542309617168816e-12
2.696275071633237985e+00 3.152306209394531901e-12
2.719197707736389802e+00 3.047533623713918035e-12
2.742120343839541619e+00 2.946116668767554432e-12
2.765042979942693435e+00 2.847950713423655201e-12
2.787965616045845252e+00 2.752934286679221268e-12
2.810888252148997069e+00 2.660968987478266255e-12
2.833810888252148885e+00 2.571959396846929612e-12
2.856733524355300702e+00 2.485812992297447215e-12
2.879656160458452518e+00 2.402440064453458956e-12
2.902578796561604335e+00 2.321753635849710415e-12
2.925501432664756152e+00 2.243669381859738051e-12
2.948424068767907968e+00 2.168105553705683108e-12
2.971346704871059785e+00 2.094982903504933168e-12
2.994269340974212046e+00 2.024224611308888058e-12
3.017191977077363862e+00 1.955756214089697323e-12
3.040114613180515679e+00 1.889505536631408600e-12
3.063037249283667496e+00 1.825402624282573267e-12
3.085959885386819312e+00 1.763379677527936168e-12
3.108882521489971129e+00 1.703370988337447876e-12
3.131805157593122946e+00 1.645312878251448097e-12
3.154727793696275207e+00 1.589143638161492167e-12
3.177650429799427023e+00 1.534803469746907801e-12
3.200573065902578840e+00 1.482234428527784116e-12
3.223495702005730656e+00 1.431380368495757796e-12
3.246418338108882473e+00 1.382186888284550732e-12
3.269340974212034290e+00 1.334601278842892018e-12
3.292263610315186106e+00 1.288572472573056976e-12
3.315186246418337923e+00 1.244050993898933408e-12
3.338108882521489740e+00 1.200988911228128719e-12
3.361031518624641556e+00 1.159339790273307043e-12
3.383954154727793817e+00 1.119058648698562076e-12
3.406876790830945634e+00 1.080101912057286621e-12
3.429799426934097450e+00 1.042427370988633190e-12
3.452722063037249267e+00 1.005994139640298738e-12
3.475644699140401084e+00 9.707626152860104301e-13
3.498567335243552900e+00 9.366944391067059052e-13
3.521489971346704717e+00 9.037524581050537659e-13
3.544412607449856534e+00 8.719006881235642722e-13
3.567335243553008350e+00 8.411042779371838218e-13
3.590257879656160167e+00 8.113294743918690084e-13
3.613180515759312428e+00 7.825435885612556276e-13
3.636103151862464244e+00 7.547149628941564684e-13
3.659025787965616061e+00 7.278129393261975819e-13
3.681948424068767878e+00 7.018078283295360310e-13
3.704871060171919694e+00 6.766708788751627320e-13
3.727793696275071511e+00 6.523742492828927778e-13
3.750716332378223328e+00 6.288909789347244140e-13
3.773638968481375144e+00 6.061949608278088543e-13
3.796561604584526961e+00 5.842609149438510967e-13
3.819484240687678778e+00 5.630643624123059505e-13
3.842406876790831038e+00 5.425816004452870263e-13
3.865329512893982855e+00 5.227896780226533153e-13
3.888252148997134672e+00 5.036663723062551758e-13
3.911174785100286488e+00 4.851901657628717526e-13
3.934097421203438305e+00 4.673402239758621850e-13
3.957020057306590122e+00 4.500963741260821664e-13
3.979942693409741938e+00 4.334390841231060304e-13
4.002865329512893311e+00 4.173494423682941108e-13
4.025787965616045128e+00 4.018091381317215177e-13
4.048710601719197832e+00 3.868004425254679345e-13
4.071633237822349649e+00 3.723061900562267718e-13
4.094555873925501466e+00 3.583097607406479560e-13
4.117478510028653282e+00 3.447950627672931683e-13
4.140401146131805099e+00 3.317465156894991185e-13
4.163323782234956916e+00 3.191490341338941747e-13
4.186246418338108732e+00 3.069880120097264576e-13
4.209169054441260549e+00 2.952493072045774658e-13
4.232091690544412366e+00 2.839192267524400594e-13
4.255014326647564182e+00 2.729845124605345827e-13
4.277936962750716887e+00 2.624323269816227871e-13
4.300859598853868704e+00 2.522502403189590244e-13
4.323782234957020520e+00 2.424262167513819420e-13
4.346704871060172337e+00 2.329486021664161970e-13
4.369627507163324154e+00 2.238061117896007252e-13
4.392550143266475970e+00 2.149878182985983195e-13
4.415472779369627787e+00 2.064831403109828879e-13
4.438395415472779604e+00 1.982818312349151228e-13
4.461318051575931420e+00 1.903739684722390658e-13
4.484240687679083237e+00 1.827499429638334868e-13
4.507163323782235054e+00 1.754004490673520641e-13
4.530085959885386870e+00 1.683164747577721367e-13
4.553008595988538687e+00 1.614892921414514469e-13
4.575931232091690504e+00 1.549104482746647957e-13
4.598853868194842320e+00 1.485717562778491337e-13
4.621776504297994137e+00 1.424652867370454168e-13
4.644699140401145954e+00 1.365833593842615604e-13
4.667621776504297770e+00 1.309185350487225022e-13
4.690544412607449587e+00 1.254636078711977290e-13
4.713467048710601404e+00 1.202115977738138908e-13
4.736389684813753220e+00 1.151557431779718431e-13
4.759312320916905037e+00 1.102894939631883476e-13
4.782234957020056854e+00 1.056065046598755230e-13
4.805157593123208670e+00 1.011006278692574312e-13
4.828080229226360487e+00 9.676590790380004613e-14
4.851002865329512304e+00 9.259657464170095071e-14
4.873925501432664120e+00 8.858703758914741446e-14
4.896848137535815937e+00 8.473188014420628342e-14
4.919770773638967754e+00 8.102585405635762238e-14
4.942693409742119570e+00 7.746387407582431498e-14
4.965616045845272275e+00 7.404101278698500672e-14
4.988538681948424092e+00 7.075249562028692155e-14
5.011461318051575908e+00 6.759369603719409371e-14
5.034383954154727725e+00 6.456013088282865954e-14
5.057306590257879542e+00 6.164745590106896493e-14
5.080229226361031358e+00 5.885146140697829369e-14
5.103151862464183175e+00 5.616806811153810003e-14
5.126074498567334992e+00 5.359332309375822955e-14
5.148997134670486808e+00 5.112339591533061393e-14
5.171919770773638625e+00 4.875457487308283572e-14
5.194842406876790442e+00 4.648326338457659596e-14
5.217765042979942258e+00 4.430597650228068326e-14
5.240687679083094075e+00 4.221933755183122057e-14
5.263610315186245892e+00 4.022007488997354664e-14
5.286532951289397708e+00 3.830501877786026882e-14
5.309455587392550413e+00 3.647109836545875263e-14
5.332378223495702230e+00 3.471533878290165051e-14
5.355300859598854046e+00 3.303485833469041552e-14
5.378223495702005863e+00 3.142686579274415934e-14
5.401146131805157680e+00 2.988865778436306150e-14
5.424068767908309496e+00 2.841761627125828241e-14
5.446991404011461313e+00 2.701120611588162274e-14
5.469914040114613130e+00 2.566697273137228364e-14
5.492836676217764946e+00 2.438253981152317487e-14
5.515759312320916763e+00 2.315560713725733072e-14
5.538681948424068580e+00 2.198394845619412526e-14
5.561604584527220396e+00 2.086540943197716791e-14
5.584527220630372213e+00 1.979790566013026605e-14
5.607449856733524030e+00 1.877942074730436292e-14
5.630372492836675846e+00 1.780800445087753187e-14
5.653295128939827663e+00 1.688177087597173191e-14
5.676217765042979480e+00 1.599889672705379651e-14
5.699140401146131296e+00 1.515761961139392002e-14
5.722063037249283113e+00 1.435623639176288542e-14
5.744985673352435818e+00 1.359310158585890352e-14
5.767908309455587634e+00 1.286662581006624356e-14
5.790830945558739451e+00 1.217527426525959160e-14
5.813753581661891268e+00 1.151756526248250344e-14
5.836676217765043084e+00 1.089206878644109636e-14
5.859598853868194901e+00 1.029740509486899261e-14
5.882521489971346718e+00 9.732243351933226651e-15
5.905444126074498534e+00 9.195300293964508925e-15
5.928366762177650351e+00 8.685338925907607581e-15
5.951289398280802168e+00 8.201167246999006278e-15
5.974212034383953984e+00 7.741637004288513586e-15
5.997134670487105801e+00 7.305642472728729502e-15
6.020057306590257618e+00 6.892119260661413126e-15
6.042979942693409434e+00 6.500043139631523106e-15
6.065902578796561251e+00 6.128428897558650894e-15
6.088825214899713067e+00 5.776329214390566171e-15
6.111747851002864884e+00 5.442833559454981013e-15
6.134670487106016701e+00 5.127067109812571810e-15
6.157593123209168517e+00 4.828189688997027380e-15
6.180515759312320334e+00 4.545394725605820943e-15
6.203438395415473039e+00 4.277908231278488382e-15
6.226361031518624856e+00 4.024987797667393084e-15
6.249283667621776672e+00 3.785921612068745423e-15
6.272206303724928489e+00 3.560027491439798992e-15
6.295128939828080306e+00 3.346651934580332808e-15
6.318051575931232122e+00 3.145169192304074102e-15
6.340974212034383939e+00 2.954980355467827335e-15
6.363896848137535756e+00 2.775512460762942054e-15
6.386819484240687572e+00 2.606217614205847427e-15
6.409742120343839389e+00 2.446572132291284212e-15
6.432664756446991206e+00 2.296075700794270138e-15
6.455587392550143022e+00 2.154250551224461761e-15
6.478510028653294839e+00 2.020640654950051215e-15
6.501432664756446655e+00 1.894810935017519366e-15
6.524355300859598472e+00 1.776346495699000973e-15
6.547277936962750289e+00 1.664851869800767739e-15
6.570200573065902105e+00 1.559950283764779491e-15
6.593123209169053922e+00 1.461282940590667704e-15
6.616045845272205739e+00 1.368508320598086267e-15
6.638968481375357555e+00 1.281301500039570703e-15
6.661891117478510260e+00 1.199353487561977860e-15
6.684813753581662077e+00 1.122370578500697104e-15
6.707736389684813894e+00 1.050073726975215846e-15
6.730659025787965710e+00 9.821979357378817972e-16
6.753581661891117527e+00 9.184916637096678669e-16
6.776504297994269344e+00 8.587162511180767823e-16
6.799426934097421160e+00 8.026453621330232711e-16
6.822349570200572977e+00 7.500644448768978539e-16
6.845272206303724793e+00 7.007702086652944902e-16
6.868194842406876610e+00 6.545701183152261977e-16
6.891117478510028427e+00 6.112819053382810071e-16
6.914040114613180243e+00 5.707330958172254264e-16
6.936962750716332060e+00 5.327605547462033327e-16
6.959885386819483877e+00 4.972100465970632394e-16
6.982808022922635693e+00 4.639358118575387274e-16
7.005730659025787510e+00 4.328001592711586132e-16
7.028653295128939327e+00 4.036730734939356011e-16
7.051575931232091143e+00 3.764318378691443541e-16
7.074498567335242960e+00 3.509606720089027930e-16
7.097421203438395665e+00 3.271503838598729719e-16
7.120343839541547482e+00 3.048980359202092467e-16
7.143266475644699298e+00 2.841066252659018995e-16
7.166189111747851115e+00 2.646847770369643569e-16
7.189111747851002931e+00 2.465464510273765804e-16
7.212034383954154748e+00 2.296106610174212013e-16
7.234957020057306565e+00 2.138012064829253304e-16
7.257879656160458381e+00 1.990464163129654027e-16
7.280802292263610198e+00 1.852789041657429848e-16
7.303724928366762015e+00 1.724353350915593375e-16
7.326647564469913831e+00 1.604562030520589787e-16
7.349570200573065648e+00 1.492856189661188787e-16
7.372492836676217465e+00 1.388711089148802605e-16
7.395415472779369281e+00 1.291634221413914623e-16
7.418338108882521098e+00 1.201163484840973817e-16
7.441260744985672915e+00 1.116865448879091539e-16
7.464183381088824731e+00 1.038333706417592267e-16
7.487106017191976548e+00 9.651873099732907991e-17
7.510028653295128365e+00 8.970692882997034835e-17
7.532951289398280181e+00 8.336452400966576887e-17
7.555873925501432886e+00 7.746020015713460289e-17
7.578796561604584703e+00 7.196463846782869961e-17
7.601719197707736519e+00 6.685039829452217195e-17
7.624641833810888336e+00 6.209180418744184592e-17
7.647564469914040153e+00 5.766483909933719180e-17
7.670487106017191969e+00 5.354704347152985561e-17
7.693409742120343786e+00 4.971741992575175181e-17
7.716332378223495603e+00 4.615634329544211287e-17
7.739255014326647419e+00 4.284547573908965893e-17
7.762177650429799236e+00 3.976768668713983272e-17
7.785100286532951053e+00 3.690697738290425474e-17
7.808022922636102869e+00 3.424840978678332652e-17
7.830945558739254686e+00 3.177803962191323893e-17
7.853868194842406503e+00 2.948285334805088748e-17
7.876790830945558319e+00 2.735070885909356095e-17
7.899713467048710136e+00 2.537027970807292726e-17
7.922636103151861953e+00 2.353100267174877651e-17
7.945558739255013769e+00 2.182302847504039867e-17
7.968481375358165586e+00 2.023717550346074905e-17
7.991404011461317403e+00 1.876488633944762261e-17
8.014326647564470107e+00 1.739818696600886084e-17
8.037249283667621924e+00 1.612964848840731871e-17
8.060171919770773741e+00 1.495235123169779856e-17
8.083094555873925557e+00 1.385985107879269424e-17
8.106017191977077374e+00 1.284614792036560194e-17
8.128939828080229191e+00 1.190565609430708982e-17
8.151862464183381007e+00 1.103317669861967362e-17
8.174785100286532824e+00 1.022387166758092146e-17
8.197707736389684641e+00 9.473239506716208979e-18
8.220630372492836457e+00 8.777092587607261261e-18
8.243553008595988274e+00 8.131535908822611839e-18
8.266475644699140091e+00 7.532947234294008791e-18
8.289398280802291907e+00 6.977958525284115601e-18
8.312320916905443724e+00 6.463438586697923824e-18
8.335243553008595541e+00 5.986476852890157072e-18
8.358166189111747357e+00 5.544368242317349160e-18
8.381088825214899174e+00 5.134599014382410449e-18
8.404011461318050991e+00 4.754833565627089120e-18
8.426934097421202807e+00 4.402902106049581017e-18
8.449856733524356400e+00 4.076789159766860256e-18
8.472779369627506441e+00 3.774622837510492629e-18
8.495702005730660034e+00 3.494664831545890918e-18
8.518624641833810074e+00 3.235301086547445934e-18
8.541547277936963667e+00 2.995033102746291697e-18
8.564469914040113707e+00 2.772469830308059889e-18
8.587392550143267300e+00 2.566320116391347341e-18
8.610315186246417340e+00 2.375385668699780670e-18
8.633237822349570934e+00 2.198554501567895968e-18
8.656160458452720974e+00 2.034794832728387023e-18
8.679083094555874567e+00 1.883149400892955584e-18
8.702005730659024607e+00 1.742730176154436229e-18
8.724928366762178200e+00 1.612713436982066578e-18
8.747851002865328240e+00 1.492335189246973889e-18
8.770773638968481833e+00 1.380886904279722046e-18
8.793696275071631874e+00 1.277711554437037652e-18
8.816618911174785467e+00 1.182199926039822128e-18
8.839541547277935507e+00 1.093787190848909739e-18
8.862464183381089100e+00 1.011949718468463640e-18
8.885386819484239140e+00 9.362021132179363624e-19
8.908309455587392733e+00 8.660944600922134437e-19
8.931232091690544550e+00 8.012097654434681942e-19
8.954154727793696367e+00 7.411615789677115011e-19
8.977077363896848183e+00 6.855917844704760661e-19
9.000000000000000000e+00 6.341685477206290233e-19
