# log10(T) rate(cm^3/s)
# Total Recomb Rates
1.000000000000000000e+00 3.612958252029086670e-11
1.022922636103151817e+00 3.583655121309527914e-11
1.045845272206303633e+00 3.552877645652361359e-11
1.068767908309455672e+00 3.520009937423500846e-11
1.091690544412607489e+00 3.484533631603881288e-11
1.114613180515759305e+00 3.446032558422436388e-11
1.137535816618911122e+00 3.404193988442241009e-11
1.160458452722062939e+00 3.358806828624062287e-11
1.183381088825214977e+00 3.309757227948068471e-11
1.206303724928366794e+00 3.257022092949829971e-11
1.229226361031518611e+00 3.200661020798775600e-11
1.252148997134670427e+00 3.140807135633768766e-11
1.275071633237822244e+00 3.077657269204224295e-11
1.297994269340974283e+00 3.011461866567366584e-11
1.320916905444126099e+00 2.942514928993338974e-11
1.343839541547277916e+00 2.871144236325217419e-11
1.366762177650429733e+00 2.797702025911927247e-11
1.389684813753581771e+00 2.722556249516355573e-11
1.412607449856733588e+00 2.646082486107437270e-11
1.435530085959885405e+00 2.568656558001366079e-11
1.458452722063037221e+00 2.490647879393964592e-11
1.481375358166189038e+00 2.412413557421931286e-11
1.504297994269340855e+00 2.334293263108292717e-11
1.527220630372492671e+00 2.256604889252221590e-11
1.550143266475644710e+00 2.179641011263436685e-11
1.573065902578796527e+00 2.103666162724705580e-11
1.595988538681948565e+00 2.028914928828336006e-11
1.618911174785100382e+00 1.955590847674823890e-11
1.641833810888252199e+00 1.883866092639461172e-11
1.664756446991404015e+00 1.813881890179464086e-11
1.687679083094555832e+00 1.745749608436681881e-11
1.710601719197707649e+00 1.679552434581735396e-11
1.733524355300859465e+00 1.615347544480491008e-11
1.756446991404011282e+00 1.553168657871314801e-11
1.779369627507163321e+00 1.493028866229576578e-11
1.802292263610315137e+00 1.434923618852857786e-11
1.825214899713467176e+00 1.378833755159198663e-11
1.848137535816618993e+00 1.324728477393345723e-11
1.871060171919770809e+00 1.272568167545533234e-11
1.893982808022922626e+00 1.222306965019583555e-11
1.916905444126074443e+00 1.173895037159241855e-11
1.939828080229226259e+00 1.127280492771189852e-11
1.962750716332378076e+00 1.082410908679165904e-11
1.985673352435529893e+00 1.039234460239933951e-11
2.008595988538681709e+00 9.977006675122801398e-12
2.031518624641833526e+00 9.577607880758608883e-12
2.054441260744985343e+00 9.193679039993265254e-12
2.077363896848137603e+00 8.824767629639563979e-12
2.100286532951289420e+00 8.470434411986357199e-12
2.123209169054441237e+00 8.130248982718155148e-12
2.146131805157593053e+00 7.803784910285004294e-12
2.169054441260744870e+00 7.490615066583716995e-12
2.191977077363897131e+00 7.190307640346397285e-12
2.214899713467048947e+00 6.902423193254378269e-12
2.237822349570200764e+00 6.626512977939597852e-12
2.260744985673352581e+00 6.362118599466211178e-12
2.283667621776504397e+00 6.108772978415589229e-12
2.306590257879656214e+00 5.866002472329539542e-12
2.329512893982808031e+00 5.633329937795984603e-12
2.352435530085959847e+00 5.410278469525249957e-12
2.375358166189111664e+00 5.196375534228034547e-12
2.398280802292263481e+00 4.991157222679638347e-12
2.421203438395415297e+00 4.794172368319166040e-12
2.444126074498567114e+00 4.604986319658701772e-12
2.467048710601718930e+00 4.423184201164943884e-12
2.489971346704870747e+00 4.248373548054927230e-12
2.512893982808022564e+00 4.080186250326160851e-12
2.535816618911174825e+00 3.918279786996761187e-12
2.558739255014326641e+00 3.762337770666246310e-12
2.581661891117478458e+00 3.612069853801599604e-12
2.604584527220630275e+00 3.467211071138505563e-12
2.627507163323782091e+00 3.327520707482835706e-12
2.650429799426934352e+00 3.192780787727623003e-12
2.673352435530086169e+00 3.062794287119246673e-12
2.696275071633237985e+00 2.937383155939424936e-12
2.719197707736389802e+00 2.816386245086040003e-12
2.742120343839541619e+00 2.699657208748776146e-12
2.765042979942693435e+00 2.587062448575474104e-12
2.787965616045845252e+00 2.478479151337381890e-12
2.810888252148997069e+00 2.373793459869341192e-12
2.833810888252148885e+00 2.272898805545116967e-12
2.856733524355300702e+00 2.175694420138040489e-12
2.879656160458452518e+00 2.082084035852641394e-12
2.902578796561604335e+00 1.991974774707163899e-12
2.925501432664756152e+00 1.905276222313337139e-12
2.948424068767907968e+00 1.821899676376572686e-12
2.971346704871059785e+00 1.741757556812558996e-12
2.994269340974212046e+00 1.664762962097711898e-12
3.017191977077363862e+00 1.590829355176939173e-12
3.040114613180515679e+00 1.519870361774193312e-12
3.063037249283667496e+00 1.451799664126115451e-12
3.085959885386819312e+00 1.386530973834853410e-12
3.108882521489971129e+00 1.323978068577166987e-12
3.131805157593122946e+00 1.264054878695088940e-12
3.154727793696275207e+00 1.206675611129409542e-12
3.177650429799427023e+00 1.151754899659884997e-12
3.200573065902578840e+00 1.099207971921100233e-12
3.223495702005730656e+00 1.048950825121553505e-12
3.246418338108882473e+00 1.000900403770107615e-12
3.269340974212034290e+00 9.549747739845528467e-13
3.292263610315186106e+00 9.110932901068092010e-13
3.315186246418337923e+00 8.691767503712726066e-13
3.338108882521489740e+00 8.291475392657882175e-13
3.361031518624641556e+00 7.909297549920063205e-13
3.383954154727793817e+00 7.544493210800696304e-13
3.406876790830945634e+00 7.196340817503587126e-13
3.429799426934097450e+00 6.864138810524977235e-13
3.452722063037249267e+00 6.547206261597239991e-13
3.475644699140401084e+00 6.244883354657657188e-13
3.498567335243552900e+00 5.956531723320172932e-13
3.521489971346704717e+00 5.681534654747098440e-13
3.544412607449856534e+00 5.419297170737968783e-13
3.567335243553008350e+00 5.169245997352198216e-13
3.590257879656160167e+00 4.930829434531063173e-13
3.613180515759312428e+00 4.703517137044506916e-13
3.636103151862464244e+00 4.486799817717874912e-13
3.659025787965616061e+00 4.280188883346578949e-13
3.681948424068767878e+00 4.083216013037521958e-13
3.704871060171919694e+00 3.895432687975160260e-13
3.727793696275071511e+00 3.716409680846824103e-13
3.750716332378223328e+00 3.545736512417385641e-13
3.773638968481375144e+00 3.383020882050901131e-13
3.796561604584526961e+00 3.227888078357096250e-13
3.819484240687678778e+00 3.079980375602715261e-13
3.842406876790831038e+00 2.938956421071429663e-13
3.865329512893982855e+00 2.804490618176608085e-13
3.888252148997134672e+00 2.676272509828874870e-13
3.911174785100286488e+00 2.554006166349545136e-13
3.934097421203438305e+00 2.437409582137859210e-13
3.957020057306590122e+00 2.326214085407450122e-13
3.979942693409741938e+00 2.220163765686631626e-13
4.002865329512893311e+00 2.119014924514230098e-13
4.025787965616045128e+00 2.022535555937075153e-13
4.048710601719197832e+00 1.930504865130949703e-13
4.071633237822349649e+00 1.842712836006327447e-13
4.094555873925501466e+00 1.758959862898246349e-13
4.117478510028653282e+00 1.679056469692278319e-13
4.140401146131805099e+00 1.602823157186503339e-13
4.163323782234956916e+00 1.530090456100515939e-13
4.186246418338108732e+00 1.460699335534701206e-13
4.209169054441260549e+00 1.394502248664651653e-13
4.232091690544412366e+00 1.331365317287965320e-13
4.255014326647564182e+00 1.271172489150269344e-13
4.277936962750716887e+00 1.213832953324101855e-13
4.300859598853868704e+00 1.159293638635823015e-13
4.323782234957020520e+00 1.107559161802580266e-13
4.346704871060172337e+00 1.058721984120133068e-13
4.369627507163324154e+00 1.013005571508173707e-13
4.392550143266475970e+00 9.708228055303588009e-14
4.415472779369627787e+00 9.328505747105436716e-14
4.438395415472779604e+00 9.001193091250795360e-14
4.461318051575931420e+00 8.741133056640546562e-14
4.484240687679083237e+00 8.568743350899291046e-14
4.507163323782235054e+00 8.510977280766616881e-14
4.530085959885386870e+00 8.602075322196634228e-14
4.553008595988538687e+00 8.883960489225044042e-14
4.575931232091690504e+00 9.406136014240707658e-14
4.598853868194842320e+00 1.022497002323426819e-13
4.621776504297994137e+00 1.140229796902011671e-13
4.644699140401145954e+00 1.300333527264573422e-13
4.667621776504297770e+00 1.509396273422719629e-13
4.690544412607449587e+00 1.773751690314005794e-13
4.713467048710601404e+00 2.099127760168493280e-13
4.736389684813753220e+00 2.490288729293777082e-13
4.759312320916905037e+00 2.950695655862692525e-13
4.782234957020056854e+00 3.482210438036784896e-13
4.805157593123208670e+00 4.084865230047653110e-13
4.828080229226360487e+00 4.756714191141055214e-13
4.851002865329512304e+00 5.493778164803724857e-13
4.873925501432664120e+00 6.290085880182335562e-13
4.896848137535815937e+00 7.137808336566867270e-13
4.919770773638967754e+00 8.027476822758513434e-13
4.942693409742119570e+00 8.948270032988352789e-13
4.965616045845272275e+00 9.888352280588649583e-13
4.988538681948424092e+00 1.083524299839914975e-12
5.011461318051575908e+00 1.177619749558712918e-12
5.034383954154727725e+00 1.269858012036176715e-12
5.057306590257879542e+00 1.359021326903201586e-12
5.080229226361031358e+00 1.443968874772913994e-12
5.103151862464183175e+00 1.523663149077370897e-12
5.126074498567334992e+00 1.597190925237432655e-12
5.148997134670486808e+00 1.663778534895538405e-12
5.171919770773638625e+00 1.722801463340944734e-12
5.194842406876790442e+00 1.773788549206868319e-12
5.217765042979942258e+00 1.816421269575597311e-12
5.240687679083094075e+00 1.850528738875429571e-12
5.263610315186245892e+00 1.876079138898775064e-12
5.286532951289397708e+00 1.893168335632048007e-12
5.309455587392550413e+00 1.902006434121070852e-12
5.332378223495702230e+00 1.902902984054492257e-12
5.355300859598854046e+00 1.896251485034117820e-12
5.378223495702005863e+00 1.882513760024013736e-12
5.401146131805157680e+00 1.862204675711686887e-12
5.424068767908309496e+00 1.835877595776122439e-12
5.446991404011461313e+00 1.804110862359402688e-12
5.469914040114613130e+00 1.767495516134084055e-12
5.492836676217764946e+00 1.726624388828558769e-12
5.515759312320916763e+00 1.682082635472895707e-12
5.538681948424068580e+00 1.634439717659756253e-12
5.561604584527220396e+00 1.584242803805138985e-12
5.584527220630372213e+00 1.532011517262710397e-12
5.607449856733524030e+00 1.478233937362845239e-12
5.630372492836675846e+00 1.423363740962936545e-12
5.653295128939827663e+00 1.367818361747541894e-12
5.676217765042979480e+00 1.311978040117178766e-12
5.699140401146131296e+00 1.256185636901105513e-12
5.722063037249283113e+00 1.200747088250457433e-12
5.744985673352435818e+00 1.145932385949822648e-12
5.767908309455587634e+00 1.091976976186997947e-12
5.790830945558739451e+00 1.039083479829000685e-12
5.813753581661891268e+00 9.874236478798463582e-13
5.836676217765043084e+00 9.371404765714604560e-13
5.859598853868194901e+00 8.883504171000320467e-13
5.882521489971346718e+00 8.411456250960898764e-13
5.905444126074498534e+00 7.955962043183897791e-13
5.928366762177650351e+00 7.517524076672712670e-13
5.951289398280802168e+00 7.096467663552532214e-13
5.974212034383953984e+00 6.692961249274340563e-13
5.997134670487105801e+00 6.307035658013070720e-13
6.020057306590257618e+00 5.938602121289686789e-13
6.042979942693409434e+00 5.587469021258636102e-13
6.065902578796561251e+00 5.253357316217915539e-13
6.088825214899713067e+00 4.935914645409660323e-13
6.111747851002864884e+00 4.634728133800396459e-13
6.134670487106016701e+00 4.349335935974642904e-13
6.157593123209168517e+00 4.079237572230995742e-13
6.180515759312320334e+00 3.823903120084974771e-13
6.203438395415473039e+00 3.582781331256146166e-13
6.226361031518624856e+00 3.355306748393578001e-13
6.249283667621776672e+00 3.140905897759907507e-13
6.272206303724928489e+00 2.939002634281813544e-13
6.295128939828080306e+00 2.749022714157621060e-13
6.318051575931232122e+00 2.570397667915676069e-13
6.340974212034383939e+00 2.402568043714844432e-13
6.363896848137535756e+00 2.244986087002792480e-13
6.386819484240687572e+00 2.097117918591122721e-13
6.409742120343839389e+00 1.958445268926547117e-13
6.432664756446991206e+00 1.828466821961402575e-13
6.455587392550143022e+00 1.706699217655869606e-13
6.478510028653294839e+00 1.592677757856710697e-13
6.501432664756446655e+00 1.485956856152501199e-13
6.524355300859598472e+00 1.386110268346598537e-13
6.547277936962750289e+00 1.292731136446543319e-13
6.570200573065902105e+00 1.205431875561561494e-13
6.593123209169053922e+00 1.123843929838800323e-13
6.616045845272205739e+00 1.047617420557531060e-13
6.638968481375357555e+00 9.764207067368531412e-14
6.661891117478510260e+00 9.099398760904880309e-14
6.684813753581662077e+00 8.478781818729376612e-14
6.707736389684813894e+00 7.899554390932595330e-14
6.730659025787965710e+00 7.359073917134108535e-14
6.753581661891117527e+00 6.854850607835826014e-14
6.776504297994269344e+00 6.384540819834205474e-14
6.799426934097421160e+00 5.945940397211740192e-14
6.822349570200572977e+00 5.536978037787984494e-14
6.845272206303724793e+00 5.155708734663507185e-14
6.868194842406876610e+00 4.800307333507456968e-14
6.891117478510028427e+00 4.469062238398769977e-14
6.914040114613180243e+00 4.160369292217531713e-14
6.936962750716332060e+00 3.872725851689686493e-14
6.959885386819483877e+00 3.604725072116429365e-14
6.982808022922635693e+00 3.355050412478086038e-14
7.005730659025787510e+00 3.122470367907778103e-14
7.028653295128939327e+00 2.905833433407224494e-14
7.051575931232091143e+00 2.704063300056482166e-14
7.074498567335242960e+00 2.516154282789658928e-14
7.097421203438395665e+00 2.341166977013679370e-14
7.120343839541547482e+00 2.178224139887119375e-14
7.143266475644699298e+00 2.026506790906153137e-14
7.166189111747851115e+00 1.885250525525576843e-14
7.189111747851002931e+00 1.753742034838573425e-14
7.212034383954154748e+00 1.631315823819071411e-14
7.234957020057306565e+00 1.517351120267125233e-14
7.257879656160458381e+00 1.411268966366825787e-14
7.280802292263610198e+00 1.312529484646520091e-14
7.303724928366762015e+00 1.220629310104168059e-14
7.326647564469913831e+00 1.135099180310275871e-14
7.349570200573065648e+00 1.055501675413117372e-14
7.372492836676217465e+00 9.814291001337024760e-15
7.395415472779369281e+00 9.125015000408209713e-15
7.418338108882521098e+00 8.483648046304838324e-15
7.441260744985672915e+00 7.886890899915774591e-15
7.464183381088824731e+00 7.331669541140214385e-15
7.487106017191976548e+00 6.815119981817015860e-15
7.510028653295128365e+00 6.334574074852926311e-15
7.532951289398280181e+00 5.887546258859385103e-15
7.555873925501432886e+00 5.471721180564256704e-15
7.578796561604584703e+00 5.084942140193665115e-15
7.601719197707736519e+00 4.725200307898076459e-15
7.624641833810888336e+00 4.390624662110499030e-15
7.647564469914040153e+00 4.079472603457767787e-15
7.670487106017191969e+00 3.790121200490002456e-15
7.693409742120343786e+00 3.521059026040052208e-15
7.716332378223495603e+00 3.270878545468998593e-15
7.739255014326647419e+00 3.038269020392168930e-15
7.762177650429799236e+00 2.822009893711186167e-15
7.785100286532951053e+00 2.620964623900286335e-15
7.808022922636102869e+00 2.434074938510706368e-15
7.830945558739254686e+00 2.260355478766460113e-15
7.853868194842406503e+00 2.098888808930666592e-15
7.876790830945558319e+00 1.948820765826486654e-15
7.899713467048710136e+00 1.809356125503844856e-15
7.922636103151861953e+00 1.679754565555952185e-15
7.945558739255013769e+00 1.559326903012003271e-15
7.968481375358165586e+00 1.447431589068058702e-15
7.991404011461317403e+00 1.343471443171129779e-15
8.014326647564470107e+00 1.246890610145833089e-15
8.037249283667621924e+00 1.157171725152609197e-15
8.060171919770773741e+00 1.073833272295385199e-15
8.083094555873925557e+00 9.964271236587373003e-16
8.106017191977077374e+00 9.245362464534579921e-16
8.128939828080229191e+00 8.577725667890835459e-16
8.151862464183381007e+00 7.957749793755713347e-16
8.174785100286532824e+00 7.382074931874947211e-16
8.197707736389684641e+00 6.847575038060142162e-16
8.220630372492836457e+00 6.351341837896552136e-16
8.243553008595988274e+00 5.890669830174303117e-16
8.266475644699140091e+00 5.463042314999508242e-16
8.289398280802291907e+00 5.066118376685186624e-16
8.312320916905443724e+00 4.697720756311911384e-16
8.335243553008595541e+00 4.355824553309554221e-16
8.358166189111747357e+00 4.038546699565198036e-16
8.381088825214899174e+00 3.744136153429924260e-16
8.404011461318050991e+00 3.470964764597923347e-16
8.426934097421202807e+00 3.217518764183462792e-16
8.449856733524356400e+00 2.982390837441947311e-16
8.472779369627506441e+00 2.764272739486781048e-16
8.495702005730660034e+00 2.561948417057807507e-16
8.518624641833810074e+00 2.374287601916511152e-16
8.541547277936963667e+00 2.200239843785954763e-16
8.564469914040113707e+00 2.038828952938558573e-16
8.587392550143267300e+00 1.889147824565713571e-16
8.610315186246417340e+00 1.750353618958325615e-16
8.633237822349570934e+00 1.621663273288894885e-16
8.656160458452720974e+00 1.502349322429804663e-16
8.679083094555874567e+00 1.391736007770952362e-16
8.702005730659024607e+00 1.289195654426731297e-16
8.724928366762178200e+00 1.194145298549198017e-16
8.747851002865328240e+00 1.106043547703105921e-16
8.770773638968481833e+00 1.024387658410826043e-16
8.793696275071631874e+00 9.487108160512203526e-17
8.816618911174785467e+00 8.785796032977095999e-17
8.839541547277935507e+00 8.135916442158249016e-17
8.862464183381089100e+00 7.533734120107138845e-17
8.885386819484239140e+00 6.975781892278829315e-17
8.908309455587392733e+00 6.458841699670483866e-17
8.931232091690544550e+00 5.979926943757737870e-17
8.954154727793696367e+00 5.536266063475958052e-17
8.977077363896848183e+00 5.125287259640449851e-17
9.000000000000000000e+00 4.744604287925907672e-17
