# log10(T) rate(cm^3/s)
# Total Recomb Rates
1.000000000000000000e+00 1.472841215204076818e-10
1.022922636103151817e+00 1.446951772357579546e-10
1.045845272206303633e+00 1.423453463609154126e-10
1.068767908309455672e+00 1.402134514879832162e-10
1.091690544412607489e+00 1.382751124082940841e-10
1.114613180515759305e+00 1.365034020104682611e-10
1.137535816618911122e+00 1.348695962114365876e-10
1.160458452722062939e+00 1.333439751250648512e-10
1.183381088825214977e+00 1.318966333098109274e-10
1.206303724928366794e+00 1.304982603497763906e-10
1.229226361031518611e+00 1.291208585584299999e-10
1.252148997134670427e+00 1.277383715265590213e-10
1.275071633237822244e+00 1.263272048522185230e-10
1.297994269340974283e+00 1.248666280513635438e-10
1.320916905444126099e+00 1.233390538302662032e-10
1.343839541547277916e+00 1.217301972190542864e-10
1.366762177650429733e+00 1.200291222753277860e-10
1.389684813753581771e+00 1.182281880545439820e-10
1.412607449856733588e+00 1.163229083075817119e-10
1.435530085959885405e+00 1.143117409882510181e-10
1.458452722063037221e+00 1.121958242727457891e-10
1.481375358166189038e+00 1.099786755737605796e-10
1.504297994269340855e+00 1.076658691395640211e-10
1.527220630372492671e+00 1.052647064097698137e-10
1.550143266475644710e+00 1.027838914741520343e-10
1.573065902578796527e+00 1.002332218416904113e-10
1.595988538681948565e+00 9.762330235258297122e-11
1.618911174785100382e+00 9.496528753793108402e-11
1.641833810888252199e+00 9.227065515291496527e-11
1.664756446991404015e+00 8.955101111420191154e-11
1.687679083094555832e+00 8.681792382604100345e-11
1.710601719197707649e+00 8.408278406133380097e-11
1.733524355300859465e+00 8.135668533967178904e-11
1.756446991404011282e+00 7.865031923290952081e-11
1.779369627507163321e+00 7.597388027293526222e-11
1.802292263610315137e+00 7.333697608445985937e-11
1.825214899713467176e+00 7.074853987206801237e-11
1.848137535816618993e+00 6.821674423343772854e-11
1.871060171919770809e+00 6.574891718433013696e-11
1.893982808022922626e+00 6.335146299824653630e-11
1.916905444126074443e+00 6.102979175525057337e-11
1.939828080229226259e+00 5.878826220135092470e-11
1.962750716332378076e+00 5.663014257182107214e-11
1.985673352435529893e+00 5.455759345037665995e-11
2.008595988538681709e+00 5.257167562290113210e-11
2.031518624641833526e+00 5.067238439907804695e-11
2.054441260744985343e+00 4.885871020775546290e-11
2.077363896848137603e+00 4.712872361411123233e-11
2.100286532951289420e+00 4.547968142853182892e-11
2.123209169054441237e+00 4.390814940884383194e-11
2.146131805157593053e+00 4.241013628053978441e-11
2.169054441260744870e+00 4.098123344485717562e-11
2.191977077363897131e+00 3.961675479737254029e-11
2.214899713467048947e+00 3.831187148927586757e-11
2.237822349570200764e+00 3.706173715419233424e-11
2.260744985673352581e+00 3.586160000720048989e-11
2.283667621776504397e+00 3.470689920966088371e-11
2.306590257879656214e+00 3.359334390065765882e-11
2.329512893982808031e+00 3.251697425332459818e-11
2.352435530085959847e+00 3.147420476860563260e-11
2.375358166189111664e+00 3.046185073417353509e-11
2.398280802292263481e+00 2.947713933315320927e-11
2.421203438395415297e+00 2.851770728147882198e-11
2.444126074498567114e+00 2.758158711144440744e-11
2.467048710601718930e+00 2.666718431816434011e-11
2.489971346704870747e+00 2.577324756661088617e-11
2.512893982808022564e+00 2.489883404372109488e-11
2.535816618911174825e+00 2.404327185727313281e-11
2.558739255014326641e+00 2.320612115401905889e-11
2.581661891117478458e+00 2.238713537461814429e-11
2.604584527220630275e+00 2.158622379971818774e-11
2.627507163323782091e+00 2.080341628404686840e-11
2.650429799426934352e+00 2.003883083407660340e-11
2.673352435530086169e+00 1.929264446694464805e-11
2.696275071633237985e+00 1.856506759822413653e-11
2.719197707736389802e+00 1.785632204585033371e-11
2.742120343839541619e+00 1.716662260711520013e-11
2.765042979942693435e+00 1.649616206385137587e-11
2.787965616045845252e+00 1.584509939545801312e-11
2.810888252148997069e+00 1.521355092741783809e-11
2.833810888252148885e+00 1.460158411130401116e-11
2.856733524355300702e+00 1.400921361787275770e-11
2.879656160458452518e+00 1.343639942477402707e-11
2.902578796561604335e+00 1.288304659206619831e-11
2.925501432664756152e+00 1.234900643973365753e-11
2.948424068767907968e+00 1.183407886953873322e-11
2.971346704871059785e+00 1.133801560642628830e-11
2.994269340974212046e+00 1.086052416958616897e-11
3.017191977077363862e+00 1.040127241685458888e-11
3.040114613180515679e+00 9.959893534603185127e-12
3.063037249283667496e+00 9.535991364752193917e-12
3.085959885386819312e+00 9.129145967844282492e-12
3.108882521489971129e+00 8.738919314637460243e-12
3.131805157593122946e+00 8.364860979317601403e-12
3.154727793696275207e+00 8.006513679080504258e-12
3.177650429799427023e+00 7.663418474202939589e-12
3.200573065902578840e+00 7.335119418428369941e-12
3.223495702005730656e+00 7.021167440485782127e-12
3.246418338108882473e+00 6.721123251227315703e-12
3.269340974212034290e+00 6.434559111277956454e-12
3.292263610315186106e+00 6.161059360796478113e-12
3.315186246418337923e+00 5.900219700709220441e-12
3.338108882521489740e+00 5.651645314248686246e-12
3.361031518624641556e+00 5.414948016872347600e-12
3.383954154727793817e+00 5.189742709151324088e-12
3.406876790830945634e+00 4.975643470007776765e-12
3.429799426934097450e+00 4.772259658977715016e-12
3.452722063037249267e+00 4.579192392515046374e-12
3.475644699140401084e+00 4.396031721842666128e-12
3.498567335243552900e+00 4.222354773713281790e-12
3.521489971346704717e+00 4.057725028932328859e-12
3.544412607449856534e+00 3.901692816554040572e-12
3.567335243553008350e+00 3.753797004452587529e-12
3.590257879656160167e+00 3.613567778613871567e-12
3.613180515759312428e+00 3.480530331128662442e-12
3.636103151862464244e+00 3.354209225119187577e-12
3.659025787965616061e+00 3.234133175682969961e-12
3.681948424068767878e+00 3.119839978947331882e-12
3.704871060171919694e+00 3.010881334085193004e-12
3.727793696275071511e+00 2.906827331862571590e-12
3.750716332378223328e+00 2.807270423434560949e-12
3.773638968481375144e+00 2.711828729967335737e-12
3.796561604584526961e+00 2.620148602820615911e-12
3.819484240687678778e+00 2.531906391689861045e-12
3.842406876790831038e+00 2.446809421322322102e-12
3.865329512893982855e+00 2.364596214132442228e-12
3.888252148997134672e+00 2.285036025074760338e-12
3.911174785100286488e+00 2.207927776090539280e-12
3.934097421203438305e+00 2.133098490569012338e-12
3.957020057306590122e+00 2.060401334275866410e-12
3.979942693409741938e+00 1.989713369151717090e-12
4.002865329512893311e+00 1.920933121544865533e-12
4.025787965616045128e+00 1.853978058275848554e-12
4.048710601719197832e+00 1.788782054177560522e-12
4.071633237822349649e+00 1.725292925718191978e-12
4.094555873925501466e+00 1.663470100374262509e-12
4.117478510028653282e+00 1.603282495721814440e-12
4.140401146131805099e+00 1.544706703288517818e-12
4.163323782234956916e+00 1.487725620016977820e-12
4.186246418338108732e+00 1.432327755789917674e-12
4.209169054441260549e+00 1.378507577570883971e-12
4.232091690544412366e+00 1.326267429814564659e-12
4.255014326647564182e+00 1.275621781713333214e-12
4.277936962750716887e+00 1.226604756902516017e-12
4.300859598853868704e+00 1.179282037655598776e-12
4.323782234957020520e+00 1.133768220650765633e-12
4.346704871060172337e+00 1.090250447664148156e-12
4.369627507163324154e+00 1.049018574126494943e-12
4.392550143266475970e+00 1.010501251145052329e-12
4.415472779369627787e+00 9.753061337081800433e-13
4.438395415472779604e+00 9.442611227451202919e-13
4.461318051575931420e+00 9.184523070566657939e-13
4.484240687679083237e+00 8.992533389086655997e-13
4.507163323782235054e+00 8.883405925200728704e-13
4.530085959885386870e+00 8.876887941915288943e-13
4.553008595988538687e+00 8.995429450323281668e-13
4.575931232091690504e+00 9.263642174964454599e-13
4.598853868194842320e+00 9.707498996589485678e-13
4.621776504297994137e+00 1.035330090233919814e-12
4.644699140401145954e+00 1.122646367482292388e-12
4.667621776504297770e+00 1.235019732435838299e-12
4.690544412607449587e+00 1.374416494772206526e-12
4.713467048710601404e+00 1.542321269540663861e-12
4.736389684813753220e+00 1.739625851802749629e-12
4.759312320916905037e+00 1.966541521243588148e-12
4.782234957020056854e+00 2.222540482053178253e-12
4.805157593123208670e+00 2.506329904907117947e-12
4.828080229226360487e+00 2.815859665113535192e-12
4.851002865329512304e+00 3.148362602403204454e-12
4.873925501432664120e+00 3.500424156045386615e-12
4.896848137535815937e+00 3.868076685684708847e-12
4.919770773638967754e+00 4.246912740769160852e-12
4.942693409742119570e+00 4.632210998214915441e-12
4.965616045845272275e+00 5.019068510668852232e-12
4.988538681948424092e+00 5.402533225688695560e-12
5.011461318051575908e+00 5.777731360861342523e-12
5.034383954154727725e+00 6.139985057560379446e-12
5.057306590257879542e+00 6.484916697250131264e-12
5.080229226361031358e+00 6.808537270154525442e-12
5.103151862464183175e+00 7.107317171964669665e-12
5.126074498567334992e+00 7.378238720458326016e-12
5.148997134670486808e+00 7.618830495502512831e-12
5.171919770773638625e+00 7.827184291116988418e-12
5.194842406876790442e+00 8.001956016484053306e-12
5.217765042979942258e+00 8.142352292460859055e-12
5.240687679083094075e+00 8.248104766787446637e-12
5.263610315186245892e+00 8.319434325484460355e-12
5.286532951289397708e+00 8.357007424173726821e-12
5.309455587392550413e+00 8.361886717692723783e-12
5.332378223495702230e+00 8.335478046884772408e-12
5.355300859598854046e+00 8.279475665344672609e-12
5.378223495702005863e+00 8.195807372958090613e-12
5.401146131805157680e+00 8.086580982719326438e-12
5.424068767908309496e+00 7.954033296194183272e-12
5.446991404011461313e+00 7.800482512705512513e-12
5.469914040114613130e+00 7.628284757265724078e-12
5.492836676217764946e+00 7.439795189679736341e-12
5.515759312320916763e+00 7.237333957220503671e-12
5.538681948424068580e+00 7.023157079053155580e-12
5.561604584527220396e+00 6.799432203697402317e-12
5.584527220630372213e+00 6.568219061411085710e-12
5.607449856733524030e+00 6.331454340470372992e-12
5.630372492836675846e+00 6.090940648088351138e-12
5.653295128939827663e+00 5.848339170741219850e-12
5.676217765042979480e+00 5.605165622189207901e-12
5.699140401146131296e+00 5.362789057554317285e-12
5.722063037249283113e+00 5.122433135511850606e-12
5.744985673352435818e+00 4.885179425148335599e-12
5.767908309455587634e+00 4.651972376723901120e-12
5.790830945558739451e+00 4.423625604106938098e-12
5.813753581661891268e+00 4.200829158977577281e-12
5.836676217765043084e+00 3.984157511288032614e-12
5.859598853868194901e+00 3.774077985494822166e-12
5.882521489971346718e+00 3.570959436601028795e-12
5.905444126074498534e+00 3.375080983193555113e-12
5.928366762177650351e+00 3.186640645793201957e-12
5.951289398280802168e+00 3.005763767521055848e-12
5.974212034383953984e+00 2.832511120060784865e-12
5.997134670487105801e+00 2.666886621041649387e-12
6.020057306590257618e+00 2.508844609270872154e-12
6.042979942693409434e+00 2.358296641782387779e-12
6.065902578796561251e+00 2.215117791580180141e-12
6.088825214899713067e+00 2.079152437420612345e-12
6.111747851002864884e+00 1.950219547209193877e-12
6.134670487106016701e+00 1.828117464806944366e-12
6.157593123209168517e+00 1.712628216478415752e-12
6.180515759312320334e+00 1.603521358091958955e-12
6.203438395415473039e+00 1.500557387717871948e-12
6.226361031518624856e+00 1.403490750663346687e-12
6.249283667621776672e+00 1.312072465419606966e-12
6.272206303724928489e+00 1.226052399644543753e-12
6.295128939828080306e+00 1.145181225312643246e-12
6.318051575931232122e+00 1.069212081665358804e-12
6.340974212034383939e+00 9.979019737035930546e-13
6.363896848137535756e+00 9.310129327780321704e-13
6.386819484240687572e+00 8.683129644361797579e-13
6.409742120343839389e+00 8.095768071467727794e-13
6.432664756446991206e+00 7.545865239005344227e-13
6.455587392550143022e+00 7.031319470277002137e-13
6.478510028653294839e+00 6.550109949149575953e-13
6.501432664756446655e+00 6.100298776766214650e-13
6.524355300859598472e+00 5.680032072594592674e-13
6.547277936962750289e+00 5.287540259540312079e-13
6.570200573065902105e+00 4.921137658593950997e-13
6.593123209169053922e+00 4.579221505100709089e-13
6.616045845272205739e+00 4.260270486285892388e-13
6.638968481375357555e+00 3.962842888153920157e-13
6.661891117478510260e+00 3.685574429299078621e-13
6.684813753581662077e+00 3.427175849502559481e-13
6.707736389684813894e+00 3.186430312209995307e-13
6.730659025787965710e+00 2.962190672046519219e-13
6.753581661891117527e+00 2.753376651384226990e-13
6.776504297994269344e+00 2.558971963580478091e-13
6.799426934097421160e+00 2.378021414801413572e-13
6.822349570200572977e+00 2.209628011280581196e-13
6.845272206303724793e+00 2.052950094385247503e-13
6.868194842406876610e+00 1.907198521921638867e-13
6.891117478510028427e+00 1.771633910656078586e-13
6.914040114613180243e+00 1.645563952015119122e-13
6.936962750716332060e+00 1.528340810310460384e-13
6.959885386819483877e+00 1.419358610572806224e-13
6.982808022922635693e+00 1.318051021134819772e-13
7.005730659025787510e+00 1.223888934441988290e-13
7.028653295128939327e+00 1.136378248159513822e-13
7.051575931232091143e+00 1.055057747453908578e-13
7.074498567335242960e+00 9.794970883333790918e-14
7.097421203438395665e+00 9.092948811072195552e-14
7.120343839541547482e+00 8.440768723497704814e-14
7.143266475644699298e+00 7.834942232095948697e-14
7.166189111747851115e+00 7.272218814725577105e-14
7.189111747851002931e+00 6.749570444536287820e-14
7.212034383954154748e+00 6.264177095463189155e-14
7.234957020057306565e+00 5.813413090974557350e-14
7.257879656160458381e+00 5.394834262119027597e-14
7.280802292263610198e+00 5.006165881735773057e-14
7.303724928366762015e+00 4.645291345065863998e-14
7.326647564469913831e+00 4.310241575122434640e-14
7.349570200573065648e+00 3.999185147804634153e-14
7.372492836676217465e+00 3.710419162508229677e-14
7.395415472779369281e+00 3.442360936046643786e-14
7.418338108882521098e+00 3.193540678162123950e-14
7.441260744985672915e+00 2.962595419658358084e-14
7.464183381088824731e+00 2.748264605156481773e-14
7.487106017191976548e+00 2.549387914428212255e-14
7.510028653295128365e+00 2.364906005061029686e-14
7.532951289398280181e+00 2.193864924205899261e-14
7.555873925501432886e+00 2.035424857840432847e-14
7.578796561604584703e+00 1.888873615560322620e-14
7.601719197707736519e+00 1.753644752842288804e-14
7.624641833810888336e+00 1.629339517593658077e-14
7.647564469914040153e+00 1.515750934437027578e-14
7.670487106017191969e+00 1.412887425126494279e-14
7.693409742120343786e+00 1.320992565742297805e-14
7.716332378223495603e+00 1.240557075136283138e-14
7.739255014326647419e+00 1.172319068356608927e-14
7.762177650429799236e+00 1.117249091038405306e-14
7.785100286532951053e+00 1.076517490337647817e-14
7.808022922636102869e+00 1.051443195063146382e-14
7.830945558739254686e+00 1.043424806425266379e-14
7.853868194842406503e+00 1.053856815263961292e-14
7.876790830945558319e+00 1.084035513066630208e-14
7.899713467048710136e+00 1.135060522351721221e-14
7.922636103151861953e+00 1.207738661774671765e-14
7.945558739255013769e+00 1.302496987173837879e-14
7.968481375358165586e+00 1.419311306102940219e-14
7.991404011461317403e+00 1.557655329111821551e-14
8.014326647564470107e+00 1.716474041764296058e-14
8.037249283667621924e+00 1.894183043709174545e-14
8.060171919770773741e+00 2.088693704214006514e-14
8.083094555873925557e+00 2.297462212961747325e-14
8.106017191977077374e+00 2.517559112033204568e-14
8.128939828080229191e+00 2.745754784428782844e-14
8.151862464183381007e+00 2.978615699245210566e-14
8.174785100286532824e+00 3.212605977621740297e-14
8.197707736389684641e+00 3.444189009393133726e-14
8.220630372492836457e+00 3.669924350337777430e-14
8.243553008595988274e+00 3.886555878211781131e-14
8.266475644699140091e+00 4.091088090188797934e-14
8.289398280802291907e+00 4.280848396048817026e-14
8.312320916905443724e+00 4.453534222388479404e-14
8.335243553008595541e+00 4.607244630565306967e-14
8.358166189111747357e+00 4.740496919850117710e-14
8.381088825214899174e+00 4.852229309654769704e-14
8.404011461318050991e+00 4.941791258938178973e-14
8.426934097421202807e+00 5.008923288474425079e-14
8.449856733524356400e+00 5.053728334268865101e-14
8.472779369627506441e+00 5.076636696684805612e-14
8.495702005730660034e+00 5.078366582460596819e-14
8.518624641833810074e+00 5.059882089900147358e-14
8.541547277936963667e+00 5.022350284731485474e-14
8.564469914040113707e+00 4.967098777100224004e-14
8.587392550143267300e+00 4.895574957651714642e-14
8.610315186246417340e+00 4.809307798034050834e-14
8.633237822349570934e+00 4.709872880303650652e-14
8.656160458452720974e+00 4.598861099171680812e-14
8.679083094555874567e+00 4.477851286310714546e-14
8.702005730659024607e+00 4.348386839991704870e-14
8.724928366762178200e+00 4.211956306985599133e-14
8.747851002865328240e+00 4.069977756179756324e-14
8.770773638968481833e+00 3.923786702791550061e-14
8.793696275071631874e+00 3.774627285714922924e-14
8.816618911174785467e+00 3.623646365268077307e-14
8.839541547277935507e+00 3.471890191120075973e-14
8.862464183381089100e+00 3.320303287181410688e-14
8.885386819484239140e+00 3.169729208659642491e-14
8.908309455587392733e+00 3.020912843482512034e-14
8.931232091690544550e+00 2.874503953398890264e-14
8.954154727793696367e+00 2.731061677149724875e-14
8.977077363896848183e+00 2.591059747393722201e-14
9.000000000000000000e+00 2.454892203143763606e-14
