# log10(T) rate(cm^3/s)
# Total Recomb Rates
1.000000000000000000e+00 7.135500230051116670e-10
1.022922636103151817e+00 6.919802917351773628e-10
1.045845272206303633e+00 6.710371482585557976e-10
1.068767908309455672e+00 6.507037447761931242e-10
1.091690544412607489e+00 6.309640053408512645e-10
1.114613180515759305e+00 6.118028869199715318e-10
1.137535816618911122e+00 5.932068056464527090e-10
1.160458452722062939e+00 5.751642898511259872e-10
1.183381088825214977e+00 5.576669223170000307e-10
1.206303724928366794e+00 5.407106221919119477e-10
1.229226361031518611e+00 5.242972879949948075e-10
1.252148997134670427e+00 5.084367754296211282e-10
1.275071633237822244e+00 4.931491193998690988e-10
1.297994269340974283e+00 4.784668354618208992e-10
1.320916905444126099e+00 4.644370629624644230e-10
1.343839541547277916e+00 4.511232541156870181e-10
1.366762177650429733e+00 4.386060842226513647e-10
1.389684813753581771e+00 4.269832693328121922e-10
1.412607449856733588e+00 4.163680344739174882e-10
1.435530085959885405e+00 4.068860764443022944e-10
1.458452722063037221e+00 3.986710007131038632e-10
1.481375358166189038e+00 3.918583664821487203e-10
1.504297994269340855e+00 3.865786278488719121e-10
1.527220630372492671e+00 3.829493921131556883e-10
1.550143266475644710e+00 3.810675111473811737e-10
1.573065902578796527e+00 3.810015663448676388e-10
1.595988538681948565e+00 3.827852969151236660e-10
1.618911174785100382e+00 3.864124574659477143e-10
1.641833810888252199e+00 3.918334826304990471e-10
1.664756446991404015e+00 3.989541974055603621e-10
1.687679083094555832e+00 4.076366577865506671e-10
1.710601719197707649e+00 4.177020533176419873e-10
1.733524355300859465e+00 4.289354656105697531e-10
1.756446991404011282e+00 4.410921657514559512e-10
1.779369627507163321e+00 4.539050557862580050e-10
1.802292263610315137e+00 4.670928179237143514e-10
1.825214899713467176e+00 4.803683286717845842e-10
1.848137535816618993e+00 4.934469197204839017e-10
1.871060171919770809e+00 5.060541167882489412e-10
1.893982808022922626e+00 5.179325545398392153e-10
1.916905444126074443e+00 5.288478425384229981e-10
1.939828080229226259e+00 5.385932370210832045e-10
1.962750716332378076e+00 5.469930501440263416e-10
1.985673352435529893e+00 5.539047976414415146e-10
2.008595988538681709e+00 5.592201444474133480e-10
2.031518624641833526e+00 5.628647540152082324e-10
2.054441260744985343e+00 5.647971803423833983e-10
2.077363896848137603e+00 5.650069625832695421e-10
2.100286532951289420e+00 5.635120918391793840e-10
2.123209169054441237e+00 5.603560199464919294e-10
2.146131805157593053e+00 5.556043727079536325e-10
2.169054441260744870e+00 5.493415168771579953e-10
2.191977077363897131e+00 5.416671129631048846e-10
2.214899713467048947e+00 5.326927659451021989e-10
2.237822349570200764e+00 5.225388643647108624e-10
2.260744985673352581e+00 5.113316758524985924e-10
2.283667621776504397e+00 4.992007446984397297e-10
2.306590257879656214e+00 4.862766153329082636e-10
2.329512893982808031e+00 4.726888853832487471e-10
2.352435530085959847e+00 4.585645742436163564e-10
2.375358166189111664e+00 4.440267788131351940e-10
2.398280802292263481e+00 4.291935780865269991e-10
2.421203438395415297e+00 4.141771432129900348e-10
2.444126074498567114e+00 3.990830096276267586e-10
2.467048710601718930e+00 3.840094725256961878e-10
2.489971346704870747e+00 3.690470753774715483e-10
2.512893982808022564e+00 3.542781720190364195e-10
2.535816618911174825e+00 3.397765545009085286e-10
2.558739255014326641e+00 3.256071497143907130e-10
2.581661891117478458e+00 3.118257964435489533e-10
2.604584527220630275e+00 2.984791199113346609e-10
2.627507163323782091e+00 2.856045226202285932e-10
2.650429799426934352e+00 2.732303083886388099e-10
2.673352435530086169e+00 2.613759514900706262e-10
2.696275071633237985e+00 2.500525156015385785e-10
2.719197707736389802e+00 2.392632189395717548e-10
2.742120343839541619e+00 2.290041336037990523e-10
2.765042979942693435e+00 2.192649997214415181e-10
2.787965616045845252e+00 2.100301292008598100e-10
2.810888252148997069e+00 2.012793701503740296e-10
2.833810888252148885e+00 1.929891013641531738e-10
2.856733524355300702e+00 1.851332265020291220e-10
2.879656160458452518e+00 1.776841392833486950e-10
2.902578796561604335e+00 1.706136336866586172e-10
2.925501432664756152e+00 1.638937363449480419e-10
2.948424068767907968e+00 1.574974417281936034e-10
2.971346704871059785e+00 1.513993341672761651e-10
2.994269340974212046e+00 1.455760843252401702e-10
3.017191977077363862e+00 1.400068115105729072e-10
3.040114613180515679e+00 1.346733074301082643e-10
3.063037249283667496e+00 1.295601217086657950e-10
3.085959885386819312e+00 1.246545147297273227e-10
3.108882521489971129e+00 1.199462888693838968e-10
3.131805157593122946e+00 1.154275146308405913e-10
3.154727793696275207e+00 1.110921730544449844e-10
3.177650429799427023e+00 1.069357395682063089e-10
3.200573065902578840e+00 1.029547367137118383e-10
3.223495702005730656e+00 9.914628363885712103e-11
3.246418338108882473e+00 9.550766879986781914e-11
3.269340974212034290e+00 9.203596908527863024e-11
3.292263610315186106e+00 8.872773388354431512e-11
3.315186246418337923e+00 8.557874692800799997e-11
3.338108882521489740e+00 8.258387260917197924e-11
3.361031518624641556e+00 7.973698739119137952e-11
3.383954154727793817e+00 7.703099149579758481e-11
3.406876790830945634e+00 7.445789150548275501e-11
3.429799426934097450e+00 7.200894123863700038e-11
3.452722063037249267e+00 6.967482627121358575e-11
3.475644699140401084e+00 6.744587679852745852e-11
3.498567335243552900e+00 6.531229401070202204e-11
3.521489971346704717e+00 6.326437657478002198e-11
3.544412607449856534e+00 6.129273590018630473e-11
3.567335243553008350e+00 5.938849131445343616e-11
3.590257879656160167e+00 5.754343880454808168e-11
3.613180515759312428e+00 5.575018933604695828e-11
3.636103151862464244e+00 5.400227476174911569e-11
3.659025787965616061e+00 5.229422086812943359e-11
3.681948424068767878e+00 5.062158816512511658e-11
3.704871060171919694e+00 4.898098166592406499e-11
3.727793696275071511e+00 4.737003125361048562e-11
3.750716332378223328e+00 4.578734444633470576e-11
3.773638968481375144e+00 4.423243360338320226e-11
3.796561604584526961e+00 4.270561997544596296e-11
3.819484240687678778e+00 4.120791754761447631e-11
3.842406876790831038e+00 3.974090033779959753e-11
3.865329512893982855e+00 3.830655761754506759e-11
3.888252148997134672e+00 3.690714229366114039e-11
3.911174785100286488e+00 3.554501828795115085e-11
3.934097421203438305e+00 3.422251305115890013e-11
3.957020057306590122e+00 3.294178125598584457e-11
3.979942693409741938e+00 3.170468519581315539e-11
4.002865329512893311e+00 3.051269649238856413e-11
4.025787965616045128e+00 2.936682246228852780e-11
4.048710601719197832e+00 2.826755902354849049e-11
4.071633237822349649e+00 2.721487047788775881e-11
4.094555873925501466e+00 2.620819502202590129e-11
4.117478510028653282e+00 2.524647355414533970e-11
4.140401146131805099e+00 2.432819835742643111e-11
4.163323782234956916e+00 2.345147764336906051e-11
4.186246418338108732e+00 2.261411177503180068e-11
4.209169054441260549e+00 2.181367728320655342e-11
4.232091690544412366e+00 2.104761551614407852e-11
4.255014326647564182e+00 2.031332385361844658e-11
4.277936962750716887e+00 1.960824873109517430e-11
4.300859598853868704e+00 1.892998104674067886e-11
4.323782234957020520e+00 1.827635558112990691e-11
4.346704871060172337e+00 1.764555652697688230e-11
4.369627507163324154e+00 1.703623080597016522e-11
4.392550143266475970e+00 1.644760934659632309e-11
4.415472779369627787e+00 1.587963390186768950e-11
4.438395415472779604e+00 1.533308353655268469e-11
4.461318051575931420e+00 1.480969110377328242e-11
4.484240687679083237e+00 1.431223655673388556e-11
4.507163323782235054e+00 1.384460158447147196e-11
4.530085959885386870e+00 1.341176953111917525e-11
4.553008595988538687e+00 1.301975633410912268e-11
4.575931232091690504e+00 1.267546241845663823e-11
4.598853868194842320e+00 1.238644181846188257e-11
4.621776504297994137e+00 1.216059258565472955e-11
4.644699140401145954e+00 1.200578082421367500e-11
4.667621776504297770e+00 1.192941839600601956e-11
4.690544412607449587e+00 1.193802044218372070e-11
4.713467048710601404e+00 1.203677258473001577e-11
4.736389684813753220e+00 1.222913854104648043e-11
4.759312320916905037e+00 1.251653682845956264e-11
4.782234957020056854e+00 1.289811053290850517e-11
4.805157593123208670e+00 1.337060733175506282e-11
4.828080229226360487e+00 1.392837884029699068e-11
4.851002865329512304e+00 1.456349971065371160e-11
4.873925501432664120e+00 1.526599853720672261e-11
4.896848137535815937e+00 1.602418519960926930e-11
4.919770773638967754e+00 1.682505333958264973e-11
4.942693409742119570e+00 1.765473258893138972e-11
4.965616045845272275e+00 1.849896313718044046e-11
4.988538681948424092e+00 1.934356527360097125e-11
5.011461318051575908e+00 2.017487852953883465e-11
5.034383954154727725e+00 2.098014871311943356e-11
5.057306590257879542e+00 2.174784608432546684e-11
5.080229226361031358e+00 2.246790369541053310e-11
5.103151862464183175e+00 2.313187100795918298e-11
5.126074498567334992e+00 2.373298378557047912e-11
5.148997134670486808e+00 2.426615649327071615e-11
5.171919770773638625e+00 2.472790764795063787e-11
5.194842406876790442e+00 2.511623151916201569e-11
5.217765042979942258e+00 2.543043117633785537e-11
5.240687679083094075e+00 2.567092815323454892e-11
5.263610315186245892e+00 2.583906310740096602e-11
5.286532951289397708e+00 2.593690003349517992e-11
5.309455587392550413e+00 2.596704413655251182e-11
5.332378223495702230e+00 2.593248069001016093e-11
5.355300859598854046e+00 2.583643937819611134e-11
5.378223495702005863e+00 2.568228599315849914e-11
5.401146131805157680e+00 2.547344109884664808e-11
5.424068767908309496e+00 2.521332350221479734e-11
5.446991404011461313e+00 2.490531512662680936e-11
5.469914040114613130e+00 2.455274315816505827e-11
5.492836676217764946e+00 2.415887507746683165e-11
5.515759312320916763e+00 2.372692231750066886e-11
5.538681948424068580e+00 2.326004870574408241e-11
5.561604584527220396e+00 2.276138045958067521e-11
5.584527220630372213e+00 2.223401521534066047e-11
5.607449856733524030e+00 2.168102830644130267e-11
5.630372492836675846e+00 2.110547520343319123e-11
5.653295128939827663e+00 2.051038964505690357e-11
5.676217765042979480e+00 1.989877749818222448e-11
5.699140401146131296e+00 1.927360677400662117e-11
5.722063037249283113e+00 1.863779449829159705e-11
5.744985673352435818e+00 1.799419129366386116e-11
5.767908309455587634e+00 1.734556459684290574e-11
5.790830945558739451e+00 1.669458142095603046e-11
5.813753581661891268e+00 1.604379150171985218e-11
5.836676217765043084e+00 1.539561155437542169e-11
5.859598853868194901e+00 1.475231123223901910e-11
5.882521489971346718e+00 1.411600123146170223e-11
5.905444126074498534e+00 1.348862384118937026e-11
5.928366762177650351e+00 1.287194610210021366e-11
5.951289398280802168e+00 1.226755561498421298e-11
5.974212034383953984e+00 1.167685893805600126e-11
5.997134670487105801e+00 1.110108242859824978e-11
6.020057306590257618e+00 1.054127532136775968e-11
6.042979942693409434e+00 9.998314791908932009e-12
6.065902578796561251e+00 9.472912725705481089e-12
6.088825214899713067e+00 8.965623901704179217e-12
6.111747851002864884e+00 8.476855298697788306e-12
6.134670487106016701e+00 8.006876242869791739e-12
6.157593123209168517e+00 7.555829132107109596e-12
6.180515759312320334e+00 7.123740495313410716e-12
6.203438395415473039e+00 6.710532171000764024e-12
6.226361031518624856e+00 6.316032417287271320e-12
6.249283667621776672e+00 5.939986793759803366e-12
6.272206303724928489e+00 5.582068683432217273e-12
6.295128939828080306e+00 5.241889349452515104e-12
6.318051575931232122e+00 4.919007445728973876e-12
6.340974212034383939e+00 4.612937922889543528e-12
6.363896848137535756e+00 4.323160290756743451e-12
6.386819484240687572e+00 4.049126215738908052e-12
6.409742120343839389e+00 3.790266446234753152e-12
6.432664756446991206e+00 3.545997071425521912e-12
6.455587392550143022e+00 3.315725128843521436e-12
6.478510028653294839e+00 3.098853584049440631e-12
6.501432664756446655e+00 2.894785711834712907e-12
6.524355300859598472e+00 2.702928912808579014e-12
6.547277936962750289e+00 2.522698002250455727e-12
6.570200573065902105e+00 2.353518009916632467e-12
6.593123209169053922e+00 2.194826530283405190e-12
6.616045845272205739e+00 2.046075662667748858e-12
6.638968481375357555e+00 1.906733579955292040e-12
6.661891117478510260e+00 1.776285763429036389e-12
6.684813753581662077e+00 1.654235939558106653e-12
6.707736389684813894e+00 1.540106752683319916e-12
6.730659025787965710e+00 1.433440205418850008e-12
6.753581661891117527e+00 1.333797896354017506e-12
6.776504297994269344e+00 1.240761082350817931e-12
6.799426934097421160e+00 1.153930590442647821e-12
6.822349570200572977e+00 1.072926602088729405e-12
6.845272206303724793e+00 9.973883303587410619e-13
6.868194842406876610e+00 9.269736085364805918e-13
6.891117478510028427e+00 8.613584066569640423e-13
6.914040114613180243e+00 8.002362906393025005e-13
6.936962750716332060e+00 7.433178369544698129e-13
6.959885386819483877e+00 6.903300141754983100e-13
6.982808022922635693e+00 6.410155412974203701e-13
7.005730659025787510e+00 5.951322313828642554e-13
7.028653295128939327e+00 5.524523278823032339e-13
7.051575931232091143e+00 5.127618398898801674e-13
7.074498567335242960e+00 4.758598816200100312e-13
7.097421203438395665e+00 4.415580205194711076e-13
7.120343839541547482e+00 4.096796376570455909e-13
7.143266475644699298e+00 3.800593033503878345e-13
7.166189111747851115e+00 3.525421703903438057e-13
7.189111747851002931e+00 3.269833866989476953e-13
7.212034383954154748e+00 3.032475288019630504e-13
7.234957020057306565e+00 2.812080571033194079e-13
7.257879656160458381e+00 2.607467936108872866e-13
7.280802292263610198e+00 2.417534224748538320e-13
7.303724928366762015e+00 2.241250134560528921e-13
7.326647564469913831e+00 2.077655682369506146e-13
7.349570200573065648e+00 1.925855893179799309e-13
7.372492836676217465e+00 1.785016711023679730e-13
7.395415472779369281e+00 1.654361126596941768e-13
7.418338108882521098e+00 1.533165515687247820e-13
7.441260744985672915e+00 1.420756181704988478e-13
7.464183381088824731e+00 1.316506095104247718e-13
7.487106017191976548e+00 1.219831822108189207e-13
7.510028653295128365e+00 1.130190634906891590e-13
7.532951289398280181e+00 1.047077795356902021e-13
7.555873925501432886e+00 9.700240041634902252e-14
7.578796561604584703e+00 8.985930075537311115e-14
7.601719197707736519e+00 8.323793535378565658e-14
7.624641833810888336e+00 7.710062899965901139e-14
7.647564469914040153e+00 7.141237970130346905e-14
7.670487106017191969e+00 6.614067460809379605e-14
7.693409742120343786e+00 6.125531790590641889e-14
7.716332378223495603e+00 5.672826999977973496e-14
7.739255014326647419e+00 5.253349732334413864e-14
7.762177650429799236e+00 4.864683214234841889e-14
7.785100286532951053e+00 4.504584174783968272e-14
7.808022922636102869e+00 4.170970646291877798e-14
7.830945558739254686e+00 3.861910591522057621e-14
7.853868194842406503e+00 3.575611305514114040e-14
7.876790830945558319e+00 3.310409542717463638e-14
7.899713467048710136e+00 3.064762322838819411e-14
7.922636103151861953e+00 2.837238371394571331e-14
7.945558739255013769e+00 2.626510153460429206e-14
7.968481375358165586e+00 2.431346461519134099e-14
7.991404011461317403e+00 2.250605520618213606e-14
8.014326647564470107e+00 2.083228576261156812e-14
8.037249283667621924e+00 1.928233932565725543e-14
8.060171919770773741e+00 1.784711410232144712e-14
8.083094555873925557e+00 1.651817195772768892e-14
8.106017191977077374e+00 1.528769055264376441e-14
8.128939828080229191e+00 1.414841887597323334e-14
8.151862464183381007e+00 1.309363593814477373e-14
8.174785100286532824e+00 1.211711240660369087e-14
8.197707736389684641e+00 1.121307497900432076e-14
8.220630372492836457e+00 1.037617330325083756e-14
8.243553008595988274e+00 9.601449266271691096e-15
8.266475644699140091e+00 8.884308485376683127e-15
8.289398280802291907e+00 8.220493847271102628e-15
8.312320916905443724e+00 7.606060950325505515e-15
8.335243553008595541e+00 7.037355315558095905e-15
8.358166189111747357e+00 6.510991241014643440e-15
8.381088825214899174e+00 6.023832182862994256e-15
8.404011461318050991e+00 5.572972554588631764e-15
8.426934097421202807e+00 5.155720843217011784e-15
8.449856733524356400e+00 4.769583948528131261e-15
8.472779369627506441e+00 4.412252657799582327e-15
8.495702005730660034e+00 4.081588174742795510e-15
8.518624641833810074e+00 3.775609627014615758e-15
8.541547277936963667e+00 3.492482482011075302e-15
8.564469914040113707e+00 3.230507805617451005e-15
8.587392550143267300e+00 2.988112303209224937e-15
8.610315186246417340e+00 2.763839086506903132e-15
8.633237822349570934e+00 2.556339113892775150e-15
8.656160458452720974e+00 2.364363255529938446e-15
8.679083094555874567e+00 2.186754938091786672e-15
8.702005730659024607e+00 2.022443327140156736e-15
8.724928366762178200e+00 1.870437008190126113e-15
8.747851002865328240e+00 1.729818130292349993e-15
8.770773638968481833e+00 1.599736978556655309e-15
8.793696275071631874e+00 1.479406944453690819e-15
8.816618911174785467e+00 1.368099864970926836e-15
8.839541547277935507e+00 1.265141703782856030e-15
8.862464183381089100e+00 1.169908549528359764e-15
8.885386819484239140e+00 1.081822908086205067e-15
8.908309455587392733e+00 1.000350267407396531e-15
8.931232091690544550e+00 9.249959150138748689e-16
8.954154727793696367e+00 8.553019897112713383e-16
8.977077363896848183e+00 7.908447504002099245e-16
9.000000000000000000e+00 7.312320461106466149e-16
