# log10(T) rate(cm^3/s)
# Total Recomb Rates
1.000000000000000000e+00 3.230154692327088671e-09
1.022922636103151817e+00 3.143401791615498660e-09
1.045845272206303633e+00 3.058917053293193696e-09
1.068767908309455672e+00 2.976641580864489537e-09
1.091690544412607489e+00 2.896518014240690994e-09
1.114613180515759305e+00 2.818490489693254716e-09
1.137535816618911122e+00 2.742504600846206396e-09
1.160458452722062939e+00 2.668507360680586576e-09
1.183381088825214977e+00 2.596447164524454020e-09
1.206303724928366794e+00 2.526273754002637814e-09
1.229226361031518611e+00 2.457938181921093526e-09
1.252148997134670427e+00 2.391392778061427300e-09
1.275071633237822244e+00 2.326591115861734873e-09
1.297994269340974283e+00 2.263487979960543179e-09
1.320916905444126099e+00 2.202039334581290286e-09
1.343839541547277916e+00 2.142202292735298900e-09
1.366762177650429733e+00 2.083935086221843855e-09
1.389684813753581771e+00 2.027197036404457881e-09
1.412607449856733588e+00 1.971948525743131147e-09
1.435530085959885405e+00 1.918150970062675493e-09
1.458452722063037221e+00 1.865766791537956471e-09
1.481375358166189038e+00 1.814759392377295593e-09
1.504297994269340855e+00 1.765093129185758805e-09
1.527220630372492671e+00 1.716733287990614200e-09
1.550143266475644710e+00 1.669646059911636166e-09
1.573065902578796527e+00 1.623798517459471645e-09
1.595988538681948565e+00 1.579158591445668808e-09
1.618911174785100382e+00 1.535695048488463145e-09
1.641833810888252199e+00 1.493377469098792478e-09
1.664756446991404015e+00 1.452176226331496585e-09
1.687679083094555832e+00 1.412062464986994965e-09
1.710601719197707649e+00 1.373008081349185889e-09
1.733524355300859465e+00 1.334985703445686016e-09
1.756446991404011282e+00 1.297968671816897135e-09
1.779369627507163321e+00 1.261931020780769782e-09
1.802292263610315137e+00 1.226847460180498476e-09
1.825214899713467176e+00 1.192693357602718936e-09
1.848137535816618993e+00 1.159444721054140376e-09
1.871060171919770809e+00 1.127078182084868780e-09
1.893982808022922626e+00 1.095570979347010384e-09
1.916905444126074443e+00 1.064900942577461043e-09
1.939828080229226259e+00 1.035046476994098749e-09
1.962750716332378076e+00 1.005986548094896440e-09
1.985673352435529893e+00 9.777006668497702472e-10
2.008595988538681709e+00 9.501688752752676038e-10
2.031518624641833526e+00 9.233717323824674591e-10
2.054441260744985343e+00 8.972903004887510415e-10
2.077363896848137603e+00 8.719061318843571069e-10
2.100286532951289420e+00 8.472012558448927596e-10
2.123209169054441237e+00 8.231581659812161939e-10
2.146131805157593053e+00 7.997598079183689883e-10
2.169054441260744870e+00 7.769895672954372095e-10
2.191977077363897131e+00 7.548312580784765974e-10
2.214899713467048947e+00 7.332691111788496854e-10
2.237822349570200764e+00 7.122877633695178239e-10
2.260744985673352581e+00 6.918722464920679572e-10
2.283667621776504397e+00 6.720079769474269883e-10
2.306590257879656214e+00 6.526807454634197428e-10
2.329512893982808031e+00 6.338767071325121419e-10
2.352435530085959847e+00 6.155823717132534539e-10
2.375358166189111664e+00 5.977845941891092353e-10
2.398280802292263481e+00 5.804705655785391124e-10
2.421203438395415297e+00 5.636278039903296854e-10
2.444126074498567114e+00 5.472441459183483468e-10
2.467048710601718930e+00 5.313077377700251504e-10
2.489971346704870747e+00 5.158070276230162781e-10
2.512893982808022564e+00 5.007307572046250738e-10
2.535816618911174825e+00 4.860679540886962019e-10
2.558739255014326641e+00 4.718079241048097427e-10
2.581661891117478458e+00 4.579402439547221328e-10
2.604584527220630275e+00 4.444547540311145459e-10
2.627507163323782091e+00 4.313415514338082068e-10
2.650429799426934352e+00 4.185909831787105661e-10
2.673352435530086169e+00 4.061936395948518501e-10
2.696275071633237985e+00 3.941403479049562910e-10
2.719197707736389802e+00 3.824221659850912901e-10
2.742120343839541619e+00 3.710303762990056493e-10
2.765042979942693435e+00 3.599564800028568240e-10
2.787965616045845252e+00 3.491921912160978230e-10
2.810888252148997069e+00 3.387294314543678975e-10
2.833810888252148885e+00 3.285603242202978495e-10
2.856733524355300702e+00 3.186771897482085721e-10
2.879656160458452518e+00 3.090725398987445026e-10
2.902578796561604335e+00 2.997390731995442607e-10
2.925501432664756152e+00 2.906696700281106666e-10
2.948424068767907968e+00 2.818573879331013165e-10
2.971346704871059785e+00 2.732954570903140966e-10
2.994269340974212046e+00 2.649772758897012072e-10
3.017191977077363862e+00 2.568964066497985730e-10
3.040114613180515679e+00 2.490465714560073527e-10
3.063037249283667496e+00 2.414216481192270215e-10
3.085959885386819312e+00 2.340156662513829305e-10
3.108882521489971129e+00 2.268228034544510584e-10
3.131805157593122946e+00 2.198373816196354593e-10
3.154727793696275207e+00 2.130538633334058387e-10
3.177650429799427023e+00 2.064668483871614739e-10
3.200573065902578840e+00 2.000710703873378401e-10
3.223495702005730656e+00 1.938613934628355859e-10
3.246418338108882473e+00 1.878328090667031195e-10
3.269340974212034290e+00 1.819804328690646107e-10
3.292263610315186106e+00 1.762995017383460070e-10
3.315186246418337923e+00 1.707853708079099556e-10
3.338108882521489740e+00 1.654335106252740075e-10
3.361031518624641556e+00 1.602395043811483394e-10
3.383954154727793817e+00 1.551990452155939532e-10
3.406876790830945634e+00 1.503079335986676109e-10
3.429799426934097450e+00 1.455620747829833518e-10
3.452722063037249267e+00 1.409574763256922209e-10
3.475644699140401084e+00 1.364902456774451450e-10
3.498567335243552900e+00 1.321565878359744600e-10
3.521489971346704717e+00 1.279528030620001377e-10
3.544412607449856534e+00 1.238752846552337849e-10
3.567335243553008350e+00 1.199205167883260249e-10
3.590257879656160167e+00 1.160850723966725323e-10
3.613180515759312428e+00 1.123656111220647182e-10
3.636103151862464244e+00 1.087588773082412287e-10
3.659025787965616061e+00 1.052616980464670694e-10
3.681948424068767878e+00 1.018709812693383022e-10
3.704871060171919694e+00 9.858371389107703352e-11
3.727793696275071511e+00 9.539695999265442075e-11
3.750716332378223328e+00 9.230785905014282344e-11
3.773638968481375144e+00 8.931362420476969594e-11
3.796561604584526961e+00 8.641154057320957756e-11
3.819484240687678778e+00 8.359896359671572816e-11
3.842406876790831038e+00 8.087331742775733457e-11
3.865329512893982855e+00 7.823209335289023937e-11
3.888252148997134672e+00 7.567284825064823496e-11
3.911174785100286488e+00 7.319320308330446979e-11
3.934097421203438305e+00 7.079084142140525937e-11
3.957020057306590122e+00 6.846350800003826782e-11
3.979942693409741938e+00 6.620900730584707043e-11
4.002865329512893311e+00 6.402520219385929580e-11
4.025787965616045128e+00 6.191001253324105434e-11
4.048710601719197832e+00 5.986141388114235576e-11
4.071633237822349649e+00 5.787743618384037852e-11
4.094555873925501466e+00 5.595616250443202521e-11
4.117478510028653282e+00 5.409572777637042430e-11
4.140401146131805099e+00 5.229431758217598879e-11
4.163323782234956916e+00 5.055016695669305794e-11
4.186246418338108732e+00 4.886155921429646788e-11
4.209169054441260549e+00 4.722682479948642146e-11
4.232091690544412366e+00 4.564434016034119538e-11
4.255014326647564182e+00 4.411252664432640022e-11
4.277936962750716887e+00 4.262984941598681893e-11
4.300859598853868704e+00 4.119481639607259522e-11
4.323782234957020520e+00 3.980597722167505342e-11
4.346704871060172337e+00 3.846192222696973941e-11
4.369627507163324154e+00 3.716128144418436351e-11
4.392550143266475970e+00 3.590272362442817706e-11
4.415472779369627787e+00 3.468495527803633624e-11
4.438395415472779604e+00 3.350671973409893652e-11
4.461318051575931420e+00 3.236679621885841823e-11
4.484240687679083237e+00 3.126399895267201337e-11
4.507163323782235054e+00 3.019717626524824724e-11
4.530085959885386870e+00 2.916520972887640193e-11
4.553008595988538687e+00 2.816701330937785267e-11
4.575931232091690504e+00 2.720153253451677652e-11
4.598853868194842320e+00 2.626774367961467646e-11
4.621776504297994137e+00 2.536465297012083504e-11
4.644699140401145954e+00 2.449129580089558059e-11
4.667621776504297770e+00 2.364673597196928210e-11
4.690544412607449587e+00 2.283006494054394325e-11
4.713467048710601404e+00 2.204040108900808586e-11
4.736389684813753220e+00 2.127688900873931550e-11
4.759312320916905037e+00 2.053869879947110467e-11
4.782234957020056854e+00 1.982502538400307190e-11
4.805157593123208670e+00 1.913508783803589971e-11
4.828080229226360487e+00 1.846812873491346243e-11
4.851002865329512304e+00 1.782341350505601455e-11
4.873925501432664120e+00 1.720022980986956000e-11
4.896848137535815937e+00 1.659788692991682327e-11
4.919770773638967754e+00 1.601571516713641960e-11
4.942693409742119570e+00 1.545306526089672425e-11
4.965616045845272275e+00 1.490930781767172944e-11
4.988538681948424092e+00 1.438383275412628758e-11
5.011461318051575908e+00 1.387604875339795629e-11
5.034383954154727725e+00 1.338538273436362437e-11
5.057306590257879542e+00 1.291127933367847839e-11
5.080229226361031358e+00 1.245320040037545974e-11
5.103151862464183175e+00 1.201062450281328907e-11
5.126074498567334992e+00 1.158304644776169246e-11
5.148997134670486808e+00 1.116997681141230213e-11
5.171919770773638625e+00 1.077094148210444606e-11
5.194842406876790442e+00 1.038548121455518615e-11
5.217765042979942258e+00 1.001315119538362727e-11
5.240687679083094075e+00 9.653520619720053850e-12
5.263610315186245892e+00 9.306172278691086101e-12
5.286532951289397708e+00 8.970702157573079799e-12
5.309455587392550413e+00 8.646719044406480290e-12
5.332378223495702230e+00 8.333844148865425998e-12
5.355300859598854046e+00 8.031710731177350815e-12
5.378223495702005863e+00 7.739963740889236252e-12
5.401146131805157680e+00 7.458259465278110989e-12
5.424068767908309496e+00 7.186265187205218641e-12
5.446991404011461313e+00 6.923658852215783557e-12
5.469914040114613130e+00 6.670128744690875796e-12
5.492836676217764946e+00 6.425373172869057867e-12
5.515759312320916763e+00 6.189100162584245241e-12
5.538681948424068580e+00 5.961027159637817830e-12
5.561604584527220396e+00 5.740880740892056143e-12
5.584527220630372213e+00 5.528396334541565574e-12
5.607449856733524030e+00 5.323317950768265812e-12
5.630372492836675846e+00 5.125397925393547701e-12
5.653295128939827663e+00 4.934396681600212398e-12
5.676217765042979480e+00 4.750082518798999880e-12
5.699140401146131296e+00 4.572231443797730121e-12
5.722063037249283113e+00 4.400627068086812109e-12
5.744985673352435818e+00 4.235060606589305284e-12
5.767908309455587634e+00 4.075331027584249507e-12
5.790830945558739451e+00 3.921245420060562323e-12
5.813753581661891268e+00 3.772619661991426035e-12
5.836676217765043084e+00 3.629279488233167343e-12
5.859598853868194901e+00 3.491062065755321085e-12
5.882521489971346718e+00 3.357818180932565688e-12
5.905444126074498534e+00 3.229415121731181137e-12
5.928366762177650351e+00 3.105740289799660468e-12
5.951289398280802168e+00 2.986705498575430327e-12
5.974212034383953984e+00 2.872251802709446488e-12
5.997134670487105801e+00 2.762354567251214818e-12
6.020057306590257618e+00 2.657028336146639509e-12
6.042979942693409434e+00 2.556330920532416093e-12
6.065902578796561251e+00 2.460366025181049231e-12
6.088825214899713067e+00 2.369283693991308224e-12
6.111747851002864884e+00 2.283277905095096067e-12
6.134670487106016701e+00 2.202580794430880660e-12
6.157593123209168517e+00 2.127453229897133016e-12
6.180515759312320334e+00 2.058171776473714469e-12
6.203438395415473039e+00 1.995012451709682764e-12
6.226361031518624856e+00 1.938232027187914803e-12
6.249283667621776672e+00 1.888047939180151891e-12
6.272206303724928489e+00 1.844618090064784133e-12
6.295128939828080306e+00 1.808021922138413609e-12
6.318051575931232122e+00 1.778244113920203534e-12
6.340974212034383939e+00 1.755162089741483723e-12
6.363896848137535756e+00 1.738538265772760075e-12
6.386819484240687572e+00 1.728017610975420078e-12
6.409742120343839389e+00 1.723130717825622192e-12
6.432664756446991206e+00 1.723302194339482703e-12
6.455587392550143022e+00 1.727863841522858275e-12
6.478510028653294839e+00 1.736071797006523555e-12
6.501432664756446655e+00 1.747126624761463526e-12
6.524355300859598472e+00 1.760195220548421089e-12
6.547277936962750289e+00 1.774433381660485427e-12
6.570200573065902105e+00 1.789007948189191674e-12
6.593123209169053922e+00 1.803117546493086301e-12
6.616045845272205739e+00 1.816011135625351353e-12
6.638968481375357555e+00 1.827003755173912479e-12
6.661891117478510260e+00 1.835489080315214380e-12
6.684813753581662077e+00 1.840948591346860528e-12
6.707736389684813894e+00 1.842957348292292633e-12
6.730659025787965710e+00 1.841186517740688962e-12
6.753581661891117527e+00 1.835402923841233969e-12
6.776504297994269344e+00 1.825465986455053996e-12
6.799426934097421160e+00 1.811322467663530185e-12
6.822349570200572977e+00 1.792999475916675086e-12
6.845272206303724793e+00 1.770596179201294115e-12
6.868194842406876610e+00 1.744274659582171345e-12
6.891117478510028427e+00 1.714250306424930591e-12
6.914040114613180243e+00 1.680782099491455008e-12
6.936962750716332060e+00 1.644163080408227905e-12
6.959885386819483877e+00 1.604711255620736539e-12
6.982808022922635693e+00 1.562761119024277154e-12
7.005730659025787510e+00 1.518655930431596254e-12
7.028653295128939327e+00 1.472740838631593500e-12
7.051575931232091143e+00 1.425356896115462630e-12
7.074498567335242960e+00 1.376835977167487165e-12
7.097421203438395665e+00 1.327496582074380188e-12
7.120343839541547482e+00 1.277640487503354035e-12
7.143266475644699298e+00 1.227550186198817494e-12
7.166189111747851115e+00 1.177487047456875189e-12
7.189111747851002931e+00 1.127690122672590108e-12
7.212034383954154748e+00 1.078375516901469570e-12
7.234957020057306565e+00 1.029736247126736311e-12
7.257879656160458381e+00 9.819425101104896701e-13
7.280802292263610198e+00 9.351422867226122873e-13
7.303724928366762015e+00 8.894622149508615284e-13
7.326647564469913831e+00 8.450086699406802355e-13
7.349570200573065648e+00 8.018689960125383185e-13
7.372492836676217465e+00 7.601128423502935816e-13
7.395415472779369281e+00 7.197935607057613844e-13
7.418338108882521098e+00 6.809496298421195442e-13
7.441260744985672915e+00 6.436060774135372082e-13
7.464183381088824731e+00 6.077758754659205902e-13
7.487106017191976548e+00 5.734612906951743397e-13
7.510028653295128365e+00 5.406551749948885671e-13
7.532951289398280181e+00 5.093421856670353943e-13
7.555873925501432886e+00 4.794999279758242424e-13
7.578796561604584703e+00 4.511000155268503304e-13
7.601719197707736519e+00 4.241090462893070048e-13
7.624641833810888336e+00 3.984894939913419213e-13
7.647564469914040153e+00 3.742005161523814150e-13
7.670487106017191969e+00 3.511986812166333335e-13
7.693409742120343786e+00 3.294386181626291325e-13
7.716332378223495603e+00 3.088735926259967824e-13
7.739255014326647419e+00 2.894560140250189659e-13
7.762177650429799236e+00 2.711378784558937331e-13
7.785100286532951053e+00 2.538711522583430378e-13
7.808022922636102869e+00 2.376081011700752978e-13
7.830945558739254686e+00 2.223015699148700484e-13
7.853868194842406503e+00 2.079052169246488053e-13
7.876790830945558319e+00 1.943737086986933945e-13
7.899713467048710136e+00 1.816628780682112295e-13
7.922636103151861953e+00 1.697298503742518087e-13
7.945558739255013769e+00 1.585331412918096612e-13
7.968481375358165586e+00 1.480327297511265791e-13
7.991404011461317403e+00 1.381901091253194927e-13
8.014326647564470107e+00 1.289683195766535965e-13
8.037249283667621924e+00 1.203319641859514316e-13
8.060171919770773741e+00 1.122472112336284952e-13
8.083094555873925557e+00 1.046817847586905184e-13
8.106017191977077374e+00 9.760494529496937544e-14
8.128939828080229191e+00 9.098746247266531164e-14
8.151862464183381007e+00 8.480158097813874732e-14
8.174785100286532824e+00 7.902098118576646338e-14
8.197707736389684641e+00 7.362073561217357494e-14
8.220630372492836457e+00 6.857726219469884564e-14
8.243553008595988274e+00 6.386827526183056890e-14
8.266475644699140091e+00 5.947273494274131160e-14
8.289398280802291907e+00 5.537079565508041131e-14
8.312320916905443724e+00 5.154375421394083813e-14
8.335243553008595541e+00 4.797399801949392297e-14
8.358166189111747357e+00 4.464495370527837003e-14
8.381088825214899174e+00 4.154103656266713406e-14
8.404011461318050991e+00 3.864760099878090789e-14
8.426934097421202807e+00 3.595089223427654701e-14
8.449856733524356400e+00 3.343799940326743143e-14
8.472779369627506441e+00 3.109681017944075885e-14
8.495702005730660034e+00 2.891596701956930889e-14
8.518624641833810074e+00 2.688482508750929669e-14
8.541547277936963667e+00 2.499341189784092285e-14
8.564469914040113707e+00 2.323238869812162897e-14
8.587392550143267300e+00 2.159301359175663028e-14
8.610315186246417340e+00 2.006710638942588148e-14
8.633237822349570934e+00 1.864701516540154116e-14
8.656160458452720974e+00 1.732558448569214910e-14
8.679083094555874567e+00 1.609612526740318426e-14
8.702005730659024607e+00 1.495238622281204761e-14
8.724928366762178200e+00 1.388852683713239739e-14
8.747851002865328240e+00 1.289909182564025607e-14
8.770773638968481833e+00 1.197898701352308196e-14
8.793696275071631874e+00 1.112345658038419905e-14
8.816618911174785467e+00 1.032806161060689963e-14
8.839541547277935507e+00 9.588659890676897792e-15
8.862464183381089100e+00 8.901386894935517560e-15
8.885386819484239140e+00 8.262637902034905436e-15
8.908309455587392733e+00 7.669051185478740781e-15
8.931232091690544550e+00 7.117492223021066696e-15
8.954154727793696367e+00 6.605038871276093690e-15
8.977077363896848183e+00 6.128967453638213421e-15
9.000000000000000000e+00 5.686739711462810651e-15
