# log10(T) rate(cm^3/s)
# Total Recomb Rates
1.000000000000000000e+00 1.879244466368915002e-09
1.022922636103151817e+00 1.828185648874417218e-09
1.045845272206303633e+00 1.778465924362185747e-09
1.068767908309455672e+00 1.730050588594473913e-09
1.091690544412607489e+00 1.682905842714788583e-09
1.114613180515759305e+00 1.636998769595233988e-09
1.137535816618911122e+00 1.592297310795484481e-09
1.160458452722062939e+00 1.548770244117367240e-09
1.183381088825214977e+00 1.506387161739487592e-09
1.206303724928366794e+00 1.465118448916727501e-09
1.229226361031518611e+00 1.424935263229846665e-09
1.252148997134670427e+00 1.385809514370837539e-09
1.275071633237822244e+00 1.347713844450031762e-09
1.297994269340974283e+00 1.310621608811355010e-09
1.320916905444126099e+00 1.274506857342484636e-09
1.343839541547277916e+00 1.239344316267023432e-09
1.366762177650429733e+00 1.205109370406149066e-09
1.389684813753581771e+00 1.171778045897537016e-09
1.412607449856733588e+00 1.139326993359693388e-09
1.435530085959885405e+00 1.107733471490144583e-09
1.458452722063037221e+00 1.076975331086264559e-09
1.481375358166189038e+00 1.047030999477804561e-09
1.504297994269340855e+00 1.017879465360520672e-09
1.527220630372492671e+00 9.895002640205546552e-10
1.550143266475644710e+00 9.618734629395362490e-10
1.573065902578796527e+00 9.349796477706459926e-10
1.595988538681948565e+00 9.087999086761339466e-10
1.618911174785100382e+00 8.833158270170849062e-10
1.641833810888252199e+00 8.585094623864517800e-10
1.664756446991404015e+00 8.343633399766458904e-10
1.687679083094555832e+00 8.108604382732145892e-10
1.710601719197707649e+00 7.879841770663725361e-10
1.733524355300859465e+00 7.657184057723920430e-10
1.756446991404011282e+00 7.440473920570760558e-10
1.779369627507163321e+00 7.229558107537675078e-10
1.802292263610315137e+00 7.024287330685537145e-10
1.825214899713467176e+00 6.824516160655349949e-10
1.848137535816618993e+00 6.630102924252347415e-10
1.871060171919770809e+00 6.440909604694137602e-10
1.893982808022922626e+00 6.256801744457521887e-10
1.916905444126074443e+00 6.077648350660331137e-10
1.939828080229226259e+00 5.903321802916610504e-10
1.962750716332378076e+00 5.733697763604944420e-10
1.985673352435529893e+00 5.568655090491592121e-10
2.008595988538681709e+00 5.408075751651646720e-10
2.031518624641833526e+00 5.251844742632910465e-10
2.054441260744985343e+00 5.099850005808787677e-10
2.077363896848137603e+00 4.951982351867866902e-10
2.100286532951289420e+00 4.808135383389261717e-10
2.123209169054441237e+00 4.668205420454113492e-10
2.146131805157593053e+00 4.532091428244929093e-10
2.169054441260744870e+00 4.399694946585679734e-10
2.191977077363897131e+00 4.270920021376690919e-10
2.214899713467048947e+00 4.145673137879553874e-10
2.237822349570200764e+00 4.023863155808276322e-10
2.260744985673352581e+00 3.905401246184008690e-10
2.283667621776504397e+00 3.790200829911547279e-10
2.306590257879656214e+00 3.678177518036818881e-10
2.329512893982808031e+00 3.569249053645422453e-10
2.352435530085959847e+00 3.463335255363108417e-10
2.375358166189111664e+00 3.360357962419901761e-10
2.398280802292263481e+00 3.260240981240347015e-10
2.421203438395415297e+00 3.162910033523039693e-10
2.444126074498567114e+00 3.068292705773306767e-10
2.467048710601718930e+00 2.976318400253589921e-10
2.489971346704870747e+00 2.886918287316623536e-10
2.512893982808022564e+00 2.800025259087187455e-10
2.535816618911174825e+00 2.715573884458699004e-10
2.558739255014326641e+00 2.633500365371520342e-10
2.581661891117478458e+00 2.553742494340284752e-10
2.604584527220630275e+00 2.476239613198164841e-10
2.627507163323782091e+00 2.400932573026378899e-10
2.650429799426934352e+00 2.327763695237756371e-10
2.673352435530086169e+00 2.256676733783623920e-10
2.696275071633237985e+00 2.187616838453707519e-10
2.719197707736389802e+00 2.120530519239216252e-10
2.742120343839541619e+00 2.055365611729643132e-10
2.765042979942693435e+00 1.992071243514308596e-10
2.787965616045845252e+00 1.930597801560052093e-10
2.810888252148997069e+00 1.870896900536913491e-10
2.833810888252148885e+00 1.812921352064089112e-10
2.856733524355300702e+00 1.756625134848863093e-10
2.879656160458452518e+00 1.701963365691725322e-10
2.902578796561604335e+00 1.648892271331594171e-10
2.925501432664756152e+00 1.597369161106505926e-10
2.948424068767907968e+00 1.547352400409049268e-10
2.971346704871059785e+00 1.498801384927201283e-10
2.994269340974212046e+00 1.451676515692667015e-10
3.017191977077363862e+00 1.405939175040190950e-10
3.040114613180515679e+00 1.361551703774488871e-10
3.063037249283667496e+00 1.318477380263322497e-10
3.085959885386819312e+00 1.276680403020732182e-10
3.108882521489971129e+00 1.236125879899940046e-10
3.131805157593122946e+00 1.196779829636446102e-10
3.154727793696275207e+00 1.158609205510470856e-10
3.177650429799427023e+00 1.121581956498869743e-10
3.200573065902578840e+00 1.085667148212054696e-10
3.223495702005730656e+00 1.050835173248410466e-10
3.246418338108882473e+00 1.017058086602009068e-10
3.269340974212034290e+00 9.843101038983637171e-11
3.292263610315186106e+00 9.525682955541237470e-11
3.315186246418337923e+00 9.218134957847182542e-11
3.338108882521489740e+00 8.920314202512906589e-11
3.361031518624641556e+00 8.632139507071484627e-11
3.383954154727793817e+00 8.353605026702683700e-11
3.406876790830945634e+00 8.084793490396837719e-11
3.429799426934097450e+00 7.825887367858489075e-11
3.452722063037249267e+00 7.577176139747570593e-11
3.475644699140401084e+00 7.339057876363886188e-11
3.498567335243552900e+00 7.112033632995324329e-11
3.521489971346704717e+00 6.896693737073824498e-11
3.544412607449856534e+00 6.693695815672908248e-11
3.567335243553008350e+00 6.503735290612080958e-11
3.590257879656160167e+00 6.327509924632314989e-11
3.613180515759312428e+00 6.165680704939588714e-11
3.636103151862464244e+00 6.018831791336071431e-11
3.659025787965616061e+00 5.887432369854131628e-11
3.681948424068767878e+00 5.771803029112086151e-11
3.704871060171919694e+00 5.672088760924851991e-11
3.727793696275071511e+00 5.588239969231220044e-11
3.750716332378223328e+00 5.520002068107102150e-11
3.773638968481375144e+00 5.466913479562626481e-11
3.796561604584526961e+00 5.428311205852884330e-11
3.819484240687678778e+00 5.403342716374247727e-11
3.842406876790831038e+00 5.390982682166010692e-11
3.865329512893982855e+00 5.390053098476563908e-11
3.888252148997134672e+00 5.399245514046230014e-11
3.911174785100286488e+00 5.417144373651530185e-11
3.934097421203438305e+00 5.442250814169857678e-11
3.957020057306590122e+00 5.473006579770959551e-11
3.979942693409741938e+00 5.507818002367756832e-11
4.002865329512893311e+00 5.545080212602972029e-11
4.025787965616045128e+00 5.583201903881522250e-11
4.048710601719197832e+00 5.620631074198324043e-11
4.071633237822349649e+00 5.655882221465301501e-11
4.094555873925501466e+00 5.687565459123078097e-11
4.117478510028653282e+00 5.714417925384152666e-11
4.140401146131805099e+00 5.735337644988273755e-11
4.163323782234956916e+00 5.749419630976605197e-11
4.186246418338108732e+00 5.755993468517760578e-11
4.209169054441260549e+00 5.754660922982990846e-11
4.232091690544412366e+00 5.745331328712793468e-11
4.255014326647564182e+00 5.728251760041449583e-11
4.277936962750716887e+00 5.704028412288950615e-11
4.300859598853868704e+00 5.673635383257230260e-11
4.323782234957020520e+00 5.638407271929186049e-11
4.346704871060172337e+00 5.600012765550410005e-11
4.369627507163324154e+00 5.560407650296967361e-11
4.392550143266475970e+00 5.521767346316458318e-11
4.415472779369627787e+00 5.486400950988665283e-11
4.438395415472779604e+00 5.456650643478189608e-11
4.461318051575931420e+00 5.434781918750686472e-11
4.484240687679083237e+00 5.422871270279221259e-11
4.507163323782235054e+00 5.422698480743764050e-11
4.530085959885386870e+00 5.435650545281785294e-11
4.553008595988538687e+00 5.462643466552882135e-11
4.575931232091690504e+00 5.504066828051446760e-11
4.598853868194842320e+00 5.559754333052089109e-11
4.621776504297994137e+00 5.628981584228956737e-11
4.644699140401145954e+00 5.710490470122924152e-11
4.667621776504297770e+00 5.802537795438613298e-11
4.690544412607449587e+00 5.902964380262407202e-11
4.713467048710601404e+00 6.009279847607977776e-11
4.736389684813753220e+00 6.118757757023887673e-11
4.759312320916905037e+00 6.228535615208072928e-11
4.782234957020056854e+00 6.335714555384015040e-11
4.805157593123208670e+00 6.437454051457007598e-11
4.828080229226360487e+00 6.531057831540735650e-11
4.851002865329512304e+00 6.614048085126567862e-11
4.873925501432664120e+00 6.684226030793806596e-11
4.896848137535815937e+00 6.739717850569512977e-11
4.919770773638967754e+00 6.779005842709489623e-11
4.942693409742119570e+00 6.800945355111286408e-11
4.965616045845272275e+00 6.804768613875081927e-11
4.988538681948424092e+00 6.790076950222045103e-11
5.011461318051575908e+00 6.756823163336668803e-11
5.034383954154727725e+00 6.705285857043427027e-11
5.057306590257879542e+00 6.636037581615877415e-11
5.080229226361031358e+00 6.549908527816951968e-11
5.103151862464183175e+00 6.447947386176033525e-11
5.126074498567334992e+00 6.331380823502045562e-11
5.148997134670486808e+00 6.201572857247399390e-11
5.171919770773638625e+00 6.059985236363719994e-11
5.194842406876790442e+00 5.908139768747243378e-11
5.217765042979942258e+00 5.747583370381814331e-11
5.240687679083094075e+00 5.579856448298172730e-11
5.263610315186245892e+00 5.406465067282339927e-11
5.286532951289397708e+00 5.228857189441782404e-11
5.309455587392550413e+00 5.048403119135793725e-11
5.332378223495702230e+00 4.866380138258303396e-11
5.355300859598854046e+00 4.683961184360337076e-11
5.378223495702005863e+00 4.502207312391315941e-11
5.401146131805157680e+00 4.322063594365610711e-11
5.424068767908309496e+00 4.144358052299913986e-11
5.446991404011461313e+00 3.969803188083566037e-11
5.469914040114613130e+00 3.798999666959527456e-11
5.492836676217764946e+00 3.632441724651718113e-11
5.515759312320916763e+00 3.470523896533538759e-11
5.538681948424068580e+00 3.313548705096074980e-11
5.561604584527220396e+00 3.161734984394811065e-11
5.584527220630372213e+00 3.015226563209318908e-11
5.607449856733524030e+00 2.874101069662758558e-11
5.630372492836675846e+00 2.738378657559773738e-11
5.653295128939827663e+00 2.608030488279441087e-11
5.676217765042979480e+00 2.482986831999731237e-11
5.699140401146131296e+00 2.363144679034955038e-11
5.722063037249283113e+00 2.248374776957378134e-11
5.744985673352435818e+00 2.138528032651736440e-11
5.767908309455587634e+00 2.033441240941530270e-11
5.790830945558739451e+00 1.932942122981346147e-11
5.813753581661891268e+00 1.836853677884339754e-11
5.836676217765043084e+00 1.744997869342295365e-11
5.859598853868194901e+00 1.657198684345087076e-11
5.882521489971346718e+00 1.573284612498930576e-11
5.905444126074498534e+00 1.493090601035069190e-11
5.928366762177650351e+00 1.416459541977803811e-11
5.951289398280802168e+00 1.343243344330507792e-11
5.974212034383953984e+00 1.273303636514905435e-11
5.997134670487105801e+00 1.206512134331056753e-11
6.020057306590257618e+00 1.142750699529879323e-11
6.042979942693409434e+00 1.081911105945790894e-11
6.065902578796561251e+00 1.023894525935649698e-11
6.088825214899713067e+00 9.686107508012442577e-12
6.111747851002864884e+00 9.159771651408990293e-12
6.134670487106016701e+00 8.659175058349310117e-12
6.157593123209168517e+00 8.183604498680195526e-12
6.180515759312320334e+00 7.732380890962486282e-12
6.203438395415473039e+00 7.304843618910401621e-12
6.226361031518624856e+00 6.900335191347506328e-12
6.249283667621776672e+00 6.518187037487882716e-12
6.272206303724928489e+00 6.157707181214036839e-12
6.295128939828080306e+00 5.818170427141657322e-12
6.318051575931232122e+00 5.498811528391325143e-12
6.340974212034383939e+00 5.198821607989215268e-12
6.363896848137535756e+00 4.917347892803767620e-12
6.386819484240687572e+00 4.653496611288227230e-12
6.409742120343839389e+00 4.406338722126596347e-12
6.432664756446991206e+00 4.174917994057348488e-12
6.455587392550143022e+00 3.958260856313930427e-12
6.478510028653294839e+00 3.755387387457877930e-12
6.501432664756446655e+00 3.565322806113654748e-12
6.524355300859598472e+00 3.387108864494545152e-12
6.547277936962750289e+00 3.219814616164942880e-12
6.570200573065902105e+00 3.062546123325955164e-12
6.593123209169053922e+00 2.914454775918583561e-12
6.616045845272205739e+00 2.774744005624234271e-12
6.638968481375357555e+00 2.642674284431952513e-12
6.661891117478510260e+00 2.517566393667957540e-12
6.684813753581662077e+00 2.398803031018762397e-12
6.707736389684813894e+00 2.285828887762836972e-12
6.730659025787965710e+00 2.178149375439380334e-12
6.753581661891117527e+00 2.075328211138922751e-12
6.776504297994269344e+00 1.976984085096740084e-12
6.799426934097421160e+00 1.882786635544896397e-12
6.822349570200572977e+00 1.792451946404877386e-12
6.845272206303724793e+00 1.705737766030874244e-12
6.868194842406876610e+00 1.622438622376074565e-12
6.891117478510028427e+00 1.542380983927763880e-12
6.914040114613180243e+00 1.465418588480350614e-12
6.936962750716332060e+00 1.391428034851400129e-12
6.959885386819483877e+00 1.320304707179821518e-12
6.982808022922635693e+00 1.251959078308921087e-12
7.005730659025787510e+00 1.186313418468547733e-12
7.028653295128939327e+00 1.123298918284835560e-12
7.051575931232091143e+00 1.062853221106976334e-12
7.074498567335242960e+00 1.004918348632350945e-12
7.097421203438395665e+00 9.494389956056640546e-13
7.120343839541547482e+00 8.963611636636619681e-13
7.143266475644699298e+00 8.456311008552795415e-13
7.166189111747851115e+00 7.971945116365570684e-13
7.189111747851002931e+00 7.509960018769456568e-13
7.212034383954154748e+00 7.069787242979353561e-13
7.234957020057306565e+00 6.650841915062060737e-13
7.257879656160458381e+00 6.252522261282252402e-13
7.280802292263610198e+00 5.874210202857344351e-13
7.303724928366762015e+00 5.515272795938649807e-13
7.326647564469913831e+00 5.175064298729737368e-13
7.349570200573065648e+00 4.852928677311420759e-13
7.372492836676217465e+00 4.548202390144106973e-13
7.395415472779369281e+00 4.260217317782985336e-13
7.418338108882521098e+00 3.988303728693292479e-13
7.441260744985672915e+00 3.731793193980590955e-13
7.464183381088824731e+00 3.490021383273976053e-13
7.487106017191976548e+00 3.262330690937910035e-13
7.510028653295128365e+00 3.048072656334589391e-13
7.532951289398280181e+00 2.846610154158147890e-13
7.555873925501432886e+00 2.657319341093554452e-13
7.578796561604584703e+00 2.479591353414234135e-13
7.601719197707736519e+00 2.312833756828262658e-13
7.624641833810888336e+00 2.156471755118322211e-13
7.647564469914040153e+00 2.009949168091388040e-13
7.670487106017191969e+00 1.872729192246697866e-13
7.693409742120343786e+00 1.744294959555102491e-13
7.716332378223495603e+00 1.624149910974696370e-13
7.739255014326647419e+00 1.511818001944791003e-13
7.762177650429799236e+00 1.406843757224770999e-13
7.785100286532951053e+00 1.308792192181855869e-13
7.808022922636102869e+00 1.217248617073338471e-13
7.830945558739254686e+00 1.131818340091431012e-13
7.853868194842406503e+00 1.052126284007053117e-13
7.876790830945558319e+00 9.778165302160866713e-14
7.899713467048710136e+00 9.085518029012443695e-14
7.922636103151861953e+00 8.440129049096981770e-14
7.945558739255013769e+00 7.838981158383460255e-14
7.968481375358165586e+00 7.279225617362844536e-14
7.991404011461317403e+00 6.758175647934220373e-14
8.014326647564470107e+00 6.273299803966025765e-14
8.037249283667621924e+00 5.822215280078066378e-14
8.060171919770773741e+00 5.402681214576136121e-14
8.083094555873925557e+00 5.012592034536127163e-14
8.106017191977077374e+00 4.649970883780784333e-14
8.128939828080229191e+00 4.312963167911923836e-14
8.151862464183381007e+00 3.999830244631446186e-14
8.174785100286532824e+00 3.708943282277679744e-14
8.197707736389684641e+00 3.438777304784567856e-14
8.220630372492836457e+00 3.187905437102267021e-14
8.243553008595988274e+00 2.954993361458579544e-14
8.266475644699140091e+00 2.738793991650738055e-14
8.289398280802291907e+00 2.538142369795953937e-14
8.312320916905443724e+00 2.351950787597218728e-14
8.335243553008595541e+00 2.179204132160427128e-14
8.358166189111747357e+00 2.018955454693696989e-14
8.381088825214899174e+00 1.870321758996142300e-14
8.404011461318050991e+00 1.732480005469624142e-14
8.426934097421202807e+00 1.604663325434119977e-14
8.449856733524356400e+00 1.486157439768382847e-14
8.472779369627506441e+00 1.376297275308310111e-14
8.495702005730660034e+00 1.274463771993155919e-14
8.518624641833810074e+00 1.180080873435681605e-14
8.541547277936963667e+00 1.092612693386168917e-14
8.564469914040113707e+00 1.011560850449208380e-14
8.587392550143267300e+00 9.364619633781158993e-15
8.610315186246417340e+00 8.668852993059244298e-15
8.633237822349570934e+00 8.024305673592787728e-15
8.656160458452720974e+00 7.427258502357735828e-15
8.679083094555874567e+00 6.874256664945759120e-15
8.702005730659024607e+00 6.362091565099606035e-15
8.724928366762178200e+00 5.887783852584584124e-15
8.747851002865328240e+00 5.448567553495819501e-15
8.770773638968481833e+00 5.041875239603948305e-15
8.793696275071631874e+00 4.665324175935892631e-15
8.816618911174785467e+00 4.316703388417479840e-15
8.839541547277935507e+00 3.993961596060157693e-15
8.862464183381089100e+00 3.695195954813216385e-15
8.885386819484239140e+00 3.418641562821574006e-15
8.908309455587392733e+00 3.162661679395917233e-15
8.931232091690544550e+00 2.925738612517142679e-15
8.954154727793696367e+00 2.706465232137764980e-15
8.977077363896848183e+00 2.503537068911656519e-15
9.000000000000000000e+00 2.315744960265899700e-15
