# log10(T) rate(cm^3/s)
# Total Recomb Rates
1.000000000000000000e+00 2.209992819698892904e-09
1.022922636103151817e+00 2.151055027908386762e-09
1.045845272206303633e+00 2.093654979822976688e-09
1.068767908309455672e+00 2.037752686674316737e-09
1.091690544412607489e+00 1.983309202438420088e-09
1.114613180515759305e+00 1.930286596688417689e-09
1.137535816618911122e+00 1.878647928153803599e-09
1.160458452722062939e+00 1.828357218967722751e-09
1.183381088825214977e+00 1.779379429584332080e-09
1.206303724928366794e+00 1.731680434348730237e-09
1.229226361031518611e+00 1.685226997702418639e-09
1.252148997134670427e+00 1.639986751007672702e-09
1.275071633237822244e+00 1.595928169974673182e-09
1.297994269340974283e+00 1.553020552675615624e-09
1.320916905444126099e+00 1.511233998130479166e-09
1.343839541547277916e+00 1.470539385449485210e-09
1.366762177650429733e+00 1.430908353517701221e-09
1.389684813753581771e+00 1.392313281207599585e-09
1.412607449856733588e+00 1.354727268105763193e-09
1.435530085959885405e+00 1.318124115740276007e-09
1.458452722063037221e+00 1.282478309295698949e-09
1.481375358166189038e+00 1.247764999802856992e-09
1.504297994269340855e+00 1.213959986791014201e-09
1.527220630372492671e+00 1.181039701390312347e-09
1.550143266475644710e+00 1.148981189872680591e-09
1.573065902578796527e+00 1.117762097619733113e-09
1.595988538681948565e+00 1.087360653506449074e-09
1.618911174785100382e+00 1.057755654689744049e-09
1.641833810888252199e+00 1.028926451791311096e-09
1.664756446991404015e+00 1.000852934464394616e-09
1.687679083094555832e+00 9.735155173344202611e-10
1.710601719197707649e+00 9.468951263036796636e-10
1.733524355300859465e+00 9.209731852105060892e-10
1.756446991404011282e+00 8.957316028336570742e-10
1.779369627507163321e+00 8.711527602328223151e-10
1.802292263610315137e+00 8.472194984164537509e-10
1.825214899713467176e+00 8.239151063283156774e-10
1.848137535816618993e+00 8.012233091443984031e-10
1.871060171919770809e+00 7.791282568720449278e-10
1.893982808022922626e+00 7.576145132433649074e-10
1.916905444126074443e+00 7.366670448952153136e-10
1.939828080229226259e+00 7.162712108282332638e-10
1.962750716332378076e+00 6.964127521376049211e-10
1.985673352435529893e+00 6.770777820084470928e-10
2.008595988538681709e+00 6.582527759688786493e-10
2.031518624641833526e+00 6.399245623940267954e-10
2.054441260744985343e+00 6.220803132544121721e-10
2.077363896848137603e+00 6.047075351023216767e-10
2.100286532951289420e+00 5.877940602899584295e-10
2.123209169054441237e+00 5.713280384133184720e-10
2.146131805157593053e+00 5.552979279759198714e-10
2.169054441260744870e+00 5.396924882666577628e-10
2.191977077363897131e+00 5.245007714462286405e-10
2.214899713467048947e+00 5.097121148367115514e-10
2.237822349570200764e+00 4.953161334090445989e-10
2.260744985673352581e+00 4.813027124632918118e-10
2.283667621776504397e+00 4.676620004967196135e-10
2.306590257879656214e+00 4.543844022548618757e-10
2.329512893982808031e+00 4.414605719608746031e-10
2.352435530085959847e+00 4.288814067186188121e-10
2.375358166189111664e+00 4.166380400850436033e-10
2.398280802292263481e+00 4.047218358075624010e-10
2.421203438395415297e+00 3.931243817222417377e-10
2.444126074498567114e+00 3.818374838087444863e-10
2.467048710601718930e+00 3.708531603980822525e-10
2.489971346704870747e+00 3.601636365293499731e-10
2.512893982808022564e+00 3.497613384517278555e-10
2.535816618911174825e+00 3.396388882681399084e-10
2.558739255014326641e+00 3.297890987170704028e-10
2.581661891117478458e+00 3.202049680891358084e-10
2.604584527220630275e+00 3.108796752751154798e-10
2.627507163323782091e+00 3.018065749422388144e-10
2.650429799426934352e+00 2.929791928356188933e-10
2.673352435530086169e+00 2.843912212018186150e-10
2.696275071633237985e+00 2.760365143316172260e-10
2.719197707736389802e+00 2.679090842191388301e-10
2.742120343839541619e+00 2.600030963345791620e-10
2.765042979942693435e+00 2.523128655078506634e-10
2.787965616045845252e+00 2.448328519205425178e-10
2.810888252148997069e+00 2.375576572036664875e-10
2.833810888252148885e+00 2.304820206387273282e-10
2.856733524355300702e+00 2.236008154597297631e-10
2.879656160458452518e+00 2.169090452537945620e-10
2.902578796561604335e+00 2.104018404581225254e-10
2.925501432664756152e+00 2.040744549511018570e-10
2.948424068767907968e+00 1.979222627354134543e-10
2.971346704871059785e+00 1.919407547110412435e-10
2.994269340974212046e+00 1.861255355361470876e-10
3.017191977077363862e+00 1.804723205738183379e-10
3.040114613180515679e+00 1.749769329227400446e-10
3.063037249283667496e+00 1.696353005298913797e-10
3.085959885386819312e+00 1.644434533834025043e-10
3.108882521489971129e+00 1.593975207837500922e-10
3.131805157593122946e+00 1.544937286915013121e-10
3.154727793696275207e+00 1.497283971498559769e-10
3.177650429799427023e+00 1.450979377802630961e-10
3.200573065902578840e+00 1.405988513494178155e-10
3.223495702005730656e+00 1.362277254059769645e-10
3.246418338108882473e+00 1.319812319853510512e-10
3.269340974212034290e+00 1.278561253809584616e-10
3.292263610315186106e+00 1.238492399803476539e-10
3.315186246418337923e+00 1.199574881646160142e-10
3.338108882521489740e+00 1.161778582695709989e-10
3.361031518624641556e+00 1.125074126070996720e-10
3.383954154727793817e+00 1.089432855452282073e-10
3.406876790830945634e+00 1.054826816453707572e-10
3.429799426934097450e+00 1.021228738552800312e-10
3.452722063037249267e+00 9.886120175623092442e-11
3.475644699140401084e+00 9.569506986297775175e-11
3.498567335243552900e+00 9.262194597504461813e-11
3.521489971346704717e+00 8.963935957791859976e-11
3.544412607449856534e+00 8.674490029273139982e-11
3.567335243553008350e+00 8.393621637302826062e-11
3.590257879656160167e+00 8.121101324723732497e-11
3.613180515759312428e+00 7.856705210546631417e-11
3.636103151862464244e+00 7.600214852927016602e-11
3.659025787965616061e+00 7.351417116304574880e-11
3.681948424068767878e+00 7.110104042572946422e-11
3.704871060171919694e+00 6.876072726148709756e-11
3.727793696275071511e+00 6.649125192810551323e-11
3.750716332378223328e+00 6.429068282181182062e-11
3.773638968481375144e+00 6.215713533726816282e-11
3.796561604584526961e+00 6.008877076150701842e-11
3.819484240687678778e+00 5.808379520059645034e-11
3.842406876790831038e+00 5.614045853784553172e-11
3.865329512893982855e+00 5.425705342238337214e-11
3.888252148997134672e+00 5.243191428697035131e-11
3.911174785100286488e+00 5.066341639392529278e-11
3.934097421203438305e+00 4.894997490807817284e-11
3.957020057306590122e+00 4.729004399568558606e-11
3.979942693409741938e+00 4.568211594827426790e-11
4.002865329512893311e+00 4.412472033040665484e-11
4.025787965616045128e+00 4.261642315039205340e-11
4.048710601719197832e+00 4.115582605299786660e-11
4.071633237822349649e+00 3.974156553324549276e-11
4.094555873925501466e+00 3.837231217040649172e-11
4.117478510028653282e+00 3.704676988134862534e-11
4.140401146131805099e+00 3.576367519241047227e-11
4.163323782234956916e+00 3.452179652901797469e-11
4.186246418338108732e+00 3.331993352228757843e-11
4.209169054441260549e+00 3.215691633189364382e-11
4.232091690544412366e+00 3.103160498450990326e-11
4.255014326647564182e+00 2.994288872716740862e-11
4.277936962750716887e+00 2.888968539490283151e-11
4.300859598853868704e+00 2.787094079210362729e-11
4.323782234957020520e+00 2.688562808698608711e-11
4.346704871060172337e+00 2.593274721867529601e-11
4.369627507163324154e+00 2.501132431638414548e-11
4.392550143266475970e+00 2.412041113021856016e-11
4.415472779369627787e+00 2.325908447316538574e-11
4.438395415472779604e+00 2.242644567384619084e-11
4.461318051575931420e+00 2.162162003964785901e-11
4.484240687679083237e+00 2.084375632986666739e-11
4.507163323782235054e+00 2.009202623852750273e-11
4.530085959885386870e+00 1.936562388656409629e-11
4.553008595988538687e+00 1.866376532306882234e-11
4.575931232091690504e+00 1.798568803534294556e-11
4.598853868194842320e+00 1.733065046749864288e-11
4.621776504297994137e+00 1.669793154738392277e-11
4.644699140401145954e+00 1.608683022162044471e-11
4.667621776504297770e+00 1.549666499856120857e-11
4.690544412607449587e+00 1.492677349899196634e-11
4.713467048710601404e+00 1.437651201441522730e-11
4.736389684813753220e+00 1.384525507276980424e-11
4.759312320916905037e+00 1.333239501145235795e-11
4.782234957020056854e+00 1.283734155751904228e-11
4.805157593123208670e+00 1.235952141495671777e-11
4.828080229226360487e+00 1.189837785892313614e-11
4.851002865329512304e+00 1.145337033686463713e-11
4.873925501432664120e+00 1.102397407642811628e-11
4.896848137535815937e+00 1.060967970009144739e-11
4.919770773638967754e+00 1.020999284644269870e-11
4.942693409742119570e+00 9.824433798044671194e-12
4.965616045845272275e+00 9.452537115825717597e-12
4.988538681948424092e+00 9.093851279942415872e-12
5.011461318051575908e+00 8.747938337062852648e-12
5.034383954154727725e+00 8.414373554022622385e-12
5.057306590257879542e+00 8.092745077807541683e-12
5.080229226361031358e+00 7.782653601819281795e-12
5.103151862464183175e+00 7.483712038381085274e-12
5.126074498567334992e+00 7.195545197441901573e-12
5.148997134670486808e+00 6.917789471437488047e-12
5.171919770773638625e+00 6.650092526267228010e-12
5.194842406876790442e+00 6.392112998345078194e-12
5.217765042979942258e+00 6.143520197682609664e-12
5.240687679083094075e+00 5.903993816961140088e-12
5.263610315186245892e+00 5.673223646549066724e-12
5.286532951289397708e+00 5.450909295419141869e-12
5.309455587392550413e+00 5.236759917919145691e-12
5.332378223495702230e+00 5.030493946347795004e-12
5.355300859598854046e+00 4.831838829286120623e-12
5.378223495702005863e+00 4.640530775633003863e-12
5.401146131805157680e+00 4.456314504292250896e-12
5.424068767908309496e+00 4.278942999458606307e-12
5.446991404011461313e+00 4.108177271454665536e-12
5.469914040114613130e+00 3.943786123088112050e-12
5.492836676217764946e+00 3.785545921550747148e-12
5.515759312320916763e+00 3.633240376017003811e-12
5.538681948424068580e+00 3.486660321423321715e-12
5.561604584527220396e+00 3.345603509617624340e-12
5.584527220630372213e+00 3.209874410501303495e-12
5.607449856733524030e+00 3.079284028482993091e-12
5.630372492836675846e+00 2.953649744294101569e-12
5.653295128939827663e+00 2.832795199963897546e-12
5.676217765042979480e+00 2.716550256603785429e-12
5.699140401146131296e+00 2.604751071549510584e-12
5.722063037249283113e+00 2.497240363744514009e-12
5.744985673352435818e+00 2.393867963272396267e-12
5.767908309455587634e+00 2.294491770106834963e-12
5.790830945558739451e+00 2.198979273457751204e-12
5.813753581661891268e+00 2.107209798837831586e-12
5.836676217765043084e+00 2.019077645059418396e-12
5.859598853868194901e+00 1.934496236634735289e-12
5.882521489971346718e+00 1.853403338631481767e-12
5.905444126074498534e+00 1.775767255579633371e-12
5.928366762177650351e+00 1.701593766072446828e-12
5.951289398280802168e+00 1.630933343247683577e-12
5.974212034383953984e+00 1.563888002498806577e-12
5.997134670487105801e+00 1.500616934827437168e-12
6.020057306590257618e+00 1.441339964862143864e-12
6.042979942693409434e+00 1.386337851875820758e-12
6.065902578796561251e+00 1.335948555157029810e-12
6.088825214899713067e+00 1.290558820196970355e-12
6.111747851002864884e+00 1.250590797257515882e-12
6.134670487106016701e+00 1.216483846472574796e-12
6.157593123209168517e+00 1.188672164794494874e-12
6.180515759312320334e+00 1.167559331811770891e-12
6.203438395415473039e+00 1.153491255673962694e-12
6.226361031518624856e+00 1.146729257990728369e-12
6.249283667621776672e+00 1.147425134823178621e-12
6.272206303724928489e+00 1.155599957550156083e-12
6.295128939828080306e+00 1.171128141675385805e-12
6.318051575931232122e+00 1.193727941664297031e-12
6.340974212034383939e+00 1.222959067642538788e-12
6.363896848137535756e+00 1.258227614592698910e-12
6.386819484240687572e+00 1.298797996494326912e-12
6.409742120343839389e+00 1.343811131236055416e-12
6.432664756446991206e+00 1.392307761833258976e-12
6.455587392550143022e+00 1.443255547868279132e-12
6.478510028653294839e+00 1.495578427444938161e-12
6.501432664756446655e+00 1.548186731565307296e-12
6.524355300859598472e+00 1.600006617068319229e-12
6.547277936962750289e+00 1.650007551491444160e-12
6.570200573065902105e+00 1.697226809885373977e-12
6.593123209169053922e+00 1.740790205151111170e-12
6.616045845272205739e+00 1.779928546672538800e-12
6.638968481375357555e+00 1.813989586816253225e-12
6.661891117478510260e+00 1.842445455420549177e-12
6.684813753581662077e+00 1.864895787535786317e-12
6.707736389684813894e+00 1.881066912860545346e-12
6.730659025787965710e+00 1.890807594145679223e-12
6.753581661891117527e+00 1.894081877357572399e-12
6.776504297994269344e+00 1.890959652260263402e-12
6.799426934097421160e+00 1.881605523718261364e-12
6.822349570200572977e+00 1.866266567850045388e-12
6.845272206303724793e+00 1.845259499910281872e-12
6.868194842406876610e+00 1.818957718978456392e-12
6.891117478510028427e+00 1.787778624133951487e-12
6.914040114613180243e+00 1.752171522931932416e-12
6.936962750716332060e+00 1.712606379846208303e-12
6.959885386819483877e+00 1.669563583129539189e-12
6.982808022922635693e+00 1.623524845548427272e-12
7.005730659025787510e+00 1.574965299135714416e-12
7.028653295128939327e+00 1.524346797217902241e-12
7.051575931232091143e+00 1.472112398685674879e-12
7.074498567335242960e+00 1.418681979513588660e-12
7.097421203438395665e+00 1.364448894307076532e-12
7.120343839541547482e+00 1.309777595361629676e-12
7.143266475644699298e+00 1.255002107442929353e-12
7.166189111747851115e+00 1.200425252277988208e-12
7.189111747851002931e+00 1.146318516639431562e-12
7.212034383954154748e+00 1.092922461016337834e-12
7.234957020057306565e+00 1.040447571384869624e-12
7.257879656160458381e+00 9.890754638069825951e-13
7.280802292263610198e+00 9.389603598858948728e-13
7.303724928366762015e+00 8.902307599865679569e-13
7.326647564469913831e+00 8.429912501802904771e-13
7.349570200573065648e+00 7.973243877771643607e-13
7.372492836676217465e+00 7.532926188314730608e-13
7.395415472779369281e+00 7.109401889744645931e-13
7.418338108882521098e+00 6.702950162371570034e-13
7.441260744985672915e+00 6.313705011100963250e-13
7.464183381088824731e+00 5.941672549233293362e-13
7.487106017191976548e+00 5.586747327232056279e-13
7.510028653295128365e+00 5.248727611997791535e-13
7.532951289398280181e+00 4.927329559216884119e-13
7.555873925501432886e+00 4.622200252167397359e-13
7.578796561604584703e+00 4.332929605540988652e-13
7.601719197707736519e+00 4.059061152985883036e-13
7.624641833810888336e+00 3.800101752797281720e-13
7.647564469914040153e+00 3.555530258062970425e-13
7.670487106017191969e+00 3.324805206168079136e-13
7.693409742120343786e+00 3.107371588384997350e-13
7.716332378223495603e+00 2.902666763788538215e-13
7.739255014326647419e+00 2.710125583359694525e-13
7.762177650429799236e+00 2.529184790242550107e-13
7.785100286532951053e+00 2.359286761019806526e-13
7.808022922636102869e+00 2.199882650850210886e-13
7.830945558739254686e+00 2.050435002602081588e-13
7.853868194842406503e+00 1.910419876919707761e-13
7.876790830945558319e+00 1.779328556638622242e-13
7.899713467048710136e+00 1.656668875256770165e-13
7.922636103151861953e+00 1.541966215380463902e-13
7.945558739255013769e+00 1.434764219283224179e-13
7.968481375358165586e+00 1.334625250009261225e-13
7.991404011461317403e+00 1.241130637872273683e-13
8.014326647564470107e+00 1.153880743781416810e-13
8.037249283667621924e+00 1.072494867595456996e-13
8.060171919770773741e+00 9.966110266796012575e-14
8.083094555873925557e+00 9.258856270262954141e-14
8.106017191977077374e+00 8.599930467040899611e-14
8.128939828080229191e+00 7.986251490159855880e-14
8.151862464183381007e+00 7.414907405750076023e-14
8.174785100286532824e+00 6.883149875322707711e-14
8.197707736389684641e+00 6.388388014115970147e-14
8.220630372492836457e+00 5.928182044038341922e-14
8.243553008595988274e+00 5.500236825414848099e-14
8.266475644699140091e+00 5.102395338979661561e-14
8.289398280802291907e+00 4.732632178235041573e-14
8.312320916905443724e+00 4.389047102292929619e-14
8.335243553008595541e+00 4.069858690514653318e-14
8.358166189111747357e+00 3.773398132554340449e-14
8.381088825214899174e+00 3.498103180687257202e-14
8.404011461318050991e+00 3.242512285466118946e-14
8.426934097421202807e+00 3.005258930703980066e-14
8.449856733524356400e+00 2.785066179446212397e-14
8.472779369627506441e+00 2.580741438887833072e-14
8.495702005730660034e+00 2.391171449043312070e-14
8.518624641833810074e+00 2.215317497320788720e-14
8.541547277936963667e+00 2.052210858927692807e-14
8.564469914040113707e+00 1.900948461192748909e-14
8.587392550143267300e+00 1.760688768374930644e-14
8.610315186246417340e+00 1.630647882307148208e-14
8.633237822349570934e+00 1.510095853246072480e-14
8.656160458452720974e+00 1.398353194541426705e-14
8.679083094555874567e+00 1.294787594162180653e-14
8.702005730659024607e+00 1.198810815701774073e-14
8.724928366762178200e+00 1.109875781201162461e-14
8.747851002865328240e+00 1.027473827960811649e-14
8.770773638968481833e+00 9.511321314383176901e-15
8.793696275071631874e+00 8.804112863350482058e-15
8.816618911174785467e+00 8.149030380455549560e-15
8.839541547277935507e+00 7.542281567688766599e-15
8.862464183381089100e+00 6.980344467475974973e-15
8.885386819484239140e+00 6.459948833026874080e-15
8.908309455587392733e+00 5.978058705592243036e-15
8.931232091690544550e+00 5.531856130060963791e-15
8.954154727793696367e+00 5.118725942937549386e-15
8.977077363896848183e+00 4.736241569453550861e-15
9.000000000000000000e+00 4.382151769326009962e-15
