# log10(T) rate(cm^3/s)
# Total Recomb Rates
1.000000000000000000e+00 8.430420734269767434e-10
1.022922636103151817e+00 8.203287293876021355e-10
1.045845272206303633e+00 7.982089916295867788e-10
1.068767908309455672e+00 7.766674441244313476e-10
1.091690544412607489e+00 7.556890731086267326e-10
1.114613180515759305e+00 7.352592566068536501e-10
1.137535816618911122e+00 7.153637542273339777e-10
1.160458452722062939e+00 6.959886972222075533e-10
1.183381088825214977e+00 6.771205788059967702e-10
1.206303724928366794e+00 6.587462447253906646e-10
1.229226361031518611e+00 6.408528840737710688e-10
1.252148997134670427e+00 6.234280203440632492e-10
1.275071633237822244e+00 6.064595027136617854e-10
1.297994269340974283e+00 5.899354975553505670e-10
1.320916905444126099e+00 5.738444801682855081e-10
1.343839541547277916e+00 5.581752267232695657e-10
1.366762177650429733e+00 5.429168064166961648e-10
1.389684813753581771e+00 5.280585738276862334e-10
1.412607449856733588e+00 5.135901614730837368e-10
1.435530085959885405e+00 4.995014725551159497e-10
1.458452722063037221e+00 4.857826738966605660e-10
1.481375358166189038e+00 4.724241890591933710e-10
1.504297994269340855e+00 4.594166916386180044e-10
1.527220630372492671e+00 4.467510987343077548e-10
1.550143266475644710e+00 4.344185645868107241e-10
1.573065902578796527e+00 4.224104743797883919e-10
1.595988538681948565e+00 4.107184382018764733e-10
1.618911174785100382e+00 3.993342851642700733e-10
1.641833810888252199e+00 3.882500576699456280e-10
1.664756446991404015e+00 3.774580058305412016e-10
1.687679083094555832e+00 3.669505820270234187e-10
1.710601719197707649e+00 3.567204356103717751e-10
1.733524355300859465e+00 3.467604077386108517e-10
1.756446991404011282e+00 3.370635263466248176e-10
1.779369627507163321e+00 3.276230012452752551e-10
1.802292263610315137e+00 3.184322193464488062e-10
1.825214899713467176e+00 3.094847400107425137e-10
1.848137535816618993e+00 3.007742905145931630e-10
1.871060171919770809e+00 2.922947616337366018e-10
1.893982808022922626e+00 2.840402033399762238e-10
1.916905444126074443e+00 2.760048206083153373e-10
1.939828080229226259e+00 2.681829693315988195e-10
1.962750716332378076e+00 2.605691523398806424e-10
1.985673352435529893e+00 2.531580155218175118e-10
2.008595988538681709e+00 2.459443440454618008e-10
2.031518624641833526e+00 2.389230586759044602e-10
2.054441260744985343e+00 2.320892121872873463e-10
2.077363896848137603e+00 2.254379858667781805e-10
2.100286532951289420e+00 2.189646861081698559e-10
2.123209169054441237e+00 2.126647410928318522e-10
2.146131805157593053e+00 2.065336975558102525e-10
2.169054441260744870e+00 2.005672176349340942e-10
2.191977077363897131e+00 1.947610758008514681e-10
2.214899713467048947e+00 1.891111558659767094e-10
2.237822349570200764e+00 1.836134480703906918e-10
2.260744985673352581e+00 1.782640462427975524e-10
2.283667621776504397e+00 1.730591450346902348e-10
2.306590257879656214e+00 1.679950372259390974e-10
2.329512893982808031e+00 1.630681111000672058e-10
2.352435530085959847e+00 1.582748478875275997e-10
2.375358166189111664e+00 1.536118192753498886e-10
2.398280802292263481e+00 1.490756849815698740e-10
2.421203438395415297e+00 1.446631903929042649e-10
2.444126074498567114e+00 1.403711642641763900e-10
2.467048710601718930e+00 1.361965164780446177e-10
2.489971346704870747e+00 1.321362358636250788e-10
2.512893982808022564e+00 1.281873880726423713e-10
2.535816618911174825e+00 1.243471135117806482e-10
2.558739255014326641e+00 1.206126253299441427e-10
2.581661891117478458e+00 1.169812074591729712e-10
2.604584527220630275e+00 1.134502127079941479e-10
2.627507163323782091e+00 1.100170609060192171e-10
2.650429799426934352e+00 1.066792370986328280e-10
2.673352435530086169e+00 1.034342897906452074e-10
2.696275071633237985e+00 1.002798292378086228e-10
2.719197707736389802e+00 9.721352578512656160e-11
2.742120343839541619e+00 9.423310825090780803e-11
2.765042979942693435e+00 9.133636235554070790e-11
2.787965616045845252e+00 8.852112919398748344e-11
2.810888252148997069e+00 8.578530375101608813e-11
2.833810888252148885e+00 8.312683345820857275e-11
2.856733524355300702e+00 8.054371679180270537e-11
2.879656160458452518e+00 7.803400191043967929e-11
2.902578796561604335e+00 7.559578533190666596e-11
2.925501432664756152e+00 7.322721064797814371e-11
2.948424068767907968e+00 7.092646727647204347e-11
2.971346704871059785e+00 6.869178924965037527e-11
2.994269340974212046e+00 6.652145403810433920e-11
3.017191977077363862e+00 6.441378140927565988e-11
3.040114613180515679e+00 6.236713231977419436e-11
3.063037249283667496e+00 6.037990784066261654e-11
3.085959885386819312e+00 5.845054811488580548e-11
3.108882521489971129e+00 5.657753134603166394e-11
3.131805157593122946e+00 5.475937281761695659e-11
3.154727793696275207e+00 5.299462394209866545e-11
3.177650429799427023e+00 5.128187133881912148e-11
3.200573065902578840e+00 4.961973594009790818e-11
3.223495702005730656e+00 4.800687212469235405e-11
3.246418338108882473e+00 4.644196687785288341e-11
3.269340974212034290e+00 4.492373897720695907e-11
3.292263610315186106e+00 4.345093820371163818e-11
3.315186246418337923e+00 4.202234457692192938e-11
3.338108882521489740e+00 4.063676761382857582e-11
3.361031518624641556e+00 3.929304561052683089e-11
3.383954154727793817e+00 3.799004494598536733e-11
3.406876790830945634e+00 3.672665940719273225e-11
3.429799426934097450e+00 3.550180953496714863e-11
3.452722063037249267e+00 3.431444198972533201e-11
3.475644699140401084e+00 3.316352893651527737e-11
3.498567335243552900e+00 3.204806744862833676e-11
3.521489971346704717e+00 3.096707892911745664e-11
3.544412607449856534e+00 2.991960854955919063e-11
3.567335243553008350e+00 2.890472470541025430e-11
3.590257879656160167e+00 2.792151848732156354e-11
3.613180515759312428e+00 2.696910316778652793e-11
3.636103151862464244e+00 2.604661370251451591e-11
3.659025787965616061e+00 2.515320624593467171e-11
3.681948424068767878e+00 2.428805768025120272e-11
3.704871060171919694e+00 2.345036515748627171e-11
3.727793696275071511e+00 2.263934565396351100e-11
3.750716332378223328e+00 2.185423553670136382e-11
3.773638968481375144e+00 2.109429014120309722e-11
3.796561604584526961e+00 2.035878336014739144e-11
3.819484240687678778e+00 1.964700724250124014e-11
3.842406876790831038e+00 1.895827160259517484e-11
3.865329512893982855e+00 1.829190363871883742e-11
3.888252148997134672e+00 1.764724756081298025e-11
3.911174785100286488e+00 1.702366422685325393e-11
3.934097421203438305e+00 1.642053078753841034e-11
3.957020057306590122e+00 1.583724033891499651e-11
3.979942693409741938e+00 1.527320158258814144e-11
4.002865329512893311e+00 1.472783849318659076e-11
4.025787965616045128e+00 1.420058999276783205e-11
4.048710601719197832e+00 1.369090963186693281e-11
4.071633237822349649e+00 1.319826527690998887e-11
4.094555873925501466e+00 1.272213880372975684e-11
4.117478510028653282e+00 1.226202579693826973e-11
4.140401146131805099e+00 1.181743525492651028e-11
4.163323782234956916e+00 1.138788930027746604e-11
4.186246418338108732e+00 1.097292289539353226e-11
4.209169054441260549e+00 1.057208356315406476e-11
4.232091690544412366e+00 1.018493111243260107e-11
4.255014326647564182e+00 9.811037368316808645e-12
4.277936962750716887e+00 9.449985906886773233e-12
4.300859598853868704e+00 9.101371794419496933e-12
4.323782234957020520e+00 8.764801330898748471e-12
4.346704871060172337e+00 8.439891797720422030e-12
4.369627507163324154e+00 8.126271209493554872e-12
4.392550143266475970e+00 7.823578069846698883e-12
4.415472779369627787e+00 7.531461131158197842e-12
4.438395415472779604e+00 7.249579158137160072e-12
4.461318051575931420e+00 6.977600695189452060e-12
4.484240687679083237e+00 6.715203837510013102e-12
4.507163323782235054e+00 6.462076005849156457e-12
4.530085959885386870e+00 6.217913724906305476e-12
4.553008595988538687e+00 5.982422405309791947e-12
4.575931232091690504e+00 5.755316129145988710e-12
4.598853868194842320e+00 5.536317439005232956e-12
4.621776504297994137e+00 5.325157130515570306e-12
4.644699140401145954e+00 5.121574048338522792e-12
4.667621776504297770e+00 4.925314885603801271e-12
4.690544412607449587e+00 4.736133986762098565e-12
4.713467048710601404e+00 4.553793153837063394e-12
4.736389684813753220e+00 4.378061456058942947e-12
4.759312320916905037e+00 4.208715042863631575e-12
4.782234957020056854e+00 4.045536960241613568e-12
4.805157593123208670e+00 3.888316970421893781e-12
4.828080229226360487e+00 3.736851374876162582e-12
4.851002865329512304e+00 3.590942840628607170e-12
4.873925501432664120e+00 3.450400229856410948e-12
4.896848137535815937e+00 3.315038432765707177e-12
4.919770773638967754e+00 3.184678203727091954e-12
4.942693409742119570e+00 3.059146000654112112e-12
4.965616045845272275e+00 2.938273827607224769e-12
4.988538681948424092e+00 2.821899080604822949e-12
5.011461318051575908e+00 2.709864396621703544e-12
5.034383954154727725e+00 2.602017505754400702e-12
5.057306590257879542e+00 2.498211086531472413e-12
5.080229226361031358e+00 2.398302624345901165e-12
5.103151862464183175e+00 2.302154272986456480e-12
5.126074498567334992e+00 2.209632719246996911e-12
5.148997134670486808e+00 2.120609050602569214e-12
5.171919770773638625e+00 2.034958625972483347e-12
5.194842406876790442e+00 1.952560949676756613e-12
5.217765042979942258e+00 1.873299548906379027e-12
5.240687679083094075e+00 1.797061855515089486e-12
5.263610315186245892e+00 1.723739093964043450e-12
5.286532951289397708e+00 1.653226179244753274e-12
5.309455587392550413e+00 1.585421632217957480e-12
5.332378223495702230e+00 1.520227525907982043e-12
5.355300859598854046e+00 1.457549485916779429e-12
5.378223495702005863e+00 1.397296782296784215e-12
5.401146131805157680e+00 1.339382569660619794e-12
5.424068767908309496e+00 1.283724356945713217e-12
5.446991404011461313e+00 1.230244816651204054e-12
5.469914040114613130e+00 1.178873072043583549e-12
5.492836676217764946e+00 1.129546623727826146e-12
5.515759312320916763e+00 1.082214085325449028e-12
5.538681948424068580e+00 1.036838880906313335e-12
5.561604584527220396e+00 9.934040029556048575e-13
5.584527220630372213e+00 9.519178300115632079e-13
5.607449856733524030e+00 9.124208545333428994e-13
5.630372492836675846e+00 8.749929802575077611e-13
5.653295128939827663e+00 8.397608321436612391e-13
5.676217765042979480e+00 8.069043104840525932e-13
5.699140401146131296e+00 7.766614518578586352e-13
5.722063037249283113e+00 7.493305737466761990e-13
5.744985673352435818e+00 7.252687115026194663e-13
5.767908309455587634e+00 7.048855267082639571e-13
5.790830945558739451e+00 6.886321751411220496e-13
5.813753581661891268e+00 6.769850477669359646e-13
5.836676217765043084e+00 6.704247953272389775e-13
5.859598853868194901e+00 6.694115569391529882e-13
5.882521489971346718e+00 6.743577707155339000e-13
5.905444126074498534e+00 6.856002895515237276e-13
5.928366762177650351e+00 7.033737120791887091e-13
5.951289398280802168e+00 7.277868426970266132e-13
5.974212034383953984e+00 7.588040149667077709e-13
5.997134670487105801e+00 7.962326719285192101e-13
6.020057306590257618e+00 8.397181357640289213e-13
6.042979942693409434e+00 8.887459699128930757e-13
6.065902578796561251e+00 9.426517950564106616e-13
6.088825214899713067e+00 1.000637918449528940e-12
6.111747851002864884e+00 1.061795716535477892e-12
6.134670487106016701e+00 1.125132403003768105e-12
6.157593123209168517e+00 1.189600633171249415e-12
6.180515759312320334e+00 1.254129341429575269e-12
6.203438395415473039e+00 1.317654270273302964e-12
6.226361031518624856e+00 1.379146807121087837e-12
6.249283667621776672e+00 1.437639973565702853e-12
6.272206303724928489e+00 1.492250683794366586e-12
6.295128939828080306e+00 1.542197678704407308e-12
6.318051575931232122e+00 1.586814826890774876e-12
6.340974212034383939e+00 1.625559744955883371e-12
6.363896848137535756e+00 1.658017914427884816e-12
6.386819484240687572e+00 1.683902653087198836e-12
6.409742120343839389e+00 1.703051431507995650e-12
6.432664756446991206e+00 1.715419111853155533e-12
6.455587392550143022e+00 1.721068729135472637e-12
6.478510028653294839e+00 1.720160441022962495e-12
6.501432664756446655e+00 1.712939247718414273e-12
6.524355300859598472e+00 1.699722035773057832e-12
6.547277936962750289e+00 1.680884435993192710e-12
6.570200573065902105e+00 1.656847912333448274e-12
6.593123209169053922e+00 1.628067421412564007e-12
6.616045845272205739e+00 1.595019905577568754e-12
6.638968481375357555e+00 1.558193809761017207e-12
6.661891117478510260e+00 1.518079746196426227e-12
6.684813753581662077e+00 1.475162372948718808e-12
6.707736389684813894e+00 1.429913502980312071e-12
6.730659025787965710e+00 1.382786420290142406e-12
6.753581661891117527e+00 1.334211348238048142e-12
6.776504297994269344e+00 1.284591991867674606e-12
6.799426934097421160e+00 1.234303060013706571e-12
6.822349570200572977e+00 1.183688663249249549e-12
6.845272206303724793e+00 1.133061479279878396e-12
6.868194842406876610e+00 1.082702577223484401e-12
6.891117478510028427e+00 1.032861795391442313e-12
6.914040114613180243e+00 9.837585728569862971e-13
6.936962750716332060e+00 9.355831425155671660e-13
6.959885386819483877e+00 8.884980018743281160e-13
6.982808022922635693e+00 8.426395869283437750e-13
7.005730659025787510e+00 7.981200837683415627e-13
7.028653295128939327e+00 7.550293216914501944e-13
7.051575931232091143e+00 7.134367003099054084e-13
7.074498567335242960e+00 6.733931113014428591e-13
7.097421203438395665e+00 6.349328229084084067e-13
7.120343839541547482e+00 5.980753020085945826e-13
7.143266475644699298e+00 5.628269545265942311e-13
7.166189111747851115e+00 5.291827701371617487e-13
7.189111747851002931e+00 4.971278616605925242e-13
7.212034383954154748e+00 4.666388933092445921e-13
7.234957020057306565e+00 4.376853950685114496e-13
7.257879656160458381e+00 4.102309630451958425e-13
7.280802292263610198e+00 3.842343476539304007e-13
7.303724928366762015e+00 3.596504331003563639e-13
7.326647564469913831e+00 3.364311128183371542e-13
7.349570200573065648e+00 3.145260663841817865e-13
7.372492836676217465e+00 2.938834440159628761e-13
7.395415472779369281e+00 2.744504651179833423e-13
7.418338108882521098e+00 2.561739374917129054e-13
7.441260744985672915e+00 2.390007038425049587e-13
7.464183381088824731e+00 2.228780220987036352e-13
7.487106017191976548e+00 2.077538858544266306e-13
7.510028653295128365e+00 1.935772909731889613e-13
7.532951289398280181e+00 1.802984540666522208e-13
7.555873925501432886e+00 1.678689882077485778e-13
7.578796561604584703e+00 1.562420408638238806e-13
7.601719197707736519e+00 1.453723986541982597e-13
7.624641833810888336e+00 1.352165631563591456e-13
7.647564469914040153e+00 1.257328016125241939e-13
7.670487106017191969e+00 1.168811760286748471e-13
7.693409742120343786e+00 1.086235538149967186e-13
7.716332378223495603e+00 1.009236027925409814e-13
7.739255014326647419e+00 9.374677308743978986e-14
7.762177650429799236e+00 8.706026815203878979e-14
7.785100286532951053e+00 8.083300689210537605e-14
7.808022922636102869e+00 7.503557864064175633e-14
7.830945558739254686e+00 6.964019250121823517e-14
7.853868194842406503e+00 6.462062238633195143e-14
7.876790830945558319e+00 5.995214889808873592e-14
7.899713467048710136e+00 5.561149903837876845e-14
7.922636103151861953e+00 5.157678459247249780e-14
7.945558739255013769e+00 4.782743990237197223e-14
7.968481375358165586e+00 4.434415963308127885e-14
7.991404011461317403e+00 4.110883703499707784e-14
8.014326647564470107e+00 3.810450311769167313e-14
8.037249283667621924e+00 3.531526707334758784e-14
8.060171919770773741e+00 3.272625822093867953e-14
8.083094555873925557e+00 3.032356968395291087e-14
8.106017191977077374e+00 2.809420396407505715e-14
8.128939828080229191e+00 2.602602052995307454e-14
8.151862464183381007e+00 2.410768550316139587e-14
8.174785100286532824e+00 2.232862349203336915e-14
8.197707736389684641e+00 2.067897159750748881e-14
8.220630372492836457e+00 1.914953559292408251e-14
8.243553008595988274e+00 1.773174826128628954e-14
8.266475644699140091e+00 1.641762985837972874e-14
8.289398280802291907e+00 1.519975065789836569e-14
8.312320916905443724e+00 1.407119552496541355e-14
8.335243553008595541e+00 1.302553045682478199e-14
8.358166189111747357e+00 1.205677102370825554e-14
8.381088825214899174e+00 1.115935263868631911e-14
8.404011461318050991e+00 1.032810258245193536e-14
8.426934097421202807e+00 9.558213707256785589e-15
8.449856733524356400e+00 8.845219743438171995e-15
8.472779369627506441e+00 8.184972131982507411e-15
8.495702005730660034e+00 7.573618307227772090e-15
8.518624641833810074e+00 7.007581354999380666e-15
8.541547277936963667e+00 6.483540973084396697e-15
8.564469914040113707e+00 5.998415662908155594e-15
8.587392550143267300e+00 5.549346083485829664e-15
8.610315186246417340e+00 5.133679501136860898e-15
8.633237822349570934e+00 4.748955270995158903e-15
8.656160458452720974e+00 4.392891288995761174e-15
8.679083094555874567e+00 4.063371355711101456e-15
8.702005730659024607e+00 3.758433396131484492e-15
8.724928366762178200e+00 3.476258482191627651e-15
8.747851002865328240e+00 3.215160607530629748e-15
8.770773638968481833e+00 2.973577166604706583e-15
8.793696275071631874e+00 2.750060092848742336e-15
8.816618911174785467e+00 2.543267613081072620e-15
8.839541547277935507e+00 2.351956577768174336e-15
8.862464183381089100e+00 2.174975329095705617e-15
8.885386819484239140e+00 2.011257071034370987e-15
8.908309455587392733e+00 1.859813707732025158e-15
8.931232091690544550e+00 1.719730118613676572e-15
8.954154727793696367e+00 1.590158840520993324e-15
8.977077363896848183e+00 1.470315129079388365e-15
9.000000000000000000e+00 1.359472373240174725e-15
