# log10(T) rate(cm^3/s)
# Total Recomb Rates
1.000000000000000000e+00 2.103141907786129949e-09
1.022922636103151817e+00 2.045341988186628465e-09
1.045845272206303633e+00 1.989069223007608315e-09
1.068767908309455672e+00 1.934284124631192979e-09
1.091690544412607489e+00 1.880948231632510812e-09
1.114613180515759305e+00 1.829024081776187285e-09
1.137535816618911122e+00 1.778475185711646642e-09
1.160458452722062939e+00 1.729266001349427640e-09
1.183381088825214977e+00 1.681361908901222596e-09
1.206303724928366794e+00 1.634729186566810349e-09
1.229226361031518611e+00 1.589334986851527901e-09
1.252148997134670427e+00 1.545147313498369317e-09
1.275071633237822244e+00 1.502134999019254965e-09
1.297994269340974283e+00 1.460267682810423233e-09
1.320916905444126099e+00 1.419515789837328457e-09
1.343839541547277916e+00 1.379850509874808845e-09
1.366762177650429733e+00 1.341243777288715673e-09
1.389684813753581771e+00 1.303668251345528347e-09
1.412607449856733588e+00 1.267097297036890428e-09
1.435530085959885405e+00 1.231504966406316051e-09
1.458452722063037221e+00 1.196865980365702861e-09
1.481375358166189038e+00 1.163155710989582079e-09
1.504297994269340855e+00 1.130350164275380416e-09
1.527220630372492671e+00 1.098425963358277285e-09
1.550143266475644710e+00 1.067360332169532562e-09
1.573065902578796527e+00 1.037131079527447400e-09
1.595988538681948565e+00 1.007716583650423912e-09
1.618911174785100382e+00 9.790957770818195840e-10
1.641833810888252199e+00 9.512481320165854160e-10
1.664756446991404015e+00 9.241536460199025928e-10
1.687679083094555832e+00 8.977928281282882296e-10
1.710601719197707649e+00 8.721466853238553238e-10
1.733524355300859465e+00 8.471967093726460157e-10
1.756446991404011282e+00 8.229248640181576517e-10
1.779369627507163321e+00 7.993135725213944526e-10
1.802292263610315137e+00 7.763457055389685616e-10
1.825214899713467176e+00 7.540045693309545768e-10
1.848137535816618993e+00 7.322738942903971933e-10
1.871060171919770809e+00 7.111378237865261618e-10
1.893982808022922626e+00 6.905809033139117524e-10
1.916905444126074443e+00 6.705880699399452838e-10
1.939828080229226259e+00 6.511446420431833428e-10
1.962750716332378076e+00 6.322363093352431072e-10
1.985673352435529893e+00 6.138491231590780468e-10
2.008595988538681709e+00 5.959694870565914897e-10
2.031518624641833526e+00 5.785841475986928838e-10
2.054441260744985343e+00 5.616801854710107702e-10
2.077363896848137603e+00 5.452450068086175199e-10
2.100286532951289420e+00 5.292663347732245923e-10
2.123209169054441237e+00 5.137322013664372537e-10
2.146131805157593053e+00 4.986309394727648109e-10
2.169054441260744870e+00 4.839511751261956369e-10
2.191977077363897131e+00 4.696818199942567986e-10
2.214899713467048947e+00 4.558120640735847497e-10
2.237822349570200764e+00 4.423313685911407737e-10
2.260744985673352581e+00 4.292294591053112638e-10
2.283667621776504397e+00 4.164963188012360573e-10
2.306590257879656214e+00 4.041221819748125851e-10
2.329512893982808031e+00 3.920975276999267295e-10
2.352435530085959847e+00 3.804130736735659266e-10
2.375358166189111664e+00 3.690597702335731863e-10
2.398280802292263481e+00 3.580287945439026003e-10
2.421203438395415297e+00 3.473115449423450661e-10
2.444126074498567114e+00 3.368996354457919536e-10
2.467048710601718930e+00 3.267848904082161140e-10
2.489971346704870747e+00 3.169593393266464084e-10
2.512893982808022564e+00 3.074152117905303250e-10
2.535816618911174825e+00 2.981449325699713806e-10
2.558739255014326641e+00 2.891411168384506324e-10
2.581661891117478458e+00 2.803965655257361290e-10
2.604584527220630275e+00 2.719042607968028856e-10
2.627507163323782091e+00 2.636573616526909133e-10
2.650429799426934352e+00 2.556491996493350233e-10
2.673352435530086169e+00 2.478732747305191384e-10
2.696275071633237985e+00 2.403232511712042077e-10
2.719197707736389802e+00 2.329929536276038317e-10
2.742120343839541619e+00 2.258763632904784311e-10
2.765042979942693435e+00 2.189676141382359684e-10
2.787965616045845252e+00 2.122609892865330067e-10
2.810888252148997069e+00 2.057509174311787702e-10
2.833810888252148885e+00 1.994319693812528393e-10
2.856733524355300702e+00 1.932988546794530229e-10
2.879656160458452518e+00 1.873464183067956716e-10
2.902578796561604335e+00 1.815696374688945843e-10
2.925501432664756152e+00 1.759636184611481124e-10
2.948424068767907968e+00 1.705235936102631946e-10
2.971346704871059785e+00 1.652449182896466731e-10
2.994269340974212046e+00 1.601230680062893376e-10
3.017191977077363862e+00 1.551536355568655752e-10
3.040114613180515679e+00 1.503323282508613512e-10
3.063037249283667496e+00 1.456549651986385311e-10
3.085959885386819312e+00 1.411174746624268385e-10
3.108882521489971129e+00 1.367158914683244148e-10
3.131805157593122946e+00 1.324463544774692201e-10
3.154727793696275207e+00 1.283051041146245744e-10
3.177650429799427023e+00 1.242884799524995083e-10
3.200573065902578840e+00 1.203929183502005624e-10
3.223495702005730656e+00 1.166149501442823997e-10
3.246418338108882473e+00 1.129511983909360540e-10
3.269340974212034290e+00 1.093983761579172813e-10
3.292263610315186106e+00 1.059532843648843889e-10
3.315186246418337923e+00 1.026128096708726812e-10
3.338108882521489740e+00 9.937392240769315864e-11
3.361031518624641556e+00 9.623367455809673145e-11
3.383954154727793817e+00 9.318919777759804820e-11
3.406876790830945634e+00 9.023770145890371347e-11
3.429799426934097450e+00 8.737647083793433935e-11
3.452722063037249267e+00 8.460286514047792834e-11
3.475644699140401084e+00 8.191431576855065276e-11
3.498567335243552900e+00 7.930832452558295882e-11
3.521489971346704717e+00 7.678246187958444078e-11
3.544412607449856534e+00 7.433436526347726152e-11
3.567335243553008350e+00 7.196173741181941979e-11
3.590257879656160167e+00 6.966234473317028638e-11
3.613180515759312428e+00 6.743401571737898208e-11
3.636103151862464244e+00 6.527463937710328591e-11
3.659025787965616061e+00 6.318216372289069871e-11
3.681948424068767878e+00 6.115459427117706876e-11
3.704871060171919694e+00 5.918999258457911114e-11
3.727793696275071511e+00 5.728647484387698527e-11
3.750716332378223328e+00 5.544221045110109953e-11
3.773638968481375144e+00 5.365542066315517993e-11
3.796561604584526961e+00 5.192437725542200590e-11
3.819484240687678778e+00 5.024740121481354464e-11
3.842406876790831038e+00 4.862286146174037952e-11
3.865329512893982855e+00 4.704917360048728976e-11
3.888252148997134672e+00 4.552479869749312829e-11
3.911174785100286488e+00 4.404824208704463477e-11
3.934097421203438305e+00 4.261805220390138181e-11
3.957020057306590122e+00 4.123281944238054219e-11
3.979942693409741938e+00 3.989117504143569065e-11
4.002865329512893311e+00 3.859178999527386993e-11
4.025787965616045128e+00 3.733337398906039864e-11
4.048710601719197832e+00 3.611467435926867885e-11
4.071633237822349649e+00 3.493447507823781916e-11
4.094555873925501466e+00 3.379159576250614923e-11
4.117478510028653282e+00 3.268489070449564876e-11
4.140401146131805099e+00 3.161324792712577787e-11
4.163323782234956916e+00 3.057558826094084369e-11
4.186246418338108732e+00 2.957086444333951022e-11
4.209169054441260549e+00 2.859806023949954632e-11
4.232091690544412366e+00 2.765618958459515260e-11
4.255014326647564182e+00 2.674429574690805968e-11
4.277936962750716887e+00 2.586145051143822334e-11
4.300859598853868704e+00 2.500675338362354547e-11
4.323782234957020520e+00 2.417933081278146778e-11
4.346704871060172337e+00 2.337833543489051670e-11
4.369627507163324154e+00 2.260294533433214308e-11
4.392550143266475970e+00 2.185236332421815347e-11
4.415472779369627787e+00 2.112581624493233210e-11
4.438395415472779604e+00 2.042255428051888533e-11
4.461318051575931420e+00 1.974185029255416896e-11
4.484240687679083237e+00 1.908299917114213353e-11
4.507163323782235054e+00 1.844531720267782881e-11
4.530085959885386870e+00 1.782814145402717045e-11
4.553008595988538687e+00 1.723082917277554930e-11
4.575931232091690504e+00 1.665275720320169366e-11
4.598853868194842320e+00 1.609332141763720069e-11
4.621776504297994137e+00 1.555193616287690343e-11
4.644699140401145954e+00 1.502803372130887157e-11
4.667621776504297770e+00 1.452106378643751648e-11
4.690544412607449587e+00 1.403049295247758770e-11
4.713467048710601404e+00 1.355580421770110375e-11
4.736389684813753220e+00 1.309649650122387408e-11
4.759312320916905037e+00 1.265208417292274100e-11
4.782234957020056854e+00 1.222209659617912295e-11
4.805157593123208670e+00 1.180607768314912085e-11
4.828080229226360487e+00 1.140358546226505050e-11
4.851002865329512304e+00 1.101419165767786186e-11
4.873925501432664120e+00 1.063748128035462683e-11
4.896848137535815937e+00 1.027305223055000286e-11
4.919770773638967754e+00 9.920514911375195231e-12
4.942693409742119570e+00 9.579491853192824941e-12
4.965616045845272275e+00 9.249617348570698955e-12
4.988538681948424092e+00 8.930537097532395806e-12
5.011461318051575908e+00 8.621907862847095104e-12
5.034383954154727725e+00 8.323397135106196074e-12
5.057306590257879542e+00 8.034682807338611343e-12
5.080229226361031358e+00 7.755452858921670867e-12
5.103151862464183175e+00 7.485405048549133364e-12
5.126074498567334992e+00 7.224246616022541068e-12
5.148997134670486808e+00 6.971693992636938251e-12
5.171919770773638625e+00 6.727472519936413530e-12
5.194842406876790442e+00 6.491316176619877794e-12
5.217765042979942258e+00 6.262967313381744224e-12
5.240687679083094075e+00 6.042176395477075315e-12
5.263610315186245892e+00 5.828701752805031853e-12
5.286532951289397708e+00 5.622309337309145565e-12
5.309455587392550413e+00 5.422772487497272634e-12
5.332378223495702230e+00 5.229871699888587881e-12
5.355300859598854046e+00 5.043394407199198537e-12
5.378223495702005863e+00 4.863134763082509253e-12
5.401146131805157680e+00 4.688893433244498446e-12
5.424068767908309496e+00 4.520477392758391038e-12
5.446991404011461313e+00 4.357699729407438976e-12
5.469914040114613130e+00 4.200379452888444427e-12
5.492836676217764946e+00 4.048341309712923215e-12
5.515759312320916763e+00 3.901415603646618899e-12
5.538681948424068580e+00 3.759438021532157216e-12
5.561604584527220396e+00 3.622249464343377985e-12
5.584527220630372213e+00 3.489695883323802591e-12
5.607449856733524030e+00 3.361628121065383557e-12
5.630372492836675846e+00 3.237901757387406634e-12
5.653295128939827663e+00 3.118376959879009314e-12
5.676217765042979480e+00 3.002918338972407886e-12
5.699140401146131296e+00 2.891394807417353802e-12
5.722063037249283113e+00 2.783679444030830232e-12
5.744985673352435818e+00 2.679649361599373820e-12
5.767908309455587634e+00 2.579185578814683859e-12
5.790830945558739451e+00 2.482172896126427668e-12
5.813753581661891268e+00 2.388499775399413572e-12
5.836676217765043084e+00 2.298058223265290164e-12
5.859598853868194901e+00 2.210743678062083717e-12
5.882521489971346718e+00 2.126454900257838107e-12
5.905444126074498534e+00 2.045093866257509464e-12
5.928366762177650351e+00 1.966565665495206549e-12
5.951289398280802168e+00 1.890778400716558971e-12
5.974212034383953984e+00 1.817643091358812585e-12
5.997134670487105801e+00 1.747073579938846829e-12
6.020057306590257618e+00 1.678986441361938321e-12
6.042979942693409434e+00 1.613300895066627898e-12
6.065902578796561251e+00 1.549938719923499511e-12
6.088825214899713067e+00 1.488824171808090051e-12
6.111747851002864884e+00 1.429883903770492989e-12
6.134670487106016701e+00 1.373046888726483385e-12
6.157593123209168517e+00 1.318244344597209378e-12
6.180515759312320334e+00 1.265409661826628901e-12
6.203438395415473039e+00 1.214478333207973403e-12
6.226361031518624856e+00 1.165387885952520100e-12
6.249283667621776672e+00 1.118077815935897599e-12
6.272206303724928489e+00 1.072489524059094307e-12
6.295128939828080306e+00 1.028566254663104470e-12
6.318051575931232122e+00 9.862530359379458503e-13
6.340974212034383939e+00 9.454966222684933402e-13
6.363896848137535756e+00 9.062454384611972936e-13
6.386819484240687572e+00 8.684495257973512484e-13
6.409742120343839389e+00 8.320604898600877216e-13
6.432664756446991206e+00 7.970314500837520537e-13
6.455587392550143022e+00 7.633169909757035795e-13
6.478510028653294839e+00 7.308731149619371666e-13
6.501432664756446655e+00 6.996571968092151771e-13
6.524355300859598472e+00 6.696279395776321962e-13
6.547277936962750289e+00 6.407453320587111215e-13
6.570200573065902105e+00 6.129706076552630426e-13
6.593123209169053922e+00 5.862662046603179133e-13
6.616045845272205739e+00 5.605957278934560837e-13
6.638968481375357555e+00 5.359239116538568770e-13
6.661891117478510260e+00 5.122165839503094588e-13
6.684813753581662077e+00 4.894406319693238575e-13
6.707736389684813894e+00 4.675639687433181819e-13
6.730659025787965710e+00 4.465555009816909685e-13
6.753581661891117527e+00 4.263850980283313653e-13
6.776504297994269344e+00 4.070235619098761568e-13
6.799426934097421160e+00 3.884425984397273841e-13
6.822349570200572977e+00 3.706147893435148332e-13
6.845272206303724793e+00 3.535135653723493986e-13
6.868194842406876610e+00 3.371131803708356329e-13
6.891117478510028427e+00 3.213886862674242039e-13
6.914040114613180243e+00 3.063159089552767864e-13
6.936962750716332060e+00 2.918714250323946041e-13
6.959885386819483877e+00 2.780325393703273883e-13
6.982808022922635693e+00 2.647772634813416975e-13
7.005730659025787510e+00 2.520842946544770935e-13
7.028653295128939327e+00 2.399329958314768028e-13
7.051575931232091143e+00 2.283033761941240978e-13
7.074498567335242960e+00 2.171760724350759389e-13
7.097421203438395665e+00 2.065323306848434496e-13
7.120343839541547482e+00 1.963539890681387999e-13
7.143266475644699298e+00 1.866234608633780185e-13
7.166189111747851115e+00 1.773237182397326282e-13
7.189111747851002931e+00 1.684382765467086727e-13
7.212034383954154748e+00 1.599511791318604465e-13
7.234957020057306565e+00 1.518469826628709378e-13
7.257879656160458381e+00 1.441107429308832413e-13
7.280802292263610198e+00 1.367280011126295102e-13
7.303724928366762015e+00 1.296847704695872589e-13
7.326647564469913831e+00 1.229675234630912427e-13
7.349570200573065648e+00 1.165631792650437584e-13
7.372492836676217465e+00 1.104590916445974148e-13
7.395415472779369281e+00 1.046430372119304974e-13
7.418338108882521098e+00 9.910320400099272076e-14
7.441260744985672915e+00 9.382818037387212103e-14
7.464183381088824731e+00 8.880694423021301001e-14
7.487106017191976548e+00 8.402885250590607955e-14
7.510028653295128365e+00 7.948363094606510223e-14
7.532951289398280181e+00 7.516136413810599139e-14
7.555873925501432886e+00 7.105248579154060724e-14
7.578796561604584703e+00 6.714776925190011255e-14
7.601719197707736519e+00 6.343831823699113825e-14
7.624641833810888336e+00 5.991555778448080576e-14
7.647564469914040153e+00 5.657122540057819015e-14
7.670487106017191969e+00 5.339736240034674534e-14
7.693409742120343786e+00 5.038630543092844958e-14
7.716332378223495603e+00 4.753067816969234722e-14
7.739255014326647419e+00 4.482338319002686236e-14
7.762177650429799236e+00 4.225759398818273633e-14
7.785100286532951053e+00 3.982674716523202003e-14
7.808022922636102869e+00 3.752453475884051164e-14
7.830945558739254686e+00 3.534489672015395991e-14
7.853868194842406503e+00 3.328201353166735532e-14
7.876790830945558319e+00 3.133029896248528468e-14
7.899713467048710136e+00 2.948439295788361449e-14
7.922636103151861953e+00 2.773915466055059125e-14
7.945558739255013769e+00 2.608965556131739892e-14
7.968481375358165586e+00 2.453117277758277014e-14
7.991404011461317403e+00 2.305918245799518936e-14
8.014326647564470107e+00 2.166935331227737711e-14
8.037249283667621924e+00 2.035754026536357161e-14
8.060171919770773741e+00 1.911977823526828328e-14
8.083094555873925557e+00 1.795227603432138697e-14
8.106017191977077374e+00 1.685141039358256975e-14
8.128939828080229191e+00 1.581372011039642637e-14
8.151862464183381007e+00 1.483590031916468099e-14
8.174785100286532824e+00 1.391479688549756237e-14
8.197707736389684641e+00 1.304740092396303169e-14
8.220630372492836457e+00 1.223084343968330699e-14
8.243553008595988274e+00 1.146239009403316621e-14
8.266475644699140091e+00 1.073943609467745523e-14
8.289398280802291907e+00 1.005950121014668084e-14
8.312320916905443724e+00 9.420224909092779751e-15
8.335243553008595541e+00 8.819361624292877213e-15
8.358166189111747357e+00 8.254776141380592871e-15
8.381088825214899174e+00 7.724439112182793811e-15
8.404011461318050991e+00 7.226422692427697249e-15
8.426934097421202807e+00 6.758896303469299933e-15
8.449856733524356400e+00 6.320122517545123412e-15
8.472779369627506441e+00 5.908453065951461935e-15
8.495702005730660034e+00 5.522324969382884430e-15
8.518624641833810074e+00 5.160256789546232756e-15
8.541547277936963667e+00 4.820845001017513367e-15
8.564469914040113707e+00 4.502760482175677328e-15
8.587392550143267300e+00 4.204745123908103335e-15
8.610315186246417340e+00 3.925608554653722176e-15
8.633237822349570934e+00 3.664224980218528770e-15
8.656160458452720974e+00 3.419530136678778587e-15
8.679083094555874567e+00 3.190518354567766469e-15
8.702005730659024607e+00 2.976239732435016468e-15
8.724928366762178200e+00 2.775797417761852057e-15
8.747851002865328240e+00 2.588344993125003508e-15
8.770773638968481833e+00 2.413083965411258268e-15
8.793696275071631874e+00 2.249261355810127749e-15
8.816618911174785467e+00 2.096167388240026054e-15
8.839541547277935507e+00 1.953133273804418632e-15
8.862464183381089100e+00 1.819529088820419022e-15
8.885386819484239140e+00 1.694761743920265010e-15
8.908309455587392733e+00 1.578273041689386404e-15
8.931232091690544550e+00 1.469537820279197014e-15
8.954154727793696367e+00 1.368062180412565566e-15
8.977077363896848183e+00 1.273381793189707665e-15
9.000000000000000000e+00 1.185060286097799859e-15
