# log10(T) rate(cm^3/s)
# Total Recomb Rates
1.000000000000000000e+00 2.949114555550080627e-11
1.022922636103151817e+00 2.854128027731643761e-11
1.045845272206303633e+00 2.762018737301944180e-11
1.068767908309455672e+00 2.672706718905838881e-11
1.091690544412607489e+00 2.586113998947537778e-11
1.114613180515759305e+00 2.502164549856578306e-11
1.137535816618911122e+00 2.420784245565310071e-11
1.160458452722062939e+00 2.341900818151768739e-11
1.183381088825214977e+00 2.265443815603337006e-11
1.206303724928366794e+00 2.191344560658142738e-11
1.229226361031518611e+00 2.119536110682650117e-11
1.252148997134670427e+00 2.049953218545493533e-11
1.275071633237822244e+00 1.982532294449087117e-11
1.297994269340974283e+00 1.917211368682145753e-11
1.320916905444126099e+00 1.853930055257730081e-11
1.343839541547277916e+00 1.792629516402981208e-11
1.366762177650429733e+00 1.733252427868200768e-11
1.389684813753581771e+00 1.675742945024428617e-11
1.412607449856733588e+00 1.620046669720115124e-11
1.435530085959885405e+00 1.566110617868924200e-11
1.458452722063037221e+00 1.513883187742132638e-11
1.481375358166189038e+00 1.463314128940422624e-11
1.504297994269340855e+00 1.414354512021236855e-11
1.527220630372492671e+00 1.366956698759155912e-11
1.550143266475644710e+00 1.321074313017998160e-11
1.573065902578796527e+00 1.276662212214606290e-11
1.595988538681948565e+00 1.233676459355395866e-11
1.618911174785100382e+00 1.192074295627928478e-11
1.641833810888252199e+00 1.151814113530820511e-11
1.664756446991404015e+00 1.112855430526342974e-11
1.687679083094555832e+00 1.075158863201052881e-11
1.710601719197707649e+00 1.038686101920737596e-11
1.733524355300859465e+00 1.003399885966838709e-11
1.756446991404011282e+00 9.692639791423677986e-12
1.779369627507163321e+00 9.362431458361057774e-12
1.802292263610315137e+00 9.043031275346413809e-12
1.825214899713467176e+00 8.734106197724793335e-12
1.848137535816618993e+00 8.435332495111104887e-12
1.871060171919770809e+00 8.146395529385393281e-12
1.893982808022922626e+00 7.866989536813178690e-12
1.916905444126074443e+00 7.596817414216581582e-12
1.939828080229226259e+00 7.335590509126604931e-12
1.962750716332378076e+00 7.083028413851460704e-12
1.985673352435529893e+00 6.838858763399496610e-12
2.008595988538681709e+00 6.602817037199193667e-12
2.031518624641833526e+00 6.374646364561695599e-12
2.054441260744985343e+00 6.154097333834276291e-12
2.077363896848137603e+00 5.940927805195858432e-12
2.100286532951289420e+00 5.734902727047774955e-12
2.123209169054441237e+00 5.535793955955109550e-12
2.146131805157593053e+00 5.343380080095664249e-12
2.169054441260744870e+00 5.157446246175039155e-12
2.191977077363897131e+00 4.977783989767623662e-12
2.214899713467048947e+00 4.804191069044399518e-12
2.237822349570200764e+00 4.636471301849331771e-12
2.260744985673352581e+00 4.474434406087305396e-12
2.283667621776504397e+00 4.317895843388183438e-12
2.306590257879656214e+00 4.166676666015703259e-12
2.329512893982808031e+00 4.020603367000401306e-12
2.352435530085959847e+00 3.879507733501666002e-12
2.375358166189111664e+00 3.743226703464046318e-12
2.398280802292263481e+00 3.611602225760153690e-12
2.421203438395415297e+00 3.484481124260809468e-12
2.444126074498567114e+00 3.361714966717257425e-12
2.467048710601718930e+00 3.243159940067539188e-12
2.489971346704870747e+00 3.128676734862598521e-12
2.512893982808022564e+00 3.018130442961884929e-12
2.535816618911174825e+00 2.911390474368390702e-12
2.558739255014326641e+00 2.808330500779025510e-12
2.581661891117478458e+00 2.708828434634594040e-12
2.604584527220630275e+00 2.612766452511033526e-12
2.627507163323782091e+00 2.520031069888454299e-12
2.650429799426934352e+00 2.430513270085113916e-12
2.673352435530086169e+00 2.344108683223203042e-12
2.696275071633237985e+00 2.260717801832338369e-12
2.719197707736389802e+00 2.180246209085280452e-12
2.742120343839541619e+00 2.102604785295425822e-12
2.765042979942693435e+00 2.027709850164184814e-12
2.787965616045845252e+00 1.955483194336007068e-12
2.810888252148997069e+00 1.885851955668064106e-12
2.833810888252148885e+00 1.818748304012957617e-12
2.856733524355300702e+00 1.754108912960289118e-12
2.879656160458452518e+00 1.691874216519422813e-12
2.902578796561604335e+00 1.631987470894243341e-12
2.925501432664756152e+00 1.574393663526695337e-12
2.948424068767907968e+00 1.519038330649248775e-12
2.971346704871059785e+00 1.465866358286628134e-12
2.994269340974212046e+00 1.414820848367611880e-12
3.017191977077363862e+00 1.365842130709503489e-12
3.040114613180515679e+00 1.318866993458349258e-12
3.063037249283667496e+00 1.273828190246075247e-12
3.085959885386819312e+00 1.230654263511654257e-12
3.108882521489971129e+00 1.189269701968096805e-12
3.131805157593122946e+00 1.149595427837927892e-12
3.154727793696275207e+00 1.111549587735235150e-12
3.177650429799427023e+00 1.075048601160740334e-12
3.200573065902578840e+00 1.040008403487080052e-12
3.223495702005730656e+00 1.006345806910692794e-12
3.246418338108882473e+00 9.739798939589598330e-13
3.269340974212034290e+00 9.428333545535501563e-13
3.292263610315186106e+00 9.128336799980057624e-13
3.315186246418337923e+00 8.839141359302842138e-13
3.338108882521489740e+00 8.560144511120739028e-13
3.361031518624641556e+00 8.290811791242825576e-13
3.383954154727793817e+00 8.030677141262253938e-13
3.406876790830945634e+00 7.779339677537229171e-13
3.429799426934097450e+00 7.536457395628995781e-13
3.452722063037249267e+00 7.301738357200827156e-13
3.475644699140401084e+00 7.074930077480404129e-13
3.498567335243552900e+00 6.855807935217734239e-13
3.521489971346704717e+00 6.644163456189508995e-13
3.544412607449856534e+00 6.439793276901813477e-13
3.567335243553008350e+00 6.242489486375455729e-13
3.590257879656160167e+00 6.052031886101223338e-13
3.613180515759312428e+00 5.868182520509430513e-13
3.636103151862464244e+00 5.690682632780489157e-13
3.659025787965616061e+00 5.519252012349911637e-13
3.681948424068767878e+00 5.353590536594253303e-13
3.704871060171919694e+00 5.193381581025654254e-13
3.727793696275071511e+00 5.038296886051850973e-13
3.750716332378223328e+00 4.888002425441366045e-13
3.773638968481375144e+00 4.742164819607219845e-13
3.796561604584526961e+00 4.600457870608552809e-13
3.819484240687678778e+00 4.462568859586748225e-13
3.842406876790831038e+00 4.328204337417174760e-13
3.865329512893982855e+00 4.197095257555207043e-13
3.888252148997134672e+00 4.069001458398966018e-13
3.911174785100286488e+00 3.943715727302779583e-13
3.934097421203438305e+00 3.821068011723138927e-13
3.957020057306590122e+00 3.700930837554108277e-13
3.979942693409741938e+00 3.583227698015595281e-13
4.002865329512893311e+00 3.467947102277486642e-13
4.025787965616045128e+00 3.355166063245583647e-13
4.048710601719197832e+00 3.245087891380616719e-13
4.071633237822349649e+00 3.138099950642604426e-13
4.094555873925501466e+00 3.034857118431509421e-13
4.117478510028653282e+00 2.936395627608480021e-13
4.140401146131805099e+00 2.844279385391691731e-13
4.163323782234956916e+00 2.760776610086634666e-13
4.186246418338108732e+00 2.689058898087680830e-13
4.209169054441260549e+00 2.633408239360649262e-13
4.232091690544412366e+00 2.599411028939775342e-13
4.255014326647564182e+00 2.594113000452601642e-13
4.277936962750716887e+00 2.626106463933507619e-13
4.300859598853868704e+00 2.705522225054132205e-13
4.323782234957020520e+00 2.843903549437949917e-13
4.346704871060172337e+00 3.053948313723835388e-13
4.369627507163324154e+00 3.349117190415057547e-13
4.392550143266475970e+00 3.743118947655702197e-13
4.415472779369627787e+00 4.249297013442463630e-13
4.438395415472779604e+00 4.879952658291091729e-13
4.461318051575931420e+00 5.645648070155760712e-13
4.484240687679083237e+00 6.554536299964779335e-13
4.507163323782235054e+00 7.611764215562670225e-13
4.530085959885386870e+00 8.818989485130537979e-13
4.553008595988538687e+00 1.017404398823073250e-12
4.575931232091690504e+00 1.167076503204084820e-12
4.598853868194842320e+00 1.329900359104414119e-12
4.621776504297994137e+00 1.504480672117824111e-12
4.644699140401145954e+00 1.689076038407243702e-12
4.667621776504297770e+00 1.881646994968312890e-12
4.690544412607449587e+00 2.079914911821843748e-12
4.713467048710601404e+00 2.281428410724575759e-12
4.736389684813753220e+00 2.483633861912647439e-12
4.759312320916905037e+00 2.683946606729212981e-12
4.782234957020056854e+00 2.879819839157747949e-12
4.805157593123208670e+00 3.068808505545442323e-12
4.828080229226360487e+00 3.248626099780814740e-12
4.851002865329512304e+00 3.417192794184852342e-12
4.873925501432664120e+00 3.572673913364820359e-12
4.896848137535815937e+00 3.713508295712776426e-12
4.919770773638967754e+00 3.838426569780936515e-12
4.942693409742119570e+00 3.946459783285642013e-12
4.965616045845272275e+00 4.036939151384177982e-12
4.988538681948424092e+00 4.109487935090793362e-12
5.011461318051575908e+00 4.164006622557534586e-12
5.034383954154727725e+00 4.200652671832995447e-12
5.057306590257879542e+00 4.219816092867638255e-12
5.080229226361031358e+00 4.222092109915455439e-12
5.103151862464183175e+00 4.208252064786134499e-12
5.126074498567334992e+00 4.179213608260604835e-12
5.148997134670486808e+00 4.136011092341394103e-12
5.171919770773638625e+00 4.079766929682910104e-12
5.194842406876790442e+00 4.011664536942971494e-12
5.217765042979942258e+00 3.932923332777361811e-12
5.240687679083094075e+00 3.844776124061098999e-12
5.263610315186245892e+00 3.748449089468025978e-12
5.286532951289397708e+00 3.645144460222998468e-12
5.309455587392550413e+00 3.536025904930293199e-12
5.332378223495702230e+00 3.422206549173546243e-12
5.355300859598854046e+00 3.304739500599956387e-12
5.378223495702005863e+00 3.184610705393766589e-12
5.401146131805157680e+00 3.062733930963345026e-12
5.424068767908309496e+00 2.939947650626410857e-12
5.446991404011461313e+00 2.817013597283180599e-12
5.469914040114613130e+00 2.694616752716945631e-12
5.492836676217764946e+00 2.573366545529512474e-12
5.515759312320916763e+00 2.453799042208365921e-12
5.538681948424068580e+00 2.336379931002898722e-12
5.561604584527220396e+00 2.221508115913467844e-12
5.584527220630372213e+00 2.109519757115744418e-12
5.607449856733524030e+00 2.000692613688152381e-12
5.630372492836675846e+00 1.895250563892710779e-12
5.653295128939827663e+00 1.793368196950810346e-12
5.676217765042979480e+00 1.695175387868766261e-12
5.699140401146131296e+00 1.600761783138805289e-12
5.722063037249283113e+00 1.510181139907466141e-12
5.744985673352435818e+00 1.423455474386471383e-12
5.767908309455587634e+00 1.340578986868444725e-12
5.790830945558739451e+00 1.261521740739433809e-12
5.813753581661891268e+00 1.186233081427472900e-12
5.836676217765043084e+00 1.114644788391965981e-12
5.859598853868194901e+00 1.046673959160084690e-12
5.882521489971346718e+00 9.822256291791974102e-13
5.905444126074498534e+00 9.211951350071241852e-13
5.928366762177650351e+00 8.634702312311933414e-13
5.951289398280802168e+00 8.089329736138578119e-13
5.974212034383953984e+00 7.574613824205716134e-13
5.997134670487105801e+00 7.089309007992287376e-13
6.020057306590257618e+00 6.632156635443120857e-13
6.042979942693409434e+00 6.201895916773884828e-13
6.065902578796561251e+00 5.797273280830079289e-13
6.088825214899713067e+00 5.417050290200438334e-13
6.111747851002864884e+00 5.060010257384989655e-13
6.134670487106016701e+00 4.724963697178617802e-13
6.157593123209168517e+00 4.410752742446468500e-13
6.180515759312320334e+00 4.116254641963495167e-13
6.203438395415473039e+00 3.840384450232252448e-13
6.226361031518624856e+00 3.582097010393052079e-13
6.249283667621776672e+00 3.340388322665451357e-13
6.272206303724928489e+00 3.114296382338339161e-13
6.295128939828080306e+00 2.902901563251388445e-13
6.318051575931232122e+00 2.705326615052220956e-13
6.340974212034383939e+00 2.520736335315117348e-13
6.363896848137535756e+00 2.348336970895433409e-13
6.386819484240687572e+00 2.187375396680342030e-13
6.409742120343839389e+00 2.037138114181089764e-13
6.432664756446991206e+00 1.896950107185356511e-13
6.455587392550143022e+00 1.766173586934559333e-13
6.478510028653294839e+00 1.644206654989022637e-13
6.501432664756446655e+00 1.530481908069467462e-13
6.524355300859598472e+00 1.424465005689616369e-13
6.547277936962750289e+00 1.325653218294050363e-13
6.570200573065902105e+00 1.233573970859649363e-13
6.593123209169053922e+00 1.147783394479963235e-13
6.616045845272205739e+00 1.067864896302403260e-13
6.638968481375357555e+00 9.934277563019874544e-14
6.661891117478510260e+00 9.241057577274639368e-14
6.684813753581662077e+00 8.595558566224678640e-14
6.707736389684813894e+00 7.994568945838328254e-14
6.730659025787965710e+00 7.435083578510100595e-14
6.753581661891117527e+00 6.914291849056217943e-14
6.776504297994269344e+00 6.429566239814416958e-14
6.799426934097421160e+00 5.978451412266373725e-14
6.822349570200572977e+00 5.558653797075877983e-14
6.845272206303724793e+00 5.168031689840858057e-14
6.868194842406876610e+00 4.804585846074990891e-14
6.891117478510028427e+00 4.466450565860405273e-14
6.914040114613180243e+00 4.151885256152960850e-14
6.936962750716332060e+00 3.859266456791881553e-14
6.959885386819483877e+00 3.587080314792048540e-14
6.982808022922635693e+00 3.333915490414115737e-14
7.005730659025787510e+00 3.098456477756403486e-14
7.028653295128939327e+00 2.879477322142612021e-14
7.051575931232091143e+00 2.675835716345220375e-14
7.074498567335242960e+00 2.486467457647392286e-14
7.097421203438395665e+00 2.310381247871537370e-14
7.120343839541547482e+00 2.146653818761064669e-14
7.143266475644699298e+00 1.994425365467155613e-14
7.166189111747851115e+00 1.852895271342999736e-14
7.189111747851002931e+00 1.721318107764012417e-14
7.212034383954154748e+00 1.598999893258604233e-14
7.234957020057306565e+00 1.485294596835679566e-14
7.257879656160458381e+00 1.379600871020740036e-14
7.280802292263610198e+00 1.281359000752325761e-14
7.303724928366762015e+00 1.190048054936329336e-14
7.326647564469913831e+00 1.105183228100594670e-14
7.349570200573065648e+00 1.026313360230674695e-14
7.372492836676217465e+00 9.530186234950139494e-15
7.395415472779369281e+00 8.849083651806294995e-15
7.418338108882521098e+00 8.216190967556895925e-15
7.441260744985672915e+00 7.628126195510920220e-15
7.464183381088824731e+00 7.081742781076288753e-15
7.487106017191976548e+00 6.574113327674519343e-15
7.510028653295128365e+00 6.102514435976587541e-15
7.532951289398280181e+00 5.664412582194952226e-15
7.555873925501432886e+00 5.257450965788180996e-15
7.578796561604584703e+00 4.879437261323060908e-15
7.601719197707736519e+00 4.528332213396200380e-15
7.624641833810888336e+00 4.202239017449983066e-15
7.647564469914040153e+00 3.899393433029798409e-15
7.670487106017191969e+00 3.618154579529862366e-15
7.693409742120343786e+00 3.356996367769777199e-15
7.716332378223495603e+00 3.114499523842280071e-15
7.739255014326647419e+00 2.889344164582067575e-15
7.762177650429799236e+00 2.680302886735480641e-15
7.785100286532951053e+00 2.486234334469249039e-15
7.808022922636102869e+00 2.306077212252555143e-15
7.830945558739254686e+00 2.138844712388578723e-15
7.853868194842406503e+00 1.983619328568071713e-15
7.876790830945558319e+00 1.839548028776465735e-15
7.899713467048710136e+00 1.705837762715384404e-15
7.922636103151861953e+00 1.581751280607082190e-15
7.945558739255013769e+00 1.466603241843370736e-15
7.968481375358165586e+00 1.359756593426295516e-15
7.991404011461317403e+00 1.260619199532700008e-15
8.014326647564470107e+00 1.168640704825407791e-15
8.037249283667621924e+00 1.083309615336111264e-15
8.060171919770773741e+00 1.004150581864772764e-15
8.083094555873925557e+00 9.307218718831738053e-16
8.106017191977077374e+00 8.626130169008876322e-16
8.128939828080229191e+00 7.994426231556288567e-16
8.151862464183381007e+00 7.408563343308897990e-16
8.174785100286532824e+00 6.865249357864331463e-16
8.197707736389684641e+00 6.361425905154672015e-16
8.220630372492836457e+00 5.894251977199756107e-16
8.243553008595988274e+00 5.461088655261778368e-16
8.266475644699140091e+00 5.059484899487101800e-16
8.289398280802291907e+00 4.687164327579415448e-16
8.312320916905443724e+00 4.342012914126415722e-16
8.335243553008595541e+00 4.022067546927271151e-16
8.358166189111747357e+00 3.725505381064507354e-16
8.381088825214899174e+00 3.450633935554682917e-16
8.404011461318050991e+00 3.195881881219029945e-16
8.426934097421202807e+00 2.959790471957669698e-16
8.449856733524356400e+00 2.741005574907772842e-16
8.472779369627506441e+00 2.538270258034561809e-16
8.495702005730660034e+00 2.350417896559508318e-16
8.518624641833810074e+00 2.176365762289543226e-16
8.541547277936963667e+00 2.015109062384235196e-16
8.564469914040113707e+00 1.865715396403545034e-16
8.587392550143267300e+00 1.727319602622010360e-16
8.610315186246417340e+00 1.599118966593998011e-16
8.633237822349570934e+00 1.480368766812774117e-16
8.656160458452720974e+00 1.370378134039343170e-16
8.679083094555874567e+00 1.268506202488329760e-16
8.702005730659024607e+00 1.174158532561383634e-16
8.724928366762178200e+00 1.086783786216224590e-16
8.747851002865328240e+00 1.005870637363399462e-16
8.770773638968481833e+00 9.309449008953956358e-17
8.793696275071631874e+00 8.615668650839977988e-17
8.816618911174785467e+00 7.973288131339026382e-17
8.839541547277935507e+00 7.378527206621915644e-17
8.862464183381089100e+00 6.827881167862058573e-17
8.885386819484239140e+00 6.318100973541547427e-17
8.908309455587392733e+00 5.846174796450130432e-17
8.931232091690544550e+00 5.409310886034019569e-17
8.954154727793696367e+00 5.004921653626536470e-17
8.977077363896848183e+00 4.630608894505255429e-17
9.000000000000000000e+00 4.284150066687915666e-17
