# log10(T) rate(cm^3/s)
# Total Recomb Rates
1.000000000000000000e+00 3.972140253464151831e-10
1.022922636103151817e+00 3.850529985018945925e-10
1.045845272206303633e+00 3.732584239602085092e-10
1.068767908309455672e+00 3.618219173301584260e-10
1.091690544412607489e+00 3.507364964129527716e-10
1.114613180515759305e+00 3.399969846676235528e-10
1.137535816618911122e+00 3.296004717871676099e-10
1.160458452722062939e+00 3.195467994226497092e-10
1.183381088825214977e+00 3.098390242745099079e-10
1.206303724928366794e+00 3.004837975474979942e-10
1.229226361031518611e+00 2.914915921592419690e-10
1.252148997134670427e+00 2.828767096494843195e-10
1.275071633237822244e+00 2.746570089221494154e-10
1.297994269340974283e+00 2.668533187212874101e-10
1.320916905444126099e+00 2.594885234098425650e-10
1.343839541547277916e+00 2.525863440653116606e-10
1.366762177650429733e+00 2.461698700653244990e-10
1.389684813753581771e+00 2.402599258810568323e-10
1.412607449856733588e+00 2.348733798476967125e-10
1.435530085959885405e+00 2.300215134137442510e-10
1.458452722063037221e+00 2.257085694052063231e-10
1.481375358166189038e+00 2.219305863672612307e-10
1.504297994269340855e+00 2.186746046886250435e-10
1.527220630372492671e+00 2.159183016866520461e-10
1.550143266475644710e+00 2.136300804713450236e-10
1.573065902578796527e+00 2.117696046757636894e-10
1.595988538681948565e+00 2.102887411758547679e-10
1.618911174785100382e+00 2.091328481963537511e-10
1.641833810888252199e+00 2.082423283178871082e-10
1.664756446991404015e+00 2.075543555513267448e-10
1.687679083094555832e+00 2.070046826717835780e-10
1.710601719197707649e+00 2.065294385748838390e-10
1.733524355300859465e+00 2.060668342507168800e-10
1.756446991404011282e+00 2.055587085709343433e-10
1.779369627507163321e+00 2.049518599539535064e-10
1.802292263610315137e+00 2.041991257703587672e-10
1.825214899713467176e+00 2.032601869842349351e-10
1.848137535816618993e+00 2.021020901866017454e-10
1.871060171919770809e+00 2.006994923161717784e-10
1.893982808022922626e+00 1.990346446428959928e-10
1.916905444126074443e+00 1.970971418238113966e-10
1.939828080229226259e+00 1.948834689383337460e-10
1.962750716332378076e+00 1.923963843436123863e-10
1.985673352435529893e+00 1.896441789808602742e-10
2.008595988538681709e+00 1.866398534833641028e-10
2.031518624641833526e+00 1.834002532219069338e-10
2.054441260744985343e+00 1.799451984831561602e-10
2.077363896848137603e+00 1.762966425972762706e-10
2.100286532951289420e+00 1.724778853660092189e-10
2.123209169054441237e+00 1.685128629914137100e-10
2.146131805157593053e+00 1.644255292845137528e-10
2.169054441260744870e+00 1.602393366416098656e-10
2.191977077363897131e+00 1.559768194650211587e-10
2.214899713467048947e+00 1.516592776525671658e-10
2.237822349570200764e+00 1.473065536758377869e-10
2.260744985673352581e+00 1.429368937079390466e-10
2.283667621776504397e+00 1.385668812558165342e-10
2.306590257879656214e+00 1.342114307345409910e-10
2.329512893982808031e+00 1.298838282683202085e-10
2.352435530085959847e+00 1.255958075560433456e-10
2.375358166189111664e+00 1.213576497213421179e-10
2.398280802292263481e+00 1.171782975021299568e-10
2.421203438395415297e+00 1.130654757597047844e-10
2.444126074498567114e+00 1.090258119632181182e-10
2.467048710601718930e+00 1.050649519203634314e-10
2.489971346704870747e+00 1.011876674982255062e-10
2.512893982808022564e+00 9.739795435675798593e-11
2.535816618911174825e+00 9.369911877418775670e-11
2.558739255014326641e+00 9.009385347264791662e-11
2.581661891117478458e+00 8.658430296345104629e-11
2.604584527220630275e+00 8.317211934578398245e-11
2.627507163323782091e+00 7.985850973816001159e-11
2.650429799426934352e+00 7.664427662973990881e-11
2.673352435530086169e+00 7.352985243983224497e-11
2.696275071633237985e+00 7.051532949777215816e-11
2.719197707736389802e+00 6.760048652794844014e-11
2.742120343839541619e+00 6.478481256794341748e-11
2.765042979942693435e+00 6.206752907933746498e-11
2.787965616045845252e+00 5.944761084452107335e-11
2.810888252148997069e+00 5.692380608940060349e-11
2.833810888252148885e+00 5.449465613946480654e-11
2.856733524355300702e+00 5.215851481257995623e-11
2.879656160458452518e+00 4.991356768365560905e-11
2.902578796561604335e+00 4.775785133258997471e-11
2.925501432664756152e+00 4.568927271692128765e-11
2.948424068767907968e+00 4.370562890181550999e-11
2.971346704871059785e+00 4.180462753303894382e-11
2.994269340974212046e+00 3.998390864023583065e-11
3.017191977077363862e+00 3.824106857405410194e-11
3.040114613180515679e+00 3.657368705240901828e-11
3.063037249283667496e+00 3.497935833738458241e-11
3.085959885386819312e+00 3.345572739441227437e-11
3.108882521489971129e+00 3.200053142159274448e-11
3.131805157593122946e+00 3.061164634199858524e-11
3.154727793696275207e+00 2.928713675467325349e-11
3.177650429799427023e+00 2.802530655150276007e-11
3.200573065902578840e+00 2.682474611579515006e-11
3.223495702005730656e+00 2.568437096547330848e-11
3.246418338108882473e+00 2.460344613918655698e-11
3.269340974212034290e+00 2.358159075277701326e-11
3.292263610315186106e+00 2.261875808752899105e-11
3.315186246418337923e+00 2.171518829385493492e-11
3.338108882521489740e+00 2.087133315180664999e-11
3.361031518624641556e+00 2.008775505374055596e-11
3.383954154727793817e+00 1.936500512185679578e-11
3.406876790830945634e+00 1.870348778514668715e-11
3.429799426934097450e+00 1.810332090015913065e-11
3.452722063037249267e+00 1.756420138324412284e-11
3.475644699140401084e+00 1.708528622601624756e-11
3.498567335243552900e+00 1.666509771845847037e-11
3.521489971346704717e+00 1.630145985011238893e-11
3.544412607449856534e+00 1.599147043114116917e-11
3.567335243553008350e+00 1.573151075169458118e-11
3.590257879656160167e+00 1.551729186702182672e-11
3.613180515759312428e+00 1.534393411518520879e-11
3.636103151862464244e+00 1.520607444622946418e-11
3.659025787965616061e+00 1.509799469742871942e-11
3.681948424068767878e+00 1.501376314516802227e-11
3.704871060171919694e+00 1.494738148774351111e-11
3.727793696275071511e+00 1.489292979667231169e-11
3.750716332378223328e+00 1.484470280970694949e-11
3.773638968481375144e+00 1.479733209800125812e-11
3.796561604584526961e+00 1.474588998908012689e-11
3.819484240687678778e+00 1.468597254107685350e-11
3.842406876790831038e+00 1.461376023484936259e-11
3.865329512893982855e+00 1.452605629590738689e-11
3.888252148997134672e+00 1.442030362141153251e-11
3.911174785100286488e+00 1.429458214031560233e-11
3.934097421203438305e+00 1.414758907549155791e-11
3.957020057306590122e+00 1.397860502956364258e-11
3.979942693409741938e+00 1.378744912877207454e-11
4.002865329512893311e+00 1.357442669782100680e-11
4.025787965616045128e+00 1.334027317873592840e-11
4.048710601719197832e+00 1.308609831536655522e-11
4.071633237822349649e+00 1.281333503532269136e-11
4.094555873925501466e+00 1.252369794082979300e-11
4.117478510028653282e+00 1.221915674523622843e-11
4.140401146131805099e+00 1.190193013702803089e-11
4.163323782234956916e+00 1.157450511243805287e-11
4.186246418338108732e+00 1.123968546569041820e-11
4.209169054441260549e+00 1.090067061232863123e-11
4.232091690544412366e+00 1.056116217983082994e-11
4.255014326647564182e+00 1.022549104036619059e-11
4.277936962750716887e+00 9.898752207522189509e-12
4.300859598853868704e+00 9.586930073234174842e-12
4.323782234957020520e+00 9.296992780157008594e-12
4.346704871060172337e+00 9.036933038450521888e-12
4.369627507163324154e+00 8.815734102480079311e-12
4.392550143266475970e+00 8.643244211775459499e-12
4.415472779369627787e+00 8.529950349775666658e-12
4.438395415472779604e+00 8.486651947629612886e-12
4.461318051575931420e+00 8.524046009155821001e-12
4.484240687679083237e+00 8.652245674091373137e-12
4.507163323782235054e+00 8.880263075059347105e-12
4.530085959885386870e+00 9.215493290460708648e-12
4.553008595988538687e+00 9.663238443890417181e-12
4.575931232091690504e+00 1.022630923290112362e-11
4.598853868194842320e+00 1.090473558501271770e-11
4.621776504297994137e+00 1.169560940460142737e-11
4.644699140401145954e+00 1.259307151789788244e-11
4.667621776504297770e+00 1.358844318141731124e-11
4.690544412607449587e+00 1.467049117075963580e-11
4.713467048710601404e+00 1.582580567223277866e-11
4.736389684813753220e+00 1.703926286638296096e-11
4.759312320916905037e+00 1.829453978211346245e-11
4.782234957020056854e+00 1.957464788868621577e-11
4.805157593123208670e+00 2.086245378389752139e-11
4.828080229226360487e+00 2.214115972150840640e-11
4.851002865329512304e+00 2.339472287464981133e-11
4.873925501432664120e+00 2.460819932659543401e-11
4.896848137535815937e+00 2.576800599840616946e-11
4.919770773638967754e+00 2.686210035367274393e-11
4.942693409742119570e+00 2.788008322829646048e-11
4.965616045845272275e+00 2.881323419234048969e-11
4.988538681948424092e+00 2.965449134762741211e-11
5.011461318051575908e+00 3.039838847121578523e-11
5.034383954154727725e+00 3.104096214511477942e-11
5.057306590257879542e+00 3.157964026897378475e-11
5.080229226361031358e+00 3.201312147276599929e-11
5.103151862464183175e+00 3.234125275803944847e-11
5.126074498567334992e+00 3.256491048201166139e-11
5.148997134670486808e+00 3.268588777626172923e-11
5.171919770773638625e+00 3.270678980537987053e-11
5.194842406876790442e+00 3.263093699427122434e-11
5.217765042979942258e+00 3.246227549875433902e-11
5.240687679083094075e+00 3.220529372911556052e-11
5.263610315186245892e+00 3.186494359617862367e-11
5.286532951289397708e+00 3.144656525424020360e-11
5.309455587392550413e+00 3.095581438169155556e-11
5.332378223495702230e+00 3.039859139127752344e-11
5.355300859598854046e+00 2.978097233305990350e-11
5.378223495702005863e+00 2.910914159504506435e-11
5.401146131805157680e+00 2.838932678600828914e-11
5.424068767908309496e+00 2.762773638415453900e-11
5.446991404011461313e+00 2.683050084836750990e-11
5.469914040114613130e+00 2.600361792011275949e-11
5.492836676217764946e+00 2.515290280448656341e-11
5.515759312320916763e+00 2.428394382328496076e-11
5.538681948424068580e+00 2.340206399772514389e-11
5.561604584527220396e+00 2.251228885974545397e-11
5.584527220630372213e+00 2.161932062324884892e-11
5.607449856733524030e+00 2.072751868249327625e-11
5.630372492836675846e+00 1.984088625359333614e-11
5.653295128939827663e+00 1.896306284351778036e-11
5.676217765042979480e+00 1.809732212318018517e-11
5.699140401146131296e+00 1.724657469908793197e-11
5.722063037249283113e+00 1.641337522154282827e-11
5.744985673352435818e+00 1.559993323515786758e-11
5.767908309455587634e+00 1.480812716705049444e-11
5.790830945558739451e+00 1.403952085644809464e-11
5.813753581661891268e+00 1.329538205324886355e-11
5.836676217765043084e+00 1.257670234891509735e-11
5.859598853868194901e+00 1.188421804768051661e-11
5.882521489971346718e+00 1.121843153644063767e-11
5.905444126074498534e+00 1.057963276524126828e-11
5.928366762177650351e+00 9.967920504761253712e-12
5.951289398280802168e+00 9.383223100790545811e-12
5.974212034383953984e+00 8.825318497021109906e-12
5.997134670487105801e+00 8.293853345451906700e-12
6.020057306590257618e+00 7.788361067643799974e-12
6.042979942693409434e+00 7.308278769511255299e-12
6.065902578796561251e+00 6.852962947104767285e-12
6.088825214899713067e+00 6.421703950910225274e-12
6.111747851002864884e+00 6.013739201703200145e-12
6.134670487106016701e+00 5.628265172190408600e-12
6.157593123209168517e+00 5.264448165864849562e-12
6.180515759312320334e+00 4.921433938060066114e-12
6.203438395415473039e+00 4.598356214501556193e-12
6.226361031518624856e+00 4.294344170114847445e-12
6.249283667621776672e+00 4.008528935847480017e-12
6.272206303724928489e+00 3.740049204166638745e-12
6.295128939828080306e+00 3.488056005049342393e-12
6.318051575931232122e+00 3.251716724004816026e-12
6.340974212034383939e+00 3.030218432242408011e-12
6.363896848137535756e+00 2.822770596774849085e-12
6.386819484240687572e+00 2.628607235245707926e-12
6.409742120343839389e+00 2.446988576780268618e-12
6.432664756446991206e+00 2.277202286341214209e-12
6.455587392550143022e+00 2.118564306058302583e-12
6.478510028653294839e+00 1.970419362904763581e-12
6.501432664756446655e+00 1.832141188001358072e-12
6.524355300859598472e+00 1.703132488812210219e-12
6.547277936962750289e+00 1.582824711608818518e-12
6.570200573065902105e+00 1.470677627860450731e-12
6.593123209169053922e+00 1.366178774689157037e-12
6.616045845272205739e+00 1.268842776224836444e-12
6.638968481375357555e+00 1.178210569621237482e-12
6.661891117478510260e+00 1.093848556651921934e-12
6.684813753581662077e+00 1.015347699195492735e-12
6.707736389684813894e+00 9.423225745370347656e-13
6.730659025787965710e+00 8.744104042503527051e-13
6.753581661891117527e+00 8.112700684728231816e-13
6.776504297994269344e+00 7.525811156305870517e-13
6.799426934097421160e+00 6.980427761035315465e-13
6.822349570200572977e+00 6.473729869242893670e-13
6.845272206303724793e+00 6.003074333700484864e-13
6.868194842406876610e+00 5.565986122172614251e-13
6.891117478510028427e+00 5.160149204746156895e-13
6.914040114613180243e+00 4.783397725765971160e-13
6.936962750716332060e+00 4.433707482969174499e-13
6.959885386819483877e+00 4.109187730170055111e-13
6.982808022922635693e+00 3.808073314493333058e-13
7.005730659025787510e+00 3.528717154589968778e-13
7.028653295128939327e+00 3.269583062408816100e-13
7.051575931232091143e+00 3.029238907857881894e-13
7.074498567335242960e+00 2.806350122997062748e-13
7.097421203438395665e+00 2.599673540192841643e-13
7.120343839541547482e+00 2.408051556873829803e-13
7.143266475644699298e+00 2.230406618099548718e-13
7.166189111747851115e+00 2.065736007044981312e-13
7.189111747851002931e+00 1.913106932665555595e-13
7.212034383954154748e+00 1.771651903203453433e-13
7.234957020057306565e+00 1.640564373791200016e-13
7.257879656160458381e+00 1.519094656172289759e-13
7.280802292263610198e+00 1.406546078464128862e-13
7.303724928366762015e+00 1.302271382912360758e-13
7.326647564469913831e+00 1.205669349707014919e-13
7.349570200573065648e+00 1.116181635132014936e-13
7.372492836676217465e+00 1.033289812584795530e-13
7.395415472779369281e+00 9.565126053186745469e-14
7.418338108882521098e+00 8.854033001156437071e-14
7.441260744985672915e+00 8.195473314814723892e-14
7.464183381088824731e+00 7.585600263600031580e-14
7.487106017191976548e+00 7.020844997821374398e-14
7.510028653295128365e+00 6.497896922912227134e-14
7.532951289398280181e+00 6.013685404153473346e-14
7.555873925501432886e+00 5.565362718842339520e-14
7.578796561604584703e+00 5.150288177106341457e-14
7.601719197707736519e+00 4.766013336704915084e-14
7.624641833810888336e+00 4.410268241206320353e-14
7.647564469914040153e+00 4.080948614853850375e-14
7.670487106017191969e+00 3.776103951232518846e-14
7.693409742120343786e+00 3.493926436504025368e-14
7.716332378223495603e+00 3.232740651487920044e-14
7.739255014326647419e+00 2.990994000225936097e-14
7.762177650429799236e+00 2.767247815872573316e-14
7.785100286532951053e+00 2.560169097807647738e-14
7.808022922636102869e+00 2.368522836766694427e-14
7.830945558739254686e+00 2.191164887535147421e-14
7.853868194842406503e+00 2.027035351355094326e-14
7.876790830945558319e+00 1.875152432653116468e-14
7.899713467048710136e+00 1.734606737018589935e-14
7.922636103151861953e+00 1.604555979548806547e-14
7.945558739255013769e+00 1.484220074735444089e-14
7.968481375358165586e+00 1.372876581001710566e-14
7.991404011461317403e+00 1.269856474816362976e-14
8.014326647564470107e+00 1.174540231015272178e-14
8.037249283667621924e+00 1.086354187558846132e-14
8.060171919770773741e+00 1.004767174449789705e-14
8.083094555873925557e+00 9.292873879359535629e-15
8.106017191977077374e+00 8.594594924323135053e-15
8.128939828080229191e+00 7.948619338198315345e-15
8.151862464183381007e+00 7.351044489218238461e-15
8.174785100286532824e+00 6.798257570252479464e-15
8.197707736389684641e+00 6.286914203096164932e-15
8.220630372492836457e+00 5.813918609743403928e-15
8.243553008595988274e+00 5.376405237203787266e-15
8.266475644699140091e+00 4.971721730480391778e-15
8.289398280802291907e+00 4.597413155834097461e-15
8.312320916905443724e+00 4.251207383447146622e-15
8.335243553008595541e+00 3.931001545102734042e-15
8.358166189111747357e+00 3.634849488548346427e-15
8.381088825214899174e+00 3.360950155838604784e-15
8.404011461318050991e+00 3.107636818186697035e-15
8.426934097421202807e+00 2.873367104718330623e-15
8.449856733524356400e+00 2.656713767043599243e-15
8.472779369627506441e+00 2.456356125763551732e-15
8.495702005730660034e+00 2.271072148930731830e-15
8.518624641833810074e+00 2.099731116109091594e-15
8.541547277936963667e+00 1.941286825043668397e-15
8.564469914040113707e+00 1.794771301077869896e-15
8.587392550143267300e+00 1.659288972356256109e-15
8.610315186246417340e+00 1.534011276545758764e-15
8.633237822349570934e+00 1.418171667306478243e-15
8.656160458452720974e+00 1.311060991064222140e-15
8.679083094555874567e+00 1.212023206787885336e-15
8.702005730659024607e+00 1.120451423472691562e-15
8.724928366762178200e+00 1.035784231881401377e-15
8.747851002865328240e+00 9.575023088146278802e-16
8.770773638968481833e+00 8.851252737738044801e-16
8.793696275071631874e+00 8.182087793588346229e-16
8.816618911174785467e+00 7.563418181118206464e-16
8.839541547277935507e+00 6.991442297894478817e-16
8.862464183381089100e+00 6.462643942237511773e-16
8.885386819484239140e+00 5.973770960236040064e-16
8.908309455587392733e+00 5.521815483808874943e-16
8.931232091690544550e+00 5.103995641841398868e-16
8.954154727793696367e+00 4.717738635116543222e-16
8.977077363896848183e+00 4.360665073824026230e-16
9.000000000000000000e+00 4.030574483899033395e-16
