# log10(T) rate(cm^3/s)
# Total Recomb Rates
1.000000000000000000e+00 9.462536446732877688e-10
1.022922636103151817e+00 9.203242330446825796e-10
1.045845272206303633e+00 8.950768898298409614e-10
1.068767908309455672e+00 8.704939656167454947e-10
1.091690544412607489e+00 8.465582711874706751e-10
1.114613180515759305e+00 8.232530654638788865e-10
1.137535816618911122e+00 8.005620437642658716e-10
1.160458452722062939e+00 7.784693263628458128e-10
1.183381088825214977e+00 7.569594473442030231e-10
1.206303724928366794e+00 7.360173437450459005e-10
1.229226361031518611e+00 7.156283449758000130e-10
1.252148997134670427e+00 6.957781625147883182e-10
1.275071633237822244e+00 6.764528798679448377e-10
1.297994269340974283e+00 6.576389427871947405e-10
1.320916905444126099e+00 6.393231497408320015e-10
1.343839541547277916e+00 6.214926426293998193e-10
1.366762177650429733e+00 6.041348977407690235e-10
1.389684813753581771e+00 5.872377169382757568e-10
1.412607449856733588e+00 5.707892190759613873e-10
1.435530085959885405e+00 5.547778316351081540e-10
1.458452722063037221e+00 5.391922825764461296e-10
1.481375358166189038e+00 5.240215924025483288e-10
1.504297994269340855e+00 5.092550664250981878e-10
1.527220630372492671e+00 4.948822872318539532e-10
1.550143266475644710e+00 4.808931073482850657e-10
1.573065902578796527e+00 4.672776420890013091e-10
1.595988538681948565e+00 4.540262625942262429e-10
1.618911174785100382e+00 4.411295890467084025e-10
1.641833810888252199e+00 4.285784840645884452e-10
1.664756446991404015e+00 4.163640462658735493e-10
1.687679083094555832e+00 4.044776040002874664e-10
1.710601719197707649e+00 3.929107092443884496e-10
1.733524355300859465e+00 3.816551316559608600e-10
1.756446991404011282e+00 3.707028527837989074e-10
1.779369627507163321e+00 3.600460604291107352e-10
1.802292263610315137e+00 3.496771431548729096e-10
1.825214899713467176e+00 3.395886849395677328e-10
1.848137535816618993e+00 3.297734599718368228e-10
1.871060171919770809e+00 3.202244275826725989e-10
1.893982808022922626e+00 3.109347273118631443e-10
1.916905444126074443e+00 3.018976741054938597e-10
1.939828080229226259e+00 2.931067536413902274e-10
1.962750716332378076e+00 2.845556177794678984e-10
1.985673352435529893e+00 2.762380801340341208e-10
2.008595988538681709e+00 2.681481117651548373e-10
2.031518624641833526e+00 2.602798369862751427e-10
2.054441260744985343e+00 2.526275292853487214e-10
2.077363896848137603e+00 2.451856073567917549e-10
2.100286532951289420e+00 2.379486312416430649e-10
2.123209169054441237e+00 2.309112985733652760e-10
2.146131805157593053e+00 2.240684409267838721e-10
2.169054441260744870e+00 2.174150202677067994e-10
2.191977077363897131e+00 2.109461255008214761e-10
2.214899713467048947e+00 2.046569691135135261e-10
2.237822349570200764e+00 1.985428839132944671e-10
2.260744985673352581e+00 1.925993198565723951e-10
2.283667621776504397e+00 1.868218409665354298e-10
2.306590257879656214e+00 1.812061223379631063e-10
2.329512893982808031e+00 1.757479472268105697e-10
2.352435530085959847e+00 1.704432042224537044e-10
2.375358166189111664e+00 1.652878845005094613e-10
2.398280802292263481e+00 1.602780791541843956e-10
2.421203438395415297e+00 1.554099766021322154e-10
2.444126074498567114e+00 1.506798600708311011e-10
2.467048710601718930e+00 1.460841051495236353e-10
2.489971346704870747e+00 1.416191774157866076e-10
2.512893982808022564e+00 1.372816301298286214e-10
2.535816618911174825e+00 1.330681019956391446e-10
2.558739255014326641e+00 1.289753149871410316e-10
2.581661891117478458e+00 1.250000722375206195e-10
2.604584527220630275e+00 1.211392559899433625e-10
2.627507163323782091e+00 1.173898256078823825e-10
2.650429799426934352e+00 1.137488156433172089e-10
2.673352435530086169e+00 1.102133339610865017e-10
2.696275071633237985e+00 1.067805599177043360e-10
2.719197707736389802e+00 1.034477425929785916e-10
2.742120343839541619e+00 1.002121990727966939e-10
2.765042979942693435e+00 9.707131278147216472e-11
2.787965616045845252e+00 9.402253186207554598e-11
2.810888252148997069e+00 9.106336760320165323e-11
2.833810888252148885e+00 8.819139291065608392e-11
2.856733524355300702e+00 8.540424082257701843e-11
2.879656160458452518e+00 8.269960306654610478e-11
2.902578796561604335e+00 8.007522865729987528e-11
2.925501432664756152e+00 7.752892253376972386e-11
2.948424068767907968e+00 7.505854423445289018e-11
2.971346704871059785e+00 7.266200661080887180e-11
2.994269340974212046e+00 7.033727458002526506e-11
3.017191977077363862e+00 6.808236392218936241e-11
3.040114613180515679e+00 6.589534013453236867e-11
3.063037249283667496e+00 6.377431736998767174e-11
3.085959885386819312e+00 6.171745751295056304e-11
3.108882521489971129e+00 5.972296948676786320e-11
3.131805157593122946e+00 5.778910894975527018e-11
3.154727793696275207e+00 5.591417862218173907e-11
3.177650429799427023e+00 5.409652959455326052e-11
3.200573065902578840e+00 5.233456409108006863e-11
3.223495702005730656e+00 5.062674028872011219e-11
3.246418338108882473e+00 4.897157990347178444e-11
3.269340974212034290e+00 4.736767932954173611e-11
3.292263610315186106e+00 4.581372512913760157e-11
3.315186246418337923e+00 4.430851459464272803e-11
3.338108882521489740e+00 4.285098191236127795e-11
3.361031518624641556e+00 4.144023011730636474e-11
3.383954154727793817e+00 4.007556851195850144e-11
3.406876790830945634e+00 3.875655450818016544e-11
3.429799426934097450e+00 3.748303794373353840e-11
3.452722063037249267e+00 3.625520486720386598e-11
3.475644699140401084e+00 3.507361667672660649e-11
3.498567335243552900e+00 3.393923949641190215e-11
3.521489971346704717e+00 3.285345798253445063e-11
3.544412607449856534e+00 3.181806758559559533e-11
3.567335243553008350e+00 3.083523983851885316e-11
3.590257879656160167e+00 2.990745659912490302e-11
3.613180515759312428e+00 2.903741133051284366e-11
3.636103151862464244e+00 2.822787830238990463e-11
3.659025787965616061e+00 2.748155375882294945e-11
3.681948424068767878e+00 2.680087625320720931e-11
3.704871060171919694e+00 2.618783609879516316e-11
3.727793696275071511e+00 2.564378585911792562e-11
3.750716332378223328e+00 2.516926474307563479e-11
3.773638968481375144e+00 2.476384955705475312e-11
3.796561604584526961e+00 2.442604355346182076e-11
3.819484240687678778e+00 2.415321231875506179e-11
3.842406876790831038e+00 2.394157311351240598e-11
3.865329512893982855e+00 2.378624123391255135e-11
3.888252148997134672e+00 2.368133442110581761e-11
3.911174785100286488e+00 2.362013441247047309e-11
3.934097421203438305e+00 2.359530352336182075e-11
3.957020057306590122e+00 2.359915352871917174e-11
3.979942693409741938e+00 2.362396367176205919e-11
4.002865329512893311e+00 2.366234374987460102e-11
4.025787965616045128e+00 2.370763624610951634e-11
4.048710601719197832e+00 2.375434786698293202e-11
4.071633237822349649e+00 2.379859545701063982e-11
4.094555873925501466e+00 2.383854446056421124e-11
4.117478510028653282e+00 2.387481084231124050e-11
4.140401146131805099e+00 2.391079108145936289e-11
4.163323782234956916e+00 2.395288116388318238e-11
4.186246418338108732e+00 2.401054591825413267e-11
4.209169054441260549e+00 2.409620558495326463e-11
4.232091690544412366e+00 2.422491738728189114e-11
4.255014326647564182e+00 2.441384538619488831e-11
4.277936962750716887e+00 2.468153046821262564e-11
4.300859598853868704e+00 2.504699173843107163e-11
4.323782234957020520e+00 2.552870840076637523e-11
4.346704871060172337e+00 2.614354508885675029e-11
4.369627507163324154e+00 2.690569176835142844e-11
4.392550143266475970e+00 2.782569075532179045e-11
4.415472779369627787e+00 2.890961797752900476e-11
4.438395415472779604e+00 3.015847409734664731e-11
4.461318051575931420e+00 3.156782496030531365e-11
4.484240687679083237e+00 3.312771191088363567e-11
4.507163323782235054e+00 3.482283285675284503e-11
4.530085959885386870e+00 3.663297647513338334e-11
4.553008595988538687e+00 3.853367621935831166e-11
4.575931232091690504e+00 4.049703891050240431e-11
4.598853868194842320e+00 4.249269527404012089e-11
4.621776504297994137e+00 4.448881688408875287e-11
4.644699140401145954e+00 4.645314525369262141e-11
4.667621776504297770e+00 4.835398358011825391e-11
4.690544412607449587e+00 5.016110903982314196e-11
4.713467048710601404e+00 5.184657256993710248e-11
4.736389684813753220e+00 5.338536284020030026e-11
4.759312320916905037e+00 5.475592079014530386e-11
4.782234957020056854e+00 5.594050002601044292e-11
4.805157593123208670e+00 5.692537607997583841e-11
4.828080229226360487e+00 5.770091376714516410e-11
4.851002865329512304e+00 5.826150654733590311e-11
4.873925501432664120e+00 5.860540496661573559e-11
4.896848137535815937e+00 5.873445307560033256e-11
4.919770773638967754e+00 5.865375241221845965e-11
4.942693409742119570e+00 5.837127292757886966e-11
4.965616045845272275e+00 5.789742934371716827e-11
4.988538681948424092e+00 5.724464004927798356e-11
5.011461318051575908e+00 5.642688391335701547e-11
5.034383954154727725e+00 5.545926844241614737e-11
5.057306590257879542e+00 5.435762060573997097e-11
5.080229226361031358e+00 5.313810947852885442e-11
5.103151862464183175e+00 5.181690765676709859e-11
5.126074498567334992e+00 5.040989624042402102e-11
5.148997134670486808e+00 4.893241611770312054e-11
5.171919770773638625e+00 4.739906636909533985e-11
5.194842406876790442e+00 4.582354889881816563e-11
5.217765042979942258e+00 4.421855693831461902e-11
5.240687679083094075e+00 4.259570388585960448e-11
5.263610315186245892e+00 4.096548806750494460e-11
5.286532951289397708e+00 3.933728843113855680e-11
5.309455587392550413e+00 3.771938590509946280e-11
5.332378223495702230e+00 3.611900513918532074e-11
5.355300859598854046e+00 3.454237156124969354e-11
5.378223495702005863e+00 3.299477908126973901e-11
5.401146131805157680e+00 3.148066430702480847e-11
5.424068767908309496e+00 3.000368375127222497e-11
5.446991404011461313e+00 2.856679116245552931e-11
5.469914040114613130e+00 2.717231275824468419e-11
5.492836676217764946e+00 2.582201875008013146e-11
5.515759312320916763e+00 2.451719009274009397e-11
5.538681948424068580e+00 2.325867986016923034e-11
5.561604584527220396e+00 2.204696903009682355e-11
5.584527220630372213e+00 2.088221675488506535e-11
5.607449856733524030e+00 1.976430540908657781e-11
5.630372492836675846e+00 1.869288084282557124e-11
5.653295128939827663e+00 1.766738834310693772e-11
5.676217765042979480e+00 1.668710482149283277e-11
5.699140401146131296e+00 1.575116771522270751e-11
5.722063037249283113e+00 1.485860101912417452e-11
5.744985673352435818e+00 1.400833876805987082e-11
5.767908309455587634e+00 1.319924617647429650e-11
5.790830945558739451e+00 1.243013852699835783e-11
5.813753581661891268e+00 1.169979779922224043e-11
5.836676217765043084e+00 1.100698695715859388e-11
5.859598853868194901e+00 1.035046178118272526e-11
5.882521489971346718e+00 9.728980143817895345e-12
5.905444126074498534e+00 9.141308688417285139e-12
5.928366762177650351e+00 8.586226968250228949e-12
5.951289398280802168e+00 8.062529227178468531e-12
5.974212034383953984e+00 7.569024134322786705e-12
5.997134670487105801e+00 7.104532904893123379e-12
6.020057306590257618e+00 6.667886330439332988e-12
6.042979942693409434e+00 6.257921291265569690e-12
6.065902578796561251e+00 5.873477324796465709e-12
6.088825214899713067e+00 5.513393776131960272e-12
6.111747851002864884e+00 5.176507966923077874e-12
6.134670487106016701e+00 4.861654696906512001e-12
6.157593123209168517e+00 4.567667252710140239e-12
6.180515759312320334e+00 4.293379955449975593e-12
6.203438395415473039e+00 4.037632145650139545e-12
6.226361031518624856e+00 3.799273392036074467e-12
6.249283667621776672e+00 3.577169627220363173e-12
6.272206303724928489e+00 3.370209861893321542e-12
6.295128939828080306e+00 3.177313109953777423e-12
6.318051575931232122e+00 2.997435167200375307e-12
6.340974212034383939e+00 2.829574920717594733e-12
6.363896848137535756e+00 2.672779918629641990e-12
6.386819484240687572e+00 2.526150993726695623e-12
6.409742120343839389e+00 2.388845803138327549e-12
6.432664756446991206e+00 2.260081214089141277e-12
6.455587392550143022e+00 2.139134528305196614e-12
6.478510028653294839e+00 2.025343591607158518e-12
6.501432664756446655e+00 1.918105878657263801e-12
6.524355300859598472e+00 1.816876674900859019e-12
6.547277936962750289e+00 1.721166498593961005e-12
6.570200573065902105e+00 1.630537916299252311e-12
6.593123209169053922e+00 1.544601906723925813e-12
6.616045845272205739e+00 1.463013921906376101e-12
6.638968481375357555e+00 1.385469783277888027e-12
6.661891117478510260e+00 1.311701534730354784e-12
6.684813753581662077e+00 1.241473357065928330e-12
6.707736389684813894e+00 1.174577629431754096e-12
6.730659025787965710e+00 1.110831204650441220e-12
6.753581661891117527e+00 1.050071947589165447e-12
6.776504297994269344e+00 9.921555694716869650e-13
6.799426934097421160e+00 9.369527767151423875e-13
6.822349570200572977e+00 8.843467406700293414e-13
6.845272206303724793e+00 8.342308846102449117e-13
6.868194842406876610e+00 7.865069763982629153e-13
6.891117478510028427e+00 7.410835092938270610e-13
6.914040114613180243e+00 6.978743491838011602e-13
6.936962750716332060e+00 6.567976238565004832e-13
6.959885386819483877e+00 6.177748285849528731e-13
6.982808022922635693e+00 5.807301219821675088e-13
7.005730659025787510e+00 5.455897866231391533e-13
7.028653295128939327e+00 5.122818300888984903e-13
7.051575931232091143e+00 4.807357036975162920e-13
7.074498567335242960e+00 4.508821180917764343e-13
7.097421203438395665e+00 4.226529369252154475e-13
7.120343839541547482e+00 3.959811320241439078e-13
7.143266475644699298e+00 3.708007855223123774e-13
7.166189111747851115e+00 3.470471265064916611e-13
7.189111747851002931e+00 3.246565916318716691e-13
7.212034383954154748e+00 3.035669009371566738e-13
7.234957020057306565e+00 2.837171416935174650e-13
7.257879656160458381e+00 2.650478545517853191e-13
7.280802292263610198e+00 2.475011175083168249e-13
7.303724928366762015e+00 2.310206242972319827e-13
7.326647564469913831e+00 2.155517547444887290e-13
7.349570200573065648e+00 2.010416353993658788e-13
7.372492836676217465e+00 1.874391894047675298e-13
7.395415472779369281e+00 1.746951750934179882e-13
7.418338108882521098e+00 1.627622132166288830e-13
7.441260744985672915e+00 1.515948030396453099e-13
7.464183381088824731e+00 1.411493277856195433e-13
7.487106017191976548e+00 1.313840500910964274e-13
7.510028653295128365e+00 1.222590982605188269e-13
7.532951289398280181e+00 1.137364441855328774e-13
7.555873925501432886e+00 1.057798738355283472e-13
7.578796561604584703e+00 9.835495123650897207e-14
7.601719197707736519e+00 9.142897684262018835e-14
7.624641833810888336e+00 8.497094117410773990e-14
7.647564469914040153e+00 7.895147455182052863e-14
7.670487106017191969e+00 7.334279370558454679e-14
7.693409742120343786e+00 6.811864597506309246e-14
7.716332378223495603e+00 6.325425175971255169e-14
7.739255014326647419e+00 5.872624581122046096e-14
7.762177650429799236e+00 5.451261789900903754e-14
7.785100286532951053e+00 5.059265331823851542e-14
7.808022922636102869e+00 4.694687365117786804e-14
7.830945558739254686e+00 4.355697813747219064e-14
7.853868194842406503e+00 4.040578595716249545e-14
7.876790830945558319e+00 3.747717968256041981e-14
7.899713467048710136e+00 3.475605011136106391e-14
7.922636103151861953e+00 3.222824265369844929e-14
7.945558739255013769e+00 2.988050541012907984e-14
7.968481375358165586e+00 2.770043904562810713e-14
7.991404011461317403e+00 2.567644853641238960e-14
8.014326647564470107e+00 2.379769684154650966e-14
8.037249283667621924e+00 2.205406052960660214e-14
8.060171919770773741e+00 2.043608737192320030e-14
8.083094555873925557e+00 1.893495589785535411e-14
8.106017191977077374e+00 1.754243689391076699e-14
8.128939828080229191e+00 1.625085681709082666e-14
8.151862464183381007e+00 1.505306308337267731e-14
8.174785100286532824e+00 1.394239118453020446e-14
8.197707736389684641e+00 1.291263358034090890e-14
8.220630372492836457e+00 1.195801030843985438e-14
8.243553008595988274e+00 1.107314125049371144e-14
8.266475644699140091e+00 1.025301999082109328e-14
8.289398280802291907e+00 9.492989201937536066e-15
8.312320916905443724e+00 8.788717490626120689e-15
8.335243553008595541e+00 8.136177637912968327e-15
8.358166189111747357e+00 7.531626166657261447e-15
8.381088825214899174e+00 6.971584171256743394e-15
8.404011461318050991e+00 6.452819345141041942e-15
8.426934097421202807e+00 5.972329143204973748e-15
8.449856733524356400e+00 5.527325018060181504e-15
8.472779369627506441e+00 5.115217670901921975e-15
8.495702005730660034e+00 4.733603259849702719e-15
8.518624641833810074e+00 4.380250510789755511e-15
8.541547277936963667e+00 4.053088677980682529e-15
8.564469914040113707e+00 3.750196303963568464e-15
8.587392550143267300e+00 3.469790730605374808e-15
8.610315186246417340e+00 3.210218315392692036e-15
8.633237822349570934e+00 2.969945309351141521e-15
8.656160458452720974e+00 2.747549355192094300e-15
8.679083094555874567e+00 2.541711566459809738e-15
8.702005730659024607e+00 2.351209150570070288e-15
8.724928366762178200e+00 2.174908540678916513e-15
8.747851002865328240e+00 2.011759003300983289e-15
8.770773638968481833e+00 1.860786690498745291e-15
8.793696275071631874e+00 1.721089107292134846e-15
8.816618911174785467e+00 1.591829966683574401e-15
8.839541547277935507e+00 1.472234406362750566e-15
8.862464183381089100e+00 1.361584542742283934e-15
8.885386819484239140e+00 1.259215339486496545e-15
8.908309455587392733e+00 1.164510769126631308e-15
8.931232091690544550e+00 1.076900247713859167e-15
8.954154727793696367e+00 9.958553237437646742e-16
8.977077363896848183e+00 9.208866037989205003e-16
9.000000000000000000e+00 8.515408984991273072e-16
