# log10(T) rate(cm^3/s)
# Total Recomb Rates
1.000000000000000000e+00 1.945000541740784363e-09
1.022922636103151817e+00 1.892375274265888970e-09
1.045845272206303633e+00 1.841128731162382898e-09
1.068767908309455672e+00 1.791225158079450993e-09
1.091690544412607489e+00 1.742629733440186106e-09
1.114613180515759305e+00 1.695308544092064683e-09
1.137535816618911122e+00 1.649228561587762740e-09
1.160458452722062939e+00 1.604357619079825237e-09
1.183381088825214977e+00 1.560664388813094027e-09
1.206303724928366794e+00 1.518118360199289172e-09
1.229226361031518611e+00 1.476689818458492287e-09
1.252148997134670427e+00 1.436349823812720219e-09
1.275071633237822244e+00 1.397070191217148123e-09
1.297994269340974283e+00 1.358823470614948626e-09
1.320916905444126099e+00 1.321582927702065916e-09
1.343839541547277916e+00 1.285322525188609424e-09
1.366762177650429733e+00 1.250016904543938888e-09
1.389684813753581771e+00 1.215641368212809548e-09
1.412607449856733588e+00 1.182171862290337464e-09
1.435530085959885405e+00 1.149584959643833651e-09
1.458452722063037221e+00 1.117857843469904795e-09
1.481375358166189038e+00 1.086968291275526829e-09
1.504297994269340855e+00 1.056894659272095261e-09
1.527220630372492671e+00 1.027615867171774381e-09
1.550143266475644710e+00 9.991113833757400254e-10
1.573065902578796527e+00 9.713612105442156255e-10
1.595988538681948565e+00 9.443458715384640787e-10
1.618911174785100382e+00 9.180463957251771636e-10
1.641833810888252199e+00 8.924443056339722305e-10
1.664756446991404015e+00 8.675216039589525985e-10
1.687679083094555832e+00 8.432607608955572397e-10
1.710601719197707649e+00 8.196447018041517677e-10
1.733524355300859465e+00 7.966567951920696934e-10
1.756446991404011282e+00 7.742808410060318024e-10
1.779369627507163321e+00 7.525010592271041529e-10
1.802292263610315137e+00 7.313020787605875277e-10
1.825214899713467176e+00 7.106689266134144986e-10
1.848137535816618993e+00 6.905870173518800672e-10
1.871060171919770809e+00 6.710421428327023526e-10
1.893982808022922626e+00 6.520204622006224821e-10
1.916905444126074443e+00 6.335084921459448525e-10
1.939828080229226259e+00 6.154930974155936697e-10
1.962750716332378076e+00 5.979614815714596820e-10
1.985673352435529893e+00 5.809011779899676693e-10
2.008595988538681709e+00 5.643000410969765064e-10
2.031518624641833526e+00 5.481462378322811966e-10
2.054441260744985343e+00 5.324282393381501563e-10
2.077363896848137603e+00 5.171348128664733082e-10
2.100286532951289420e+00 5.022550138992607331e-10
2.123209169054441237e+00 4.877781784773501274e-10
2.146131805157593053e+00 4.736939157323461255e-10
2.169054441260744870e+00 4.599921006169187229e-10
2.191977077363897131e+00 4.466628668287375979e-10
2.214899713467048947e+00 4.336965999234213904e-10
2.237822349570200764e+00 4.210839306120114854e-10
2.260744985673352581e+00 4.088157282385842785e-10
2.283667621776504397e+00 3.968830944337246769e-10
2.306590257879656214e+00 3.852773569396841925e-10
2.329512893982808031e+00 3.739900636031448538e-10
2.352435530085959847e+00 3.630129765316061103e-10
2.375358166189111664e+00 3.523380664094950416e-10
2.398280802292263481e+00 3.419575069701901844e-10
2.421203438395415297e+00 3.318636696202247763e-10
2.444126074498567114e+00 3.220491182120176195e-10
2.467048710601718930e+00 3.125066039615450126e-10
2.489971346704870747e+00 3.032290605074458339e-10
2.512893982808022564e+00 2.942095991081102755e-10
2.535816618911174825e+00 2.854415039733682878e-10
2.558739255014326641e+00 2.769182277274582538e-10
2.581661891117478458e+00 2.686333870000040884e-10
2.604584527220630275e+00 2.605807581417956412e-10
2.627507163323782091e+00 2.527542730622097829e-10
2.650429799426934352e+00 2.451480151851666800e-10
2.673352435530086169e+00 2.377562155205618274e-10
2.696275071633237985e+00 2.305732488481602645e-10
2.719197707736389802e+00 2.235936300109900916e-10
2.742120343839541619e+00 2.168120103153107118e-10
2.765042979942693435e+00 2.102231740342794590e-10
2.787965616045845252e+00 2.038220350124804935e-10
2.810888252148997069e+00 1.976036333685229134e-10
2.833810888252148885e+00 1.915631322929581702e-10
2.856733524355300702e+00 1.856958149388041542e-10
2.879656160458452518e+00 1.799970814020111352e-10
2.902578796561604335e+00 1.744624457892412439e-10
2.925501432664756152e+00 1.690875333703764510e-10
2.948424068767907968e+00 1.638680778132142044e-10
2.971346704871059785e+00 1.587999184978499751e-10
2.994269340974212046e+00 1.538789979082913573e-10
3.017191977077363862e+00 1.491013590988908350e-10
3.040114613180515679e+00 1.444631432332309113e-10
3.063037249283667496e+00 1.399605871931386696e-10
3.085959885386819312e+00 1.355900212555567261e-10
3.108882521489971129e+00 1.313478668350401595e-10
3.131805157593122946e+00 1.272306342897020448e-10
3.154727793696275207e+00 1.232349207884761795e-10
3.177650429799427023e+00 1.193574082376174716e-10
3.200573065902578840e+00 1.155948612644080823e-10
3.223495702005730656e+00 1.119441252560951175e-10
3.246418338108882473e+00 1.084021244521302602e-10
3.269340974212034290e+00 1.049658600878409475e-10
3.292263610315186106e+00 1.016324085877131528e-10
3.315186246418337923e+00 9.839891980651990950e-11
3.338108882521489740e+00 9.526261531658522651e-11
3.361031518624641556e+00 9.222078673952684919e-11
3.383954154727793817e+00 8.927079412087604368e-11
3.406876790830945634e+00 8.641006434602814562e-11
3.429799426934097450e+00 8.363608959603110935e-11
3.452722063037249267e+00 8.094642584177565868e-11
3.475644699140401084e+00 7.833869137520328214e-11
3.498567335243552900e+00 7.581056537620323307e-11
3.521489971346704717e+00 7.335978651392245336e-11
3.544412607449856534e+00 7.098415158126540837e-11
3.567335243553008350e+00 6.868151416141290718e-11
3.590257879656160167e+00 6.644978332523942750e-11
3.613180515759312428e+00 6.428692235855897414e-11
3.636103151862464244e+00 6.219094751817935045e-11
3.659025787965616061e+00 6.015992681579054052e-11
3.681948424068767878e+00 5.819197882876243337e-11
3.704871060171919694e+00 5.628527153696976574e-11
3.727793696275071511e+00 5.443802118480844333e-11
3.750716332378223328e+00 5.264849116760848149e-11
3.773638968481375144e+00 5.091499094169048190e-11
3.796561604584526961e+00 4.923587495735279023e-11
3.819484240687678778e+00 4.760954161411299172e-11
3.842406876790831038e+00 4.603443223756594973e-11
3.865329512893982855e+00 4.450903007725351774e-11
3.888252148997134672e+00 4.303185932497550647e-11
3.911174785100286488e+00 4.160148415300292021e-11
3.934097421203438305e+00 4.021650777168450721e-11
3.957020057306590122e+00 3.887557150596574146e-11
3.979942693409741938e+00 3.757735389036686325e-11
4.002865329512893311e+00 3.632056978199162182e-11
4.025787965616045128e+00 3.510396949116173109e-11
4.048710601719197832e+00 3.392633792929533993e-11
4.071633237822349649e+00 3.278649377366758019e-11
4.094555873925501466e+00 3.168328864871081723e-11
4.117478510028653282e+00 3.061560632353129169e-11
4.140401146131805099e+00 2.958236192533393729e-11
4.163323782234956916e+00 2.858250116846368353e-11
4.186246418338108732e+00 2.761499959878533650e-11
4.209169054441260549e+00 2.667886185313701375e-11
4.232091690544412366e+00 2.577312093360424839e-11
4.255014326647564182e+00 2.489683749637246015e-11
4.277936962750716887e+00 2.404909915492554601e-11
4.300859598853868704e+00 2.322901979736694819e-11
4.323782234957020520e+00 2.243573891764754744e-11
4.346704871060172337e+00 2.166842096049225537e-11
4.369627507163324154e+00 2.092625467982304407e-11
4.392550143266475970e+00 2.020845251048216744e-11
4.415472779369627787e+00 1.951424995306399811e-11
4.438395415472779604e+00 1.884290497166859194e-11
4.461318051575931420e+00 1.819369740439366275e-11
4.484240687679083237e+00 1.756592838638511354e-11
4.507163323782235054e+00 1.695891978526885890e-11
4.530085959885386870e+00 1.637201364878935808e-11
4.553008595988538687e+00 1.580457166448209451e-11
4.575931232091690504e+00 1.525597463120910476e-11
4.598853868194842320e+00 1.472562194238782672e-11
4.621776504297994137e+00 1.421293108074488236e-11
4.644699140401145954e+00 1.371733712442733146e-11
4.667621776504297770e+00 1.323829226430439941e-11
4.690544412607449587e+00 1.277526533229355809e-11
4.713467048710601404e+00 1.232774134054511003e-11
4.736389684813753220e+00 1.189522103131965227e-11
4.759312320916905037e+00 1.147722043739334105e-11
4.782234957020056854e+00 1.107327045282568087e-11
4.805157593123208670e+00 1.068291641392500625e-11
4.828080229226360487e+00 1.030571769024675795e-11
4.851002865329512304e+00 9.941247285459881726e-12
4.873925501432664120e+00 9.589091447916716463e-12
4.896848137535815937e+00 9.248849290761967872e-12
4.919770773638967754e+00 8.920132421416430297e-12
4.942693409742119570e+00 8.602564580271514875e-12
4.965616045845272275e+00 8.295781288430719911e-12
4.988538681948424092e+00 7.999429504334809393e-12
5.011461318051575908e+00 7.713167289107402559e-12
5.034383954154727725e+00 7.436663480458816416e-12
5.057306590257879542e+00 7.169597374985943346e-12
5.080229226361031358e+00 6.911658418706985549e-12
5.103151862464183175e+00 6.662545905670441618e-12
5.126074498567334992e+00 6.421968684478540250e-12
5.148997134670486808e+00 6.189644872566326651e-12
5.171919770773638625e+00 5.965301578078450531e-12
5.194842406876790442e+00 5.748674629186887180e-12
5.217765042979942258e+00 5.539508310694007366e-12
5.240687679083094075e+00 5.337555107766860149e-12
5.263610315186245892e+00 5.142575456650907631e-12
5.286532951289397708e+00 4.954337502215914515e-12
5.309455587392550413e+00 4.772616862198072332e-12
5.332378223495702230e+00 4.597196398031355562e-12
5.355300859598854046e+00 4.427865992232615223e-12
5.378223495702005863e+00 4.264422332471921915e-12
5.401146131805157680e+00 4.106668702820170078e-12
5.424068767908309496e+00 3.954414783392420044e-12
5.446991404011461313e+00 3.807476460968926881e-12
5.469914040114613130e+00 3.665675655573434016e-12
5.492836676217764946e+00 3.528840171953900363e-12
5.515759312320916763e+00 3.396803591108632651e-12
5.538681948424068580e+00 3.269405226183938573e-12
5.561604584527220396e+00 3.146490179980327599e-12
5.584527220630372213e+00 3.027909558471626700e-12
5.607449856733524030e+00 2.913520916115511149e-12
5.630372492836675846e+00 2.803189033123586241e-12
5.653295128939827663e+00 2.696787149217558462e-12
5.676217765042979480e+00 2.594198797154539998e-12
5.699140401146131296e+00 2.495320384106922632e-12
5.722063037249283113e+00 2.400064649298571472e-12
5.744985673352435818e+00 2.308365071228660406e-12
5.767908309455587634e+00 2.220181199113906824e-12
5.790830945558739451e+00 2.135504738994904236e-12
5.813753581661891268e+00 2.054366043237391366e-12
5.836676217765043084e+00 1.976840452506449893e-12
5.859598853868194901e+00 1.903053752064903119e-12
5.882521489971346718e+00 1.833185866547345282e-12
5.905444126074498534e+00 1.767471866284424817e-12
5.928366762177650351e+00 1.706199422812392442e-12
5.951289398280802168e+00 1.649702044872539523e-12
5.974212034383953984e+00 1.598347742030558139e-12
5.997134670487105801e+00 1.552523172733176304e-12
6.020057306590257618e+00 1.512613790995163951e-12
6.042979942693409434e+00 1.478980954083503683e-12
6.065902578796561251e+00 1.451937334248042061e-12
6.088825214899713067e+00 1.431722240549228623e-12
6.111747851002864884e+00 1.418478567847310492e-12
6.134670487106016701e+00 1.412233035317884890e-12
6.157593123209168517e+00 1.412881164303432458e-12
6.180515759312320334e+00 1.420178101839234907e-12
6.203438395415473039e+00 1.433735962656095201e-12
6.226361031518624856e+00 1.453027886979903638e-12
6.249283667621776672e+00 1.477398542557840798e-12
6.272206303724928489e+00 1.506080380035529223e-12
6.295128939828080306e+00 1.538214614191510846e-12
6.318051575931232122e+00 1.572875670434046207e-12
6.340974212034383939e+00 1.609097714478326807e-12
6.363896848137535756e+00 1.645901869771259634e-12
6.386819484240687572e+00 1.682322809249816787e-12
6.409742120343839389e+00 1.717433566248199431e-12
6.432664756446991206e+00 1.750367621270898733e-12
6.455587392550143022e+00 1.780337563757570876e-12
6.478510028653294839e+00 1.806649879319457702e-12
6.501432664756446655e+00 1.828715654853446116e-12
6.524355300859598472e+00 1.846057212180284513e-12
6.547277936962750289e+00 1.858310865591307314e-12
6.570200573065902105e+00 1.865226144395516841e-12
6.593123209169053922e+00 1.866661926500306455e-12
6.616045845272205739e+00 1.862579994585736078e-12
6.638968481375357555e+00 1.853036556190170547e-12
6.661891117478510260e+00 1.838172268169763021e-12
6.684813753581662077e+00 1.818201280480961743e-12
6.707736389684813894e+00 1.793399770224784353e-12
6.730659025787965710e+00 1.764094380291662301e-12
6.753581661891117527e+00 1.730650913086715839e-12
6.776504297994269344e+00 1.693463563251719337e-12
6.799426934097421160e+00 1.652944907715853536e-12
6.822349570200572977e+00 1.609516809606174028e-12
6.845272206303724793e+00 1.563602336504118828e-12
6.868194842406876610e+00 1.515618744480590959e-12
6.891117478510028427e+00 1.465971537887661286e-12
6.914040114613180243e+00 1.415049581134399969e-12
6.936962750716332060e+00 1.363221212348028801e-12
6.959885386819483877e+00 1.310831289366307391e-12
6.982808022922635693e+00 1.258199085192194474e-12
7.005730659025787510e+00 1.205616942040518899e-12
7.028653295128939327e+00 1.153349589559568343e-12
7.051575931232091143e+00 1.101634032875871080e-12
7.074498567335242960e+00 1.050679918997178042e-12
7.097421203438395665e+00 1.000670295100376373e-12
7.120343839541547482e+00 9.517626786986881318e-13
7.143266475644699298e+00 9.040903670894183087e-13
7.166189111747851115e+00 8.577639213852774870e-13
7.189111747851002931e+00 8.128727684711579725e-13
7.212034383954154748e+00 7.694868721266087104e-13
7.234957020057306565e+00 7.276584321047072431e-13
7.257879656160458381e+00 6.874235770142127180e-13
7.280802292263610198e+00 6.488040233184812835e-13
7.303724928366762015e+00 6.118086785880332699e-13
7.326647564469913831e+00 5.764351723036173419e-13
7.349570200573065648e+00 5.426713020083579667e-13
7.372492836676217465e+00 5.104963864754248617e-13
7.395415472779369281e+00 4.798825208293136638e-13
7.418338108882521098e+00 4.507957312807732667e-13
7.441260744985672915e+00 4.231970293591905871e-13
7.464183381088824731e+00 3.970433673055429421e-13
7.487106017191976548e+00 3.722884976773832308e-13
7.510028653295128365e+00 3.488837412665705649e-13
7.532951289398280181e+00 3.267786681894687480e-13
7.555873925501432886e+00 3.059216975233611108e-13
7.578796561604584703e+00 2.862606211730016313e-13
7.601719197707736519e+00 2.677430577943662222e-13
7.624641833810888336e+00 2.503168426114156068e-13
7.647564469914040153e+00 2.339303588643431985e-13
7.670487106017191969e+00 2.185328164489372340e-13
7.693409742120343786e+00 2.040744830671355615e-13
7.716332378223495603e+00 1.905068729261555151e-13
7.739255014326647419e+00 1.777828977123018438e-13
7.762177650429799236e+00 1.658569842376515798e-13
7.785100286532951053e+00 1.546851628228973330e-13
7.808022922636102869e+00 1.442251301453635259e-13
7.830945558739254686e+00 1.344362899535160288e-13
7.853868194842406503e+00 1.252797747326552096e-13
7.876790830945558319e+00 1.167184511041947061e-13
7.899713467048710136e+00 1.087169114552498207e-13
7.922636103151861953e+00 1.012414540276457090e-13
7.945558739255013769e+00 9.426005344668883083e-14
7.968481375358165586e+00 8.774232344038521501e-14
7.991404011461317403e+00 8.165947328908436701e-14
8.014326647564470107e+00 7.598425935330537134e-14
8.037249283667621924e+00 7.069093285306647960e-14
8.060171919770773741e+00 6.575518491451251118e-14
8.083094555873925557e+00 6.115408975805649182e-14
8.106017191977077374e+00 5.686604677554808255e-14
8.128939828080229191e+00 5.287072213110246209e-14
8.151862464183381007e+00 4.914899042006683177e-14
8.174785100286532824e+00 4.568287683211295633e-14
8.197707736389684641e+00 4.245550018658657409e-14
8.220630372492836457e+00 3.945101714003237641e-14
8.243553008595988274e+00 3.665456780631108125e-14
8.266475644699140091e+00 3.405222297805421268e-14
8.289398280802291907e+00 3.163093309354745785e-14
8.312320916905443724e+00 2.937847905473581388e-14
8.335243553008595541e+00 2.728342496921074644e-14
8.358166189111747357e+00 2.533507286113317620e-14
8.381088825214899174e+00 2.352341937248835923e-14
8.404011461318050991e+00 2.183911445633516363e-14
8.426934097421202807e+00 2.027342204732881207e-14
8.449856733524356400e+00 1.881818268133768203e-14
8.472779369627506441e+00 1.746577802506125894e-14
8.495702005730660034e+00 1.620909726784195222e-14
8.518624641833810074e+00 1.504150532106006990e-14
8.541547277936963667e+00 1.395681276531289693e-14
8.564469914040113707e+00 1.294924748180803212e-14
8.587392550143267300e+00 1.201342790179176387e-14
8.610315186246417340e+00 1.114433780624987236e-14
8.633237822349570934e+00 1.033730260735387465e-14
8.656160458452720974e+00 9.587967043082407739e-15
8.679083094555874567e+00 8.892274216964003786e-15
8.702005730659024607e+00 8.246445915893603951e-15
8.724928366762178200e+00 7.646964140346194725e-15
8.747851002865328240e+00 7.090553782998636339e-15
8.770773638968481833e+00 6.574166393678948236e-15
8.793696275071631874e+00 6.094964970659734467e-15
8.816618911174785467e+00 5.650309720525405971e-15
8.839541547277935507e+00 5.237744731152691960e-15
8.862464183381089100e+00 4.854985504694559813e-15
8.885386819484239140e+00 4.499907299839764088e-15
8.908309455587392733e+00 4.170534234991270834e-15
8.931232091690544550e+00 3.865029106364143811e-15
8.954154727793696367e+00 3.581683877315464082e-15
8.977077363896848183e+00 3.318910797486211875e-15
9.000000000000000000e+00 3.075234112537200045e-15
