# log10(T) rate(cm^3/s)
# Total Recomb Rates
1.000000000000000000e+00 1.941094900988956383e-10
1.022922636103151817e+00 2.029153007505465519e-10
1.045845272206303633e+00 2.130588027396298572e-10
1.068767908309455672e+00 2.244383386391945509e-10
1.091690544412607489e+00 2.369159865649843050e-10
1.114613180515759305e+00 2.503211565414625963e-10
1.137535816618911122e+00 2.644556078461792849e-10
1.160458452722062939e+00 2.790995665439605552e-10
1.183381088825214977e+00 2.940185765338111225e-10
1.206303724928366794e+00 3.089707024290514219e-10
1.229226361031518611e+00 3.237137157607330049e-10
1.252148997134670427e+00 3.380119325387588193e-10
1.275071633237822244e+00 3.516424240882709670e-10
1.297994269340974283e+00 3.644003878140196006e-10
1.320916905444126099e+00 3.761035338475991163e-10
1.343839541547277916e+00 3.865954117973011511e-10
1.366762177650429733e+00 3.957476644309829151e-10
1.389684813753581771e+00 4.034612486122573421e-10
1.412607449856733588e+00 4.096667059207314797e-10
1.435530085959885405e+00 4.143235950528930929e-10
1.458452722063037221e+00 4.174192153826893304e-10
1.481375358166189038e+00 4.189667570279557164e-10
1.504297994269340855e+00 4.190030093157473243e-10
1.527220630372492671e+00 4.175857491413238054e-10
1.550143266475644710e+00 4.147909161197616473e-10
1.573065902578796527e+00 4.107096653171352856e-10
1.595988538681948565e+00 4.054453730087727326e-10
1.618911174785100382e+00 3.991106579825884529e-10
1.641833810888252199e+00 3.918244712247645661e-10
1.664756446991404015e+00 3.837093004236235374e-10
1.687679083094555832e+00 3.748885319515888828e-10
1.710601719197707649e+00 3.654840107231642425e-10
1.733524355300859465e+00 3.556138362891147635e-10
1.756446991404011282e+00 3.453904305209450488e-10
1.779369627507163321e+00 3.349189073916606506e-10
1.802292263610315137e+00 3.242957682486069558e-10
1.825214899713467176e+00 3.136079366711957661e-10
1.848137535816618993e+00 3.029321360146524187e-10
1.871060171919770809e+00 2.923346008782063662e-10
1.893982808022922626e+00 2.818711019774577850e-10
1.916905444126074443e+00 2.715872532189825997e-10
1.939828080229226259e+00 2.615190610053724213e-10
1.962750716332378076e+00 2.516936695412794928e-10
1.985673352435529893e+00 2.421302524829775620e-10
2.008595988538681709e+00 2.328410007061002437e-10
2.031518624641833526e+00 2.238321580359464867e-10
2.054441260744985343e+00 2.151050610744066083e-10
2.077363896848137603e+00 2.066571452250149307e-10
2.100286532951289420e+00 1.984828860674992251e-10
2.123209169054441237e+00 1.905746527801971847e-10
2.146131805157593053e+00 1.829234578275413397e-10
2.169054441260744870e+00 1.755195941889314543e-10
2.191977077363897131e+00 1.683531576847775659e-10
2.214899713467048947e+00 1.614144572502445167e-10
2.237822349570200764e+00 1.546943202186421344e-10
2.260744985673352581e+00 1.481843027951149183e-10
2.283667621776504397e+00 1.418768179845421824e-10
2.306590257879656214e+00 1.357651943848851144e-10
2.329512893982808031e+00 1.298436795877138142e-10
2.352435530085959847e+00 1.241074015627317371e-10
2.375358166189111664e+00 1.185523004570214534e-10
2.398280802292263481e+00 1.131750418188836200e-10
2.421203438395415297e+00 1.079729204658927768e-10
2.444126074498567114e+00 1.029437621719278835e-10
2.467048710601718930e+00 9.808582818167317665e-11
2.489971346704870747e+00 9.339772542750144900e-11
2.512893982808022564e+00 8.887832339027875617e-11
2.535816618911174825e+00 8.452667697606920499e-11
2.558739255014326641e+00 8.034195371064910129e-11
2.581661891117478458e+00 7.632336306625071496e-11
2.604584527220630275e+00 7.247008584193544691e-11
2.627507163323782091e+00 6.878120215408749181e-11
2.650429799426934352e+00 6.525561761934004455e-11
2.673352435530086169e+00 6.189198854084629481e-11
2.696275071633237985e+00 5.868864813133654647e-11
2.719197707736389802e+00 5.564353682584635762e-11
2.742120343839541619e+00 5.275414039751177392e-11
2.765042979942693435e+00 5.001743979753708999e-11
2.787965616045845252e+00 4.742987637252125815e-11
2.810888252148997069e+00 4.498733541399376764e-11
2.833810888252148885e+00 4.268514996607564461e-11
2.856733524355300702e+00 4.051812559160933495e-11
2.879656160458452518e+00 3.848058551964605446e-11
2.902578796561604335e+00 3.656643440122358697e-11
2.925501432664756152e+00 3.476923789051186617e-11
2.948424068767907968e+00 3.308231451018932589e-11
2.971346704871059785e+00 3.149883577775931810e-11
2.994269340974212046e+00 3.001193035232429304e-11
3.017191977077363862e+00 2.861478797375466740e-11
3.040114613180515679e+00 2.730075916246807964e-11
3.063037249283667496e+00 2.606344698490459790e-11
3.085959885386819312e+00 2.489678763531469871e-11
3.108882521489971129e+00 2.379511712107740215e-11
3.131805157593122946e+00 2.275322196017318030e-11
3.154727793696275207e+00 2.176637250330429181e-11
3.177650429799427023e+00 2.083033827196801439e-11
3.200573065902578840e+00 1.994138553715170522e-11
3.223495702005730656e+00 1.909625821413355593e-11
3.246418338108882473e+00 1.829214396458077476e-11
3.269340974212034290e+00 1.752662811582768271e-11
3.292263610315186106e+00 1.679763856699765189e-11
3.315186246418337923e+00 1.610338520101614672e-11
3.338108882521489740e+00 1.544229742844953811e-11
3.361031518624641556e+00 1.481296334653173977e-11
3.383954154727793817e+00 1.421407362435594165e-11
3.406876790830945634e+00 1.364437266643490572e-11
3.429799426934097450e+00 1.310261892245712800e-11
3.452722063037249267e+00 1.258755547049831867e-11
3.475644699140401084e+00 1.209789127263598949e-11
3.498567335243552900e+00 1.163229284439896614e-11
3.521489971346704717e+00 1.118938553441101042e-11
3.544412607449856534e+00 1.076776319879712266e-11
3.567335243553008350e+00 1.036600477625887235e-11
3.590257879656160167e+00 9.982696106715127776e-12
3.613180515759312428e+00 9.616455261126356827e-12
3.636103151862464244e+00 9.265959632885920327e-12
3.659025787965616061e+00 8.929973058986384262e-12
3.681948424068767878e+00 8.607371281924804128e-12
3.704871060171919694e+00 8.297164135873387821e-12
3.727793696275071511e+00 7.998512960390016251e-12
3.750716332378223328e+00 7.710741935192292740e-12
3.773638968481375144e+00 7.433342310678884769e-12
3.796561604584526961e+00 7.165968889750738427e-12
3.819484240687678778e+00 6.908428588111504446e-12
3.842406876790831038e+00 6.660661434060539025e-12
3.865329512893982855e+00 6.422714919761579705e-12
3.888252148997134672e+00 6.194713129979658945e-12
3.911174785100286488e+00 5.976822498764272340e-12
3.934097421203438305e+00 5.769216340309045820e-12
3.957020057306590122e+00 5.572040452590763618e-12
3.979942693409741938e+00 5.385382119896728835e-12
4.002865329512893311e+00 5.209244798259054684e-12
4.025787965616045128e+00 5.043530743637709265e-12
4.048710601719197832e+00 4.888033940064663770e-12
4.071633237822349649e+00 4.742445993551709057e-12
4.094555873925501466e+00 4.606378210436746783e-12
4.117478510028653282e+00 4.479403805160938421e-12
4.140401146131805099e+00 4.361124870957133640e-12
4.163323782234956916e+00 4.251269040227452141e-12
4.186246418338108732e+00 4.149820199257969207e-12
4.209169054441260549e+00 4.057185739927616331e-12
4.232091690544412366e+00 3.974399302327668581e-12
4.255014326647564182e+00 3.903352749204336963e-12
4.277936962750716887e+00 3.847044582993647206e-12
4.300859598853868704e+00 3.809824973313011247e-12
4.323782234957020520e+00 3.797611170018412079e-12
4.346704871060172337e+00 3.818042667136202817e-12
4.369627507163324154e+00 3.880544295104777851e-12
4.392550143266475970e+00 3.996268319295815949e-12
4.415472779369627787e+00 4.177893880858184680e-12
4.438395415472779604e+00 4.439273289760034951e-12
4.461318051575931420e+00 4.794928644776852512e-12
4.484240687679083237e+00 5.259417368403781813e-12
4.507163323782235054e+00 5.846599611066632441e-12
4.530085959885386870e+00 6.568852259408830008e-12
4.553008595988538687e+00 7.436281983570955332e-12
4.575931232091690504e+00 8.455992444772590922e-12
4.598853868194842320e+00 9.631458194280598604e-12
4.621776504297994137e+00 1.096205033080806837e-11
4.644699140401145954e+00 1.244274760825752504e-11
4.667621776504297770e+00 1.406405274564961927e-11
4.690544412607449587e+00 1.581211870612096521e-11
4.713467048710601404e+00 1.766907517038797585e-11
4.736389684813753220e+00 1.961353261672518266e-11
4.759312320916905037e+00 2.162123129573423473e-11
4.782234957020056854e+00 2.366579553220079730e-11
4.805157593123208670e+00 2.571955038954934039e-11
4.828080229226360487e+00 2.775435764159222722e-11
4.851002865329512304e+00 2.974243078697690699e-11
4.873925501432664120e+00 3.165709390730815020e-11
4.896848137535815937e+00 3.347345581222586499e-11
4.919770773638967754e+00 3.516897842571471046e-11
4.942693409742119570e+00 3.672392609502543109e-11
4.965616045845272275e+00 3.812168989548260153e-11
4.988538681948424092e+00 3.934898763712612343e-11
5.011461318051575908e+00 4.039594586427038561e-11
5.034383954154727725e+00 4.125607451827627825e-11
5.057306590257879542e+00 4.192614806287425391e-11
5.080229226361031358e+00 4.240600879834745013e-11
5.103151862464183175e+00 4.269830893203525252e-11
5.126074498567334992e+00 4.280820788853750118e-11
5.148997134670486808e+00 4.274304051719810587e-11
5.171919770773638625e+00 4.251197047552318984e-11
5.194842406876790442e+00 4.212564131512078583e-11
5.217765042979942258e+00 4.159583583328697307e-11
5.240687679083094075e+00 4.093515221619450585e-11
5.263610315186245892e+00 4.015670349970470978e-11
5.286532951289397708e+00 3.927384499515592073e-11
5.309455587392550413e+00 3.829993262883530234e-11
5.332378223495702230e+00 3.724811366153836396e-11
5.355300859598854046e+00 3.613115000603920080e-11
5.378223495702005863e+00 3.496127334760698067e-11
5.401146131805157680e+00 3.375007048652980163e-11
5.424068767908309496e+00 3.250839674438335280e-11
5.446991404011461313e+00 3.124631488469404783e-11
5.469914040114613130e+00 2.997305676808513083e-11
5.492836676217764946e+00 2.869700486550620152e-11
5.515759312320916763e+00 2.742569076490099116e-11
5.538681948424068580e+00 2.616580790251719336e-11
5.561604584527220396e+00 2.492323590820359603e-11
5.584527220630372213e+00 2.370307415541153054e-11
5.607449856733524030e+00 2.250968233502449683e-11
5.630372492836675846e+00 2.134672611422637202e-11
5.653295128939827663e+00 2.021722618670301723e-11
5.676217765042979480e+00 1.912360926030669821e-11
5.699140401146131296e+00 1.806775975679427051e-11
5.722063037249283113e+00 1.705107121111727497e-11
5.744985673352435818e+00 1.607449655226876118e-11
5.767908309455587634e+00 1.513859662240337243e-11
5.790830945558739451e+00 1.424358644535413188e-11
5.813753581661891268e+00 1.338937889004318518e-11
5.836676217765043084e+00 1.257562548944131416e-11
5.859598853868194901e+00 1.180175427288852406e-11
5.882521489971346718e+00 1.106700455019916615e-11
5.905444126074498534e+00 1.037045865163846087e-11
5.928366762177650351e+00 9.711070680219132956e-12
5.951289398280802168e+00 9.087692373460779430e-12
5.974212034383953984e+00 8.499096202351491751e-12
5.997134670487105801e+00 7.943995857227737892e-12
6.020057306590257618e+00 7.421064285005374670e-12
6.042979942693409434e+00 6.928949450884940237e-12
6.065902578796561251e+00 6.466288001419806208e-12
6.088825214899713067e+00 6.031717005646870384e-12
6.111747851002864884e+00 5.623883947681205465e-12
6.134670487106016701e+00 5.241455138494731320e-12
6.157593123209168517e+00 4.883122707152068372e-12
6.180515759312320334e+00 4.547610323082580025e-12
6.203438395415473039e+00 4.233677791455836310e-12
6.226361031518624856e+00 3.940124653750229936e-12
6.249283667621776672e+00 3.665792915443954721e-12
6.272206303724928489e+00 3.409569012639212131e-12
6.295128939828080306e+00 3.170385119526825179e-12
6.318051575931232122e+00 2.947219889041974494e-12
6.340974212034383939e+00 2.739098709947125522e-12
6.363896848137535756e+00 2.545093554971620884e-12
6.386819484240687572e+00 2.364322486580717985e-12
6.409742120343839389e+00 2.195948879462176847e-12
6.432664756446991206e+00 2.039180411912632332e-12
6.455587392550143022e+00 1.893267871973597418e-12
6.478510028653294839e+00 1.757503818393275651e-12
6.501432664756446655e+00 1.631221131254001443e-12
6.524355300859598472e+00 1.513791482379547642e-12
6.547277936962750289e+00 1.404623751392129694e-12
6.570200573065902105e+00 1.303162409493930387e-12
6.593123209169053922e+00 1.208885889669796489e-12
6.616045845272205739e+00 1.121304959013631340e-12
6.638968481375357555e+00 1.039961106238762355e-12
6.661891117478510260e+00 9.644249551109170411e-13
6.684813753581662077e+00 8.942947125115279344e-13
6.707736389684813894e+00 8.291946580705274777e-13
6.730659025787965710e+00 7.687736807752015287e-13
6.753581661891117527e+00 7.127038666399390929e-13
6.776504297994269344e+00 6.606791403882970743e-13
6.799426934097421160e+00 6.124139631323692567e-13
6.822349570200572977e+00 5.676420872158463808e-13
6.845272206303724793e+00 5.261153686988054124e-13
6.868194842406876610e+00 4.876026373882951453e-13
6.891117478510028427e+00 4.518886238448381548e-13
6.914040114613180243e+00 4.187729424081967996e-13
6.936962750716332060e+00 3.880691289745888393e-13
6.959885386819483877e+00 3.596037320117495716e-13
6.982808022922635693e+00 3.332154551086453666e-13
7.005730659025787510e+00 3.087543492151854428e-13
7.028653295128939327e+00 2.860810526267993062e-13
7.051575931232091143e+00 2.650660767029581432e-13
7.074498567335242960e+00 2.455891352721154131e-13
7.097421203438395665e+00 2.275385156633008344e-13
7.120343839541547482e+00 2.108104893125329268e-13
7.143266475644699298e+00 1.953087599166429224e-13
7.166189111747851115e+00 1.809439471449466022e-13
7.189111747851002931e+00 1.676331039676400019e-13
7.212034383954154748e+00 1.552992657165959497e-13
7.234957020057306565e+00 1.438710290573489329e-13
7.257879656160458381e+00 1.332821591188009982e-13
7.280802292263610198e+00 1.234712230981283807e-13
7.303724928366762015e+00 1.143812487313055286e-13
7.326647564469913831e+00 1.059594060935886436e-13
7.349570200573065648e+00 9.815671126837398928e-14
7.372492836676217465e+00 9.092775049638693653e-14
7.395415472779369281e+00 8.423042348960377320e-14
7.418338108882521098e+00 7.802570466521554135e-14
7.441260744985672915e+00 7.227742112396080705e-14
7.464183381088824731e+00 6.695204626400783193e-14
7.487106017191976548e+00 6.201850798605731977e-14
7.510028653295128365e+00 5.744801050731898754e-14
7.532951289398280181e+00 5.321386886139288425e-14
7.555873925501432886e+00 4.929135521780623738e-14
7.578796561604584703e+00 4.565755620899865253e-14
7.601719197707736519e+00 4.229124050391410337e-14
7.624641833810888336e+00 3.917273591609117996e-14
7.647564469914040153e+00 3.628381538027136384e-14
7.670487106017191969e+00 3.360759117515180885e-14
7.693409742120343786e+00 3.112841681105388193e-14
7.716332378223495603e+00 2.883179604005195158e-14
7.739255014326647419e+00 2.670429848259274120e-14
7.762177650429799236e+00 2.473348139893093282e-14
7.785100286532951053e+00 2.290781716590360987e-14
7.808022922636102869e+00 2.121662604976455984e-14
7.830945558739254686e+00 1.965001389409443035e-14
7.853868194842406503e+00 1.819881436829170080e-14
7.876790830945558319e+00 1.685453544692694301e-14
7.899713467048710136e+00 1.560930981340182584e-14
7.922636103151861953e+00 1.445584890298487159e-14
7.945558739255013769e+00 1.338740032048593014e-14
7.968481375358165586e+00 1.239770838666452446e-14
7.991404011461317403e+00 1.148097758502485571e-14
8.014326647564470107e+00 1.063183869701008134e-14
8.037249283667621924e+00 9.845317428844049848e-15
8.060171919770773741e+00 9.116805347450550626e-15
8.083094555873925557e+00 8.442032956076497634e-15
8.106017191977077374e+00 7.817044752517351828e-15
8.128939828080229191e+00 7.238176124253390797e-15
8.151862464183381007e+00 6.702031945409032473e-15
8.174785100286532824e+00 6.205466750298785042e-15
8.197707736389684641e+00 5.745566367472738014e-15
8.220630372492836457e+00 5.319630906669320254e-15
8.243553008595988274e+00 4.925158998968118588e-15
8.266475644699140091e+00 4.559833197752545535e-15
8.289398280802291907e+00 4.221506454880501069e-15
8.312320916905443724e+00 3.908189592757627558e-15
8.335243553008595541e+00 3.618039698846694006e-15
8.358166189111747357e+00 3.349349374560368604e-15
8.381088825214899174e+00 3.100536775503100261e-15
8.404011461318050991e+00 2.870136384679246388e-15
8.426934097421202807e+00 2.656790464595074386e-15
8.449856733524356400e+00 2.459241138176263528e-15
8.472779369627506441e+00 2.276323052123042148e-15
8.495702005730660034e+00 2.106956579752505589e-15
8.518624641833810074e+00 1.950141523553789481e-15
8.541547277936963667e+00 1.804951280621108490e-15
8.564469914040113707e+00 1.670527436854870753e-15
8.587392550143267300e+00 1.546074758341551910e-15
8.610315186246417340e+00 1.430856550660017410e-15
8.633237822349570934e+00 1.324190359023160701e-15
8.656160458452720974e+00 1.225443984167324106e-15
8.679083094555874567e+00 1.134031790754750247e-15
8.702005730659024607e+00 1.049411286771904648e-15
8.724928366762178200e+00 9.710799539947095858e-16
8.747851002865328240e+00 8.985723110640419207e-16
8.770773638968481833e+00 8.314571920762267005e-16
8.793696275071631874e+00 7.693352248552862927e-16
8.816618911174785467e+00 7.118364942406636797e-16
8.839541547277935507e+00 6.586183768059782578e-16
8.862464183381089100e+00 6.093635344247270898e-16
8.885386819484239140e+00 5.637780550262865390e-16
8.908309455587392733e+00 5.215897297432061628e-16
8.931232091690544550e+00 4.825464564459434532e-16
8.954154727793696367e+00 4.464147603965852471e-16
8.977077363896848183e+00 4.129784234348678623e-16
9.000000000000000000e+00 3.820372137406197539e-16
