# log10(T) rate(cm^3/s)
# Total Recomb Rates
1.000000000000000000e+00 3.282476882555987968e-10
1.022922636103151817e+00 3.186134260325903983e-10
1.045845272206303633e+00 3.092454506863923934e-10
1.068767908309455672e+00 3.001368412613461529e-10
1.091690544412607489e+00 2.912808510509045993e-10
1.114613180515759305e+00 2.826709030273938720e-10
1.137535816618911122e+00 2.743005854053472387e-10
1.160458452722062939e+00 2.661636473458753693e-10
1.183381088825214977e+00 2.582539948269513593e-10
1.206303724928366794e+00 2.505656867442689374e-10
1.229226361031518611e+00 2.430929313908203533e-10
1.252148997134670427e+00 2.358300836241764581e-10
1.275071633237822244e+00 2.287716433145790881e-10
1.297994269340974283e+00 2.219122561260262359e-10
1.320916905444126099e+00 2.152467183568843728e-10
1.343839541547277916e+00 2.087699884568823929e-10
1.366762177650429733e+00 2.024772088686731801e-10
1.389684813753581771e+00 1.963637428315451885e-10
1.412607449856733588e+00 1.904252314293406541e-10
1.435530085959885405e+00 1.846576760668129692e-10
1.458452722063037221e+00 1.790575503002966455e-10
1.481375358166189038e+00 1.736219422065209561e-10
1.504297994269340855e+00 1.683487241541370994e-10
1.527220630372492671e+00 1.632367411956231443e-10
1.550143266475644710e+00 1.582860029651008137e-10
1.573065902578796527e+00 1.534978579394480051e-10
1.595988538681948565e+00 1.488751243834650186e-10
1.618911174785100382e+00 1.444221504137738282e-10
1.641833810888252199e+00 1.401447772563242257e-10
1.664756446991404015e+00 1.360501853117563158e-10
1.687679083094555832e+00 1.321466118243100816e-10
1.710601719197707649e+00 1.284429408862346282e-10
1.733524355300859465e+00 1.249481798122213948e-10
1.756446991404011282e+00 1.216708489256517631e-10
1.779369627507163321e+00 1.186183228500949636e-10
1.802292263610315137e+00 1.157961690971987969e-10
1.825214899713467176e+00 1.132075331446770364e-10
1.848137535816618993e+00 1.108526179207314721e-10
1.871060171919770809e+00 1.087282998244581698e-10
1.893982808022922626e+00 1.068279137594255618e-10
1.916905444126074443e+00 1.051412271270786482e-10
1.939828080229226259e+00 1.036546085069971401e-10
1.962750716332378076e+00 1.023513821052438150e-10
1.985673352435529893e+00 1.012123452150201801e-10
2.008595988538681709e+00 1.002164140342830710e-10
2.031518624641833526e+00 9.934135418026895326e-11
2.054441260744985343e+00 9.856454685540886890e-11
2.077363896848137603e+00 9.786374028310562697e-11
2.100286532951289420e+00 9.721773882784282331e-11
2.123209169054441237e+00 9.660698884587350758e-11
2.146131805157593053e+00 9.601403011239408316e-11
2.169054441260744870e+00 9.542379365475944472e-11
2.191977077363897131e+00 9.482373979288240395e-11
2.214899713467048947e+00 9.420384287866606876e-11
2.237822349570200764e+00 9.355644044758433838e-11
2.260744985673352581e+00 9.287597327992181147e-11
2.283667621776504397e+00 9.215864857562500047e-11
2.306590257879656214e+00 9.140206081456371956e-11
2.329512893982808031e+00 9.060480402088215851e-11
2.352435530085959847e+00 8.976610551909472259e-11
2.375358166189111664e+00 8.888550553933595001e-11
2.398280802292263481e+00 8.796260000530380537e-11
2.421203438395415297e+00 8.699685634430119052e-11
2.444126074498567114e+00 8.598750494136458430e-11
2.467048710601718930e+00 8.493350252057151671e-11
2.489971346704870747e+00 8.383355869407914350e-11
2.512893982808022564e+00 8.268621339757064089e-11
2.535816618911174825e+00 8.148995097523723553e-11
2.558739255014326641e+00 8.024333618714044894e-11
2.581661891117478458e+00 7.894515817955333542e-11
2.604584527220630275e+00 7.759457021253250556e-11
2.627507163323782091e+00 7.619121537710775829e-11
2.650429799426934352e+00 7.473533135284587608e-11
2.673352435530086169e+00 7.322783016491798735e-11
2.696275071633237985e+00 7.167035163199772986e-11
2.719197707736389802e+00 7.006529151813166602e-11
2.742120343839541619e+00 6.841580712156127148e-11
2.765042979942693435e+00 6.672580401831309998e-11
2.787965616045845252e+00 6.499990787371637183e-11
2.810888252148997069e+00 6.324342468337835713e-11
2.833810888252148885e+00 6.146229165502975893e-11
2.856733524355300702e+00 5.966301944012706993e-11
2.879656160458452518e+00 5.785262488332109760e-11
2.902578796561604335e+00 5.603855221241960538e-11
2.925501432664756152e+00 5.422857993496924204e-11
2.948424068767907968e+00 5.243071083675789351e-11
2.971346704871059785e+00 5.065304345071406204e-11
2.994269340974212046e+00 4.890362508638026048e-11
3.017191977077363862e+00 4.719028874570331465e-11
3.040114613180515679e+00 4.552047866803185714e-11
3.063037249283667496e+00 4.390107147521382993e-11
3.085959885386819312e+00 4.233820158154228049e-11
3.108882521489971129e+00 4.083710043009151032e-11
3.131805157593122946e+00 3.940195907451895745e-11
3.154727793696275207e+00 3.803582263792567297e-11
3.177650429799427023e+00 3.674052337125765050e-11
3.200573065902578840e+00 3.551665662923910224e-11
3.223495702005730656e+00 3.436360137229725873e-11
3.246418338108882473e+00 3.327958409849167108e-11
3.269340974212034290e+00 3.226178269632904214e-11
3.292263610315186106e+00 3.130646481145326657e-11
3.315186246418337923e+00 3.040915406978772035e-11
3.338108882521489740e+00 2.956481692022673517e-11
3.361031518624641556e+00 2.876806286470680533e-11
3.383954154727793817e+00 2.801335125259303946e-11
3.406876790830945634e+00 2.729519839292565347e-11
3.429799426934097450e+00 2.660837923990525475e-11
3.452722063037249267e+00 2.594811814477615334e-11
3.475644699140401084e+00 2.531026305687699481e-11
3.498567335243552900e+00 2.469143715065326107e-11
3.521489971346704717e+00 2.408916134284390531e-11
3.544412607449856534e+00 2.350194083429649347e-11
3.567335243553008350e+00 2.292930898812012615e-11
3.590257879656160167e+00 2.237182281840948765e-11
3.613180515759312428e+00 2.183100626800642436e-11
3.636103151862464244e+00 2.130924028250384036e-11
3.659025787965616061e+00 2.080960223563144805e-11
3.681948424068767878e+00 2.033566116160123603e-11
3.704871060171919694e+00 1.989123903651048864e-11
3.727793696275071511e+00 1.948015153982678881e-11
3.750716332378223328e+00 1.910594390269713901e-11
3.773638968481375144e+00 1.877163833557653974e-11
3.796561604584526961e+00 1.847950902860985873e-11
3.819484240687678778e+00 1.823089892968751215e-11
3.842406876790831038e+00 1.802608968597090636e-11
3.865329512893982855e+00 1.786423265153493947e-11
3.888252148997134672e+00 1.774334511758938536e-11
3.911174785100286488e+00 1.766037227249986225e-11
3.934097421203438305e+00 1.761131210565141670e-11
3.957020057306590122e+00 1.759139766238944801e-11
3.979942693409741938e+00 1.759532875243830145e-11
4.002865329512893311e+00 1.761754336712117010e-11
4.025787965616045128e+00 1.765251764664510997e-11
4.048710601719197832e+00 1.769508232577569659e-11
4.071633237822349649e+00 1.774074336596411337e-11
4.094555873925501466e+00 1.778599522762867822e-11
4.117478510028653282e+00 1.782861718178632102e-11
4.140401146131805099e+00 1.786794622749601574e-11
4.163323782234956916e+00 1.790512421655451337e-11
4.186246418338108732e+00 1.794332088214566437e-11
4.209169054441260549e+00 1.798793743797699516e-11
4.232091690544412366e+00 1.804679594490937409e-11
4.255014326647564182e+00 1.813031667497346149e-11
4.277936962750716887e+00 1.825167885080878531e-11
4.300859598853868704e+00 1.842694999699428895e-11
4.323782234957020520e+00 1.867515736899675676e-11
4.346704871060172337e+00 1.901826404160575226e-11
4.369627507163324154e+00 1.948100513134138430e-11
4.392550143266475970e+00 2.009053891283327696e-11
4.415472779369627787e+00 2.087587496256092664e-11
4.438395415472779604e+00 2.186705721837682738e-11
4.461318051575931420e+00 2.309410268783344088e-11
4.484240687679083237e+00 2.458572375357636800e-11
4.507163323782235054e+00 2.636788992720569427e-11
4.530085959885386870e+00 2.846230950328986515e-11
4.553008595988538687e+00 3.088492926363646147e-11
4.575931232091690504e+00 3.364455856874302991e-11
4.598853868194842320e+00 3.674172161385988856e-11
4.621776504297994137e+00 4.016782858274832973e-11
4.644699140401145954e+00 4.390473452413180635e-11
4.667621776504297770e+00 4.792472664643892363e-11
4.690544412607449587e+00 5.219094958397823052e-11
4.713467048710601404e+00 5.665824732537131049e-11
4.736389684813753220e+00 6.127437286460371335e-11
4.759312320916905037e+00 6.598149453036569161e-11
4.782234957020056854e+00 7.071791282738493815e-11
4.805157593123208670e+00 7.541989406182212182e-11
4.828080229226360487e+00 8.002352679343133834e-11
4.851002865329512304e+00 8.446651338257265237e-11
4.873925501432664120e+00 8.868982025469230236e-11
4.896848137535815937e+00 9.263912542644060398e-11
4.919770773638967754e+00 9.626601872142737692e-11
4.942693409742119570e+00 9.952892745993954827e-11
4.965616045845272275e+00 1.023937569727624017e-10
4.988538681948424092e+00 1.048342500930687523e-10
5.011461318051575908e+00 1.068320821643348035e-10
5.034383954154727725e+00 1.083767177101190492e-10
5.057306590257879542e+00 1.094650616520048744e-10
5.080229226361031358e+00 1.101009419576348212e-10
5.103151862464183175e+00 1.102944621309924818e-10
5.126074498567334992e+00 1.100612614021077244e-10
5.148997134670486808e+00 1.094217182637981774e-10
5.171919770773638625e+00 1.084001295782695960e-10
5.194842406876790442e+00 1.070238932526654467e-10
5.217765042979942258e+00 1.053227178312065677e-10
5.240687679083094075e+00 1.033278775855144353e-10
5.263610315186245892e+00 1.010715270535160159e-10
5.286532951289397708e+00 9.858608466704050765e-11
5.309455587392550413e+00 9.590369124596361991e-11
5.332378223495702230e+00 9.305574579787385460e-11
5.355300859598854046e+00 9.007251827885232814e-11
5.378223495702005863e+00 8.698283674095489381e-11
5.401146131805157680e+00 8.381384458766457427e-11
5.424068767908309496e+00 8.059082243455366011e-11
5.446991404011461313e+00 7.733706827231969851e-11
5.469914040114613130e+00 7.407382919156544242e-11
5.492836676217764946e+00 7.082027779050863840e-11
5.515759312320916763e+00 6.759352648783623100e-11
5.538681948424068580e+00 6.440867324725323237e-11
5.561604584527220396e+00 6.127887263794330065e-11
5.584527220630372213e+00 5.821542666280714872e-11
5.607449856733524030e+00 5.522789034748654532e-11
5.630372492836675846e+00 5.232418766797399380e-11
5.653295128939827663e+00 4.951073397944011174e-11
5.676217765042979480e+00 4.679256167575705812e-11
5.699140401146131296e+00 4.417344634494378911e-11
5.722063037249283113e+00 4.165603118145647632e-11
5.744985673352435818e+00 3.924194786640383487e-11
5.767908309455587634e+00 3.693193252868083617e-11
5.790830945558739451e+00 3.472593575316145252e-11
5.813753581661891268e+00 3.262322590761204293e-11
5.836676217765043084e+00 3.062248532019907526e-11
5.859598853868194901e+00 2.872189905752372272e-11
5.882521489971346718e+00 2.691923623266484958e-11
5.905444126074498534e+00 2.521192391766176829e-11
5.928366762177650351e+00 2.359711384919484712e-11
5.951289398280802168e+00 2.207174220382454577e-11
5.974212034383953984e+00 2.063258278374944124e-11
5.997134670487105801e+00 1.927629399911469373e-11
6.020057306590257618e+00 1.799946006162550264e-11
6.042979942693409434e+00 1.679862681946467301e-11
6.065902578796561251e+00 1.567033266782936985e-11
6.088825214899713067e+00 1.461113496502512775e-11
6.111747851002864884e+00 1.361763237292303487e-11
6.134670487106016701e+00 1.268648352435565245e-11
6.157593123209168517e+00 1.181442240010009474e-11
6.180515759312320334e+00 1.099827077564288432e-11
6.203438395415473039e+00 1.023494807390376821e-11
6.226361031518624856e+00 9.521478935297861970e-12
6.249283667621776672e+00 8.854998791561002262e-12
6.272206303724928489e+00 8.232757705143471285e-12
6.295128939828080306e+00 7.652122712063390266e-12
6.318051575931232122e+00 7.110578883183205648e-12
6.340974212034383939e+00 6.605729297125395875e-12
6.363896848137535756e+00 6.135294097607513512e-12
6.386819484240687572e+00 5.697108788928317010e-12
6.409742120343839389e+00 5.289121905709015472e-12
6.432664756446991206e+00 4.909392176785882528e-12
6.455587392550143022e+00 4.556085288336108279e-12
6.478510028653294839e+00 4.227470337851001807e-12
6.501432664756446655e+00 3.921916058389380939e-12
6.524355300859598472e+00 3.637886881578494079e-12
6.547277936962750289e+00 3.373938898003882149e-12
6.570200573065902105e+00 3.128715764863324075e-12
6.593123209169053922e+00 2.900944602972613871e-12
6.616045845272205739e+00 2.689431918322354367e-12
6.638968481375357555e+00 2.493059577317195871e-12
6.661891117478510260e+00 2.310780859507034834e-12
6.684813753581662077e+00 2.141616606972346149e-12
6.707736389684813894e+00 1.984651485485820540e-12
6.730659025787965710e+00 1.839030369077659348e-12
6.753581661891117527e+00 1.703954856623270099e-12
6.776504297994269344e+00 1.578679926497110930e-12
6.799426934097421160e+00 1.462510733145271130e-12
6.822349570200572977e+00 1.354799547577688601e-12
6.845272206303724793e+00 1.254942842227881375e-12
6.868194842406876610e+00 1.162378519337117182e-12
6.891117478510028427e+00 1.076583280957913881e-12
6.914040114613180243e+00 9.970701378090985633e-13
6.936962750716332060e+00 9.233860535247726035e-13
6.959885386819483877e+00 8.551097202988853146e-13
6.982808022922635693e+00 7.918494615147394332e-13
7.005730659025787510e+00 7.332412566460577850e-13
7.028653295128939327e+00 6.789468835069056214e-13
7.051575931232091143e+00 6.286521727973680720e-13
7.074498567335242960e+00 5.820653698277868689e-13
7.097421203438395665e+00 5.389155982955786709e-13
7.120343839541547482e+00 4.989514210255352128e-13
7.143266475644699298e+00 4.619394926586698401e-13
7.166189111747851115e+00 4.276632993790465647e-13
7.189111747851002931e+00 3.959219808961452464e-13
7.212034383954154748e+00 3.665292300470778598e-13
7.234957020057306565e+00 3.393122655436487158e-13
7.257879656160458381e+00 3.141108735600276538e-13
7.280802292263610198e+00 2.907765140343793994e-13
7.303724928366762015e+00 2.691714877393942214e-13
7.326647564469913831e+00 2.491681603599995298e-13
7.349570200573065648e+00 2.306482399996680428e-13
7.372492836676217465e+00 2.135021047181184077e-13
7.395415472779369281e+00 1.976281768815538410e-13
7.418338108882521098e+00 1.829323412808746552e-13
7.441260744985672915e+00 1.693274041427417775e-13
7.464183381088824731e+00 1.567325903223414707e-13
7.487106017191976548e+00 1.450730761247501186e-13
7.510028653295128365e+00 1.342795553536074889e-13
7.532951289398280181e+00 1.242878363311605812e-13
7.555873925501432886e+00 1.150384677725361920e-13
7.578796561604584703e+00 1.064763915292968054e-13
7.601719197707736519e+00 9.855062034295597454e-14
7.624641833810888336e+00 9.121393886828761910e-14
7.647564469914040153e+00 8.442262633903594770e-14
7.670487106017191969e+00 7.813619935522961137e-14
7.693409742120343786e+00 7.231717337187377563e-14
7.716332378223495603e+00 6.693084156356053165e-14
7.739255014326647419e+00 6.194506982871395776e-14
7.762177650429799236e+00 5.733010678100272744e-14
7.785100286532951053e+00 5.305840765414508965e-14
7.808022922636102869e+00 4.910447112013465220e-14
7.830945558739254686e+00 4.544468809007163491e-14
7.853868194842406503e+00 4.205720163152498807e-14
7.876790830945558319e+00 3.892177719691169955e-14
7.899713467048710136e+00 3.601968241398533116e-14
7.922636103151861953e+00 3.333357574239761174e-14
7.945558739255013769e+00 3.084740334964906229e-14
7.968481375358165586e+00 2.854630360578127618e-14
7.991404011461317403e+00 2.641651863908463875e-14
8.014326647564470107e+00 2.444531243508803843e-14
8.037249283667621924e+00 2.262089499834414205e-14
8.060171919770773741e+00 2.093235213119484644e-14
8.083094555873925557e+00 1.936958041596474317e-14
8.106017191977077374e+00 1.792322701703383931e-14
8.128939828080229191e+00 1.658463394713847721e-14
8.151862464183381007e+00 1.534578646817544546e-14
8.174785100286532824e+00 1.419926532087114712e-14
8.197707736389684641e+00 1.313820250004850541e-14
8.220630372492836457e+00 1.215624031299521852e-14
8.243553008595988274e+00 1.124749347771648220e-14
8.266475644699140091e+00 1.040651403574636696e-14
8.289398280802291907e+00 9.628258870790006521e-15
8.312320916905443724e+00 8.908059639863942698e-15
8.335243553008595541e+00 8.241594937878203757e-15
8.358166189111747357e+00 7.624864529839829470e-15
8.381088825214899174e+00 7.054165497126828190e-15
8.404011461318050991e+00 6.526070155653096298e-15
8.426934097421202807e+00 6.037405614281993422e-15
8.449856733524356400e+00 5.585234851609421549e-15
8.472779369627506441e+00 5.166839198281956702e-15
8.495702005730660034e+00 4.779702120392289836e-15
8.518624641833810074e+00 4.421494207255590005e-15
8.541547277936963667e+00 4.090059274052774652e-15
8.564469914040113707e+00 3.783401496484229598e-15
8.587392550143267300e+00 3.499673500734634695e-15
8.610315186246417340e+00 3.237165337756963309e-15
8.633237822349570934e+00 2.994294276161087692e-15
8.656160458452720974e+00 2.769595352883752755e-15
8.679083094555874567e+00 2.561712625338923328e-15
8.702005730659024607e+00 2.369391072938566663e-15
8.724928366762178200e+00 2.191469099748406082e-15
8.747851002865328240e+00 2.026871593633632019e-15
8.770773638968481833e+00 1.874603500568678282e-15
8.793696275071631874e+00 1.733743875860720945e-15
8.816618911174785467e+00 1.603440376879669179e-15
8.839541547277935507e+00 1.482904164521823813e-15
8.862464183381089100e+00 1.371405183069570405e-15
8.885386819484239140e+00 1.268267790365976438e-15
8.908309455587392733e+00 1.172866712308976213e-15
8.931232091690544550e+00 1.084623297602596152e-15
8.954154727793696367e+00 1.003002050489356012e-15
8.977077363896848183e+00 9.275074208433396682e-16
9.000000000000000000e+00 8.576808325342562982e-16
