# log10(T) rate(cm^3/s)
# Total Recomb Rates
1.000000000000000000e+00 5.768832415248396679e-10
1.022922636103151817e+00 5.602805862247954485e-10
1.045845272206303633e+00 5.441267619456521570e-10
1.068767908309455672e+00 5.284102111640026054e-10
1.091690544412607489e+00 5.131196727208824746e-10
1.114613180515759305e+00 4.982441739174470345e-10
1.137535816618911122e+00 4.837730228199026381e-10
1.160458452722062939e+00 4.696958007687138805e-10
1.183381088825214977e+00 4.560023550872610128e-10
1.206303724928366794e+00 4.426827919852335070e-10
1.229226361031518611e+00 4.297274696521724382e-10
1.252148997134670427e+00 4.171269915366882357e-10
1.275071633237822244e+00 4.048721998069929624e-10
1.297994269340974283e+00 3.929541689884851226e-10
1.320916905444126099e+00 3.813641997742348649e-10
1.343839541547277916e+00 3.700938130043012963e-10
1.366762177650429733e+00 3.591347438099194044e-10
1.389684813753581771e+00 3.484789359186630989e-10
1.412607449856733588e+00 3.381185361167899403e-10
1.435530085959885405e+00 3.280458888650365578e-10
1.458452722063037221e+00 3.182535310642185440e-10
1.481375358166189038e+00 3.087341869670523589e-10
1.504297994269340855e+00 2.994807632326870861e-10
1.527220630372492671e+00 2.904863441205014545e-10
1.550143266475644710e+00 2.817441868198124243e-10
1.573065902578796527e+00 2.732477169123239283e-10
1.595988538681948565e+00 2.649905239646580875e-10
1.618911174785100382e+00 2.569663572499633081e-10
1.641833810888252199e+00 2.491691216025615596e-10
1.664756446991404015e+00 2.415928734235545631e-10
1.687679083094555832e+00 2.342318168911787913e-10
1.710601719197707649e+00 2.270803005142943482e-10
1.733524355300859465e+00 2.201328143503353678e-10
1.756446991404011282e+00 2.133839885721803128e-10
1.779369627507163321e+00 2.068285947296191579e-10
1.802292263610315137e+00 2.004615521534487658e-10
1.825214899713467176e+00 1.942779436253058740e-10
1.848137535816618993e+00 1.882730467352396946e-10
1.871060171919770809e+00 1.824423901463878741e-10
1.893982808022922626e+00 1.767818468812335845e-10
1.916905444126074443e+00 1.712877790012891364e-10
1.939828080229226259e+00 1.659572486321774384e-10
1.962750716332378076e+00 1.607883080043544084e-10
1.985673352435529893e+00 1.557803749956050802e-10
2.008595988538681709e+00 1.509346900485200323e-10
2.031518624641833526e+00 1.462548356348683757e-10
2.054441260744985343e+00 1.417472820702403743e-10
2.077363896848137603e+00 1.374219059181006187e-10
2.100286532951289420e+00 1.332924126637748136e-10
2.123209169054441237e+00 1.293765871428710207e-10
2.146131805157593053e+00 1.256962961795080387e-10
2.169054441260744870e+00 1.222771796062446227e-10
2.191977077363897131e+00 1.191479881878149757e-10
2.214899713467048947e+00 1.163395580182580208e-10
2.237822349570200764e+00 1.138834471838038405e-10
2.260744985673352581e+00 1.118102973351944153e-10
2.283667621776504397e+00 1.101480154790719788e-10
2.306590257879656214e+00 1.089198954894129329e-10
2.329512893982808031e+00 1.081428114594477792e-10
2.352435530085959847e+00 1.078256145822576472e-10
2.375358166189111664e+00 1.079678520295351467e-10
2.398280802292263481e+00 1.085589021427325323e-10
2.421203438395415297e+00 1.095775882078494609e-10
2.444126074498567114e+00 1.109922968861357426e-10
2.467048710601718930e+00 1.127615908881597796e-10
2.489971346704870747e+00 1.148352722322840504e-10
2.512893982808022564e+00 1.171558252349524324e-10
2.535816618911174825e+00 1.196601491264519846e-10
2.558739255014326641e+00 1.222814797565971850e-10
2.581661891117478458e+00 1.249513981725902119e-10
2.604584527220630275e+00 1.276018299973519240e-10
2.627507163323782091e+00 1.301669519213349682e-10
2.650429799426934352e+00 1.325849381852115714e-10
2.673352435530086169e+00 1.347994983730273305e-10
2.696275071633237985e+00 1.367611758622748755e-10
2.719197707736389802e+00 1.384283918744341215e-10
2.742120343839541619e+00 1.397682317663117960e-10
2.765042979942693435e+00 1.407569772902750414e-10
2.787965616045845252e+00 1.413803912008449135e-10
2.810888252148997069e+00 1.416337598172115982e-10
2.833810888252148885e+00 1.415216966432451025e-10
2.856733524355300702e+00 1.410577078934947289e-10
2.879656160458452518e+00 1.402635206688410067e-10
2.902578796561604335e+00 1.391681779502751402e-10
2.925501432664756152e+00 1.378069120954453865e-10
2.948424068767907968e+00 1.362198197380256399e-10
2.971346704871059785e+00 1.344503746272197883e-10
2.994269340974212046e+00 1.325438290930609682e-10
3.017191977077363862e+00 1.305455673132344386e-10
3.040114613180515679e+00 1.284994823736776207e-10
3.063037249283667496e+00 1.264464527601584656e-10
3.085959885386819312e+00 1.244229916531615829e-10
3.108882521489971129e+00 1.224601343267293071e-10
3.131805157593122946e+00 1.205826159333428619e-10
3.154727793696275207e+00 1.188083753887128754e-10
3.177650429799427023e+00 1.171484025896575340e-10
3.200573065902578840e+00 1.156069273798084620e-10
3.223495702005730656e+00 1.141819307976560706e-10
3.246418338108882473e+00 1.128659430587620942e-10
3.269340974212034290e+00 1.116470789011788235e-10
3.292263610315186106e+00 1.105102495613597345e-10
3.315186246418337923e+00 1.094384818824149333e-10
3.338108882521489740e+00 1.084142691362682535e-10
3.361031518624641556e+00 1.074208755216981176e-10
3.383954154727793817e+00 1.064435176094859758e-10
3.406876790830945634e+00 1.054703518847874747e-10
3.429799426934097450e+00 1.044932083991123543e-10
3.452722063037249267e+00 1.035080263309415449e-10
3.475644699140401084e+00 1.025149672610953546e-10
3.498567335243552900e+00 1.015182048085089223e-10
3.521489971346704717e+00 1.005254129882617602e-10
3.544412607449856534e+00 9.954699797483171829e-11
3.567335243553008350e+00 9.859513662518850706e-11
3.590257879656160167e+00 9.768269824373484112e-11
3.613180515759312428e+00 9.682213240006768473e-11
3.636103151862464244e+00 9.602440469519286062e-11
3.659025787965616061e+00 9.529805460540900316e-11
3.681948424068767878e+00 9.464843604806284426e-11
3.704871060171919694e+00 9.407718378147426527e-11
3.727793696275071511e+00 9.358192912792552091e-11
3.750716332378223328e+00 9.315626876966923469e-11
3.773638968481375144e+00 9.278997228105716048e-11
3.796561604584526961e+00 9.246939901901754184e-11
3.819484240687678778e+00 9.217808393203057314e-11
3.842406876790831038e+00 9.189744522622516600e-11
3.865329512893982855e+00 9.160756469065881793e-11
3.888252148997134672e+00 9.128799355204148406e-11
3.911174785100286488e+00 9.091854249732851992e-11
3.934097421203438305e+00 9.048002331551800311e-11
3.957020057306590122e+00 8.995492068485177415e-11
3.979942693409741938e+00 8.932798502322465642e-11
4.002865329512893311e+00 8.858674984978960922e-11
4.025787965616045128e+00 8.772198830912485808e-11
4.048710601719197832e+00 8.672813166427106890e-11
4.071633237822349649e+00 8.560367586978699495e-11
4.094555873925501466e+00 8.435159924839701014e-11
4.117478510028653282e+00 8.297980398647942005e-11
4.140401146131805099e+00 8.150157697407360257e-11
4.163323782234956916e+00 7.993604324899997035e-11
4.186246418338108732e+00 7.830856122849831927e-11
4.209169054441260549e+00 7.665098737245735062e-11
4.232091690544412366e+00 7.500172361866927183e-11
4.255014326647564182e+00 7.340545797769754034e-11
4.277936962750716887e+00 7.191251967833976276e-11
4.300859598853868704e+00 7.057779562457683888e-11
4.323782234957020520e+00 6.945919260898817452e-11
4.346704871060172337e+00 6.861567543611813955e-11
4.369627507163324154e+00 6.810495898712898168e-11
4.392550143266475970e+00 6.798097585484994110e-11
4.415472779369627787e+00 6.829127451563351955e-11
4.438395415472779604e+00 6.907452151509788437e-11
4.461318051575931420e+00 7.035828233686337860e-11
4.484240687679083237e+00 7.215723935996217277e-11
4.507163323782235054e+00 7.447197370045970673e-11
4.530085959885386870e+00 7.728839468943428582e-11
4.553008595988538687e+00 8.057785131685224589e-11
4.575931232091690504e+00 8.429790960541563305e-11
4.598853868194842320e+00 8.839373366170045009e-11
4.621776504297994137e+00 9.279997023629466353e-11
4.644699140401145954e+00 9.744300982855913514e-11
4.667621776504297770e+00 1.022434830106632513e-10
4.690544412607449587e+00 1.071188485799439480e-10
4.713467048710601404e+00 1.119859390072075162e-10
4.736389684813753220e+00 1.167633461705207744e-10
4.759312320916905037e+00 1.213735537931502140e-10
4.782234957020056854e+00 1.257447494744020577e-10
4.805157593123208670e+00 1.298122760643986061e-10
4.828080229226360487e+00 1.335197071952635448e-10
4.851002865329512304e+00 1.368195534412194759e-10
4.873925501432664120e+00 1.396736228700183621e-10
4.896848137535815937e+00 1.420530722899186163e-10
4.919770773638967754e+00 1.439381934049028483e-10
4.942693409742119570e+00 1.453179818448466957e-10
4.965616045845272275e+00 1.461895373435005002e-10
4.988538681948424092e+00 1.465573410043077165e-10
5.011461318051575908e+00 1.464324514306968197e-10
5.034383954154727725e+00 1.458316562373206525e-10
5.057306590257879542e+00 1.447766097155440752e-10
5.080229226361031358e+00 1.432929816742859042e-10
5.103151862464183175e+00 1.414096370506684281e-10
5.126074498567334992e+00 1.391578609930620875e-10
5.148997134670486808e+00 1.365706398680391088e-10
5.171919770773638625e+00 1.336820050601537743e-10
5.194842406876790442e+00 1.305264434929230621e-10
5.217765042979942258e+00 1.271383764414795079e-10
5.240687679083094075e+00 1.235517063565139055e-10
5.263610315186245892e+00 1.197994299958688886e-10
5.286532951289397708e+00 1.159133150892058046e-10
5.309455587392550413e+00 1.119236369760393683e-10
5.332378223495702230e+00 1.078589711022226410e-10
5.355300859598854046e+00 1.037460368894392820e-10
5.378223495702005863e+00 9.960958827074625730e-11
5.401146131805157680e+00 9.547234608490922849e-11
5.424068767908309496e+00 9.135496752151328894e-11
5.446991404011461313e+00 8.727604789035409611e-11
5.469914040114613130e+00 8.325215013821665599e-11
5.492836676217764946e+00 7.929785774163024350e-11
5.515759312320916763e+00 7.542584685462509311e-11
5.538681948424068580e+00 7.164697387583280106e-11
5.561604584527220396e+00 6.797037491003935428e-11
5.584527220630372213e+00 6.440357392667573810e-11
5.607449856733524030e+00 6.095259675352491542e-11
5.630372492836675846e+00 5.762208838068404747e-11
5.653295128939827663e+00 5.441543138094422458e-11
5.676217765042979480e+00 5.133486357257321937e-11
5.699140401146131296e+00 4.838159335433603145e-11
5.722063037249283113e+00 4.555591142679784144e-11
5.744985673352435818e+00 4.285729787584738791e-11
5.767908309455587634e+00 4.028452383219847332e-11
5.790830945558739451e+00 3.783574713346174926e-11
5.813753581661891268e+00 3.550860160305984054e-11
5.836676217765043084e+00 3.330027972322135791e-11
5.859598853868194901e+00 3.120760861849998219e-11
5.882521489971346718e+00 2.922711938305809062e-11
5.905444126074498534e+00 2.735510988095729831e-11
5.928366762177650351e+00 2.558770122572323294e-11
5.951289398280802168e+00 2.392088820540741420e-11
5.974212034383953984e+00 2.235058396419927751e-11
5.997134670487105801e+00 2.087265928325951396e-11
6.020057306590257618e+00 1.948297682369368030e-11
6.042979942693409434e+00 1.817742070520066173e-11
6.065902578796561251e+00 1.695192179652052752e-11
6.088825214899713067e+00 1.580247908983769138e-11
6.111747851002864884e+00 1.472517752208306495e-11
6.134670487106016701e+00 1.371620259278869349e-11
6.157593123209168517e+00 1.277185211179678577e-11
6.180515759312320334e+00 1.188854539159015572e-11
6.203438395415473039e+00 1.106283017903581232e-11
6.226361031518624856e+00 1.029138760054333696e-11
6.249283667621776672e+00 9.571035373546696710e-12
6.272206303724928489e+00 8.898729516240737831e-12
6.295128939828080306e+00 8.271564766967830962e-12
6.318051575931232122e+00 7.686773904813606526e-12
6.340974212034383939e+00 7.141726144021091178e-12
6.363896848137535756e+00 6.633924756904917209e-12
6.386819484240687572e+00 6.161004063130964752e-12
6.409742120343839389e+00 5.720725907571701595e-12
6.432664756446991206e+00 5.310975734473961291e-12
6.455587392550143022e+00 4.929758352378663314e-12
6.478510028653294839e+00 4.575193472086802767e-12
6.501432664756446655e+00 4.245511088933636856e-12
6.524355300859598472e+00 3.939046770663579571e-12
6.547277936962750289e+00 3.654236903234028016e-12
6.570200573065902105e+00 3.389613938854784906e-12
6.593123209169053922e+00 3.143801683425654602e-12
6.616045845272205739e+00 2.915510654201822588e-12
6.638968481375357555e+00 2.703533532929202605e-12
6.661891117478510260e+00 2.506740734785651149e-12
6.684813753581662077e+00 2.324076109176935686e-12
6.707736389684813894e+00 2.154552784709495234e-12
6.730659025787965710e+00 1.997249167439988572e-12
6.753581661891117527e+00 1.851305098731528742e-12
6.776504297994269344e+00 1.715918176680690428e-12
6.799426934097421160e+00 1.590340243072489203e-12
6.822349570200572977e+00 1.473874036131740846e-12
6.845272206303724793e+00 1.365870007930934926e-12
6.868194842406876610e+00 1.265723304152838525e-12
6.891117478510028427e+00 1.172870902959696806e-12
6.914040114613180243e+00 1.086788908962276995e-12
6.936962750716332060e+00 1.006989997686141096e-12
6.959885386819483877e+00 9.330210054771887130e-13
6.982808022922635693e+00 8.644606594537779583e-13
7.005730659025787510e+00 8.009174418810047150e-13
7.028653295128939327e+00 7.420275831984051889e-13
7.051575931232091143e+00 6.874531778617339988e-13
7.074498567335242960e+00 6.368804171504490303e-13
7.097421203438395665e+00 5.900179331346269834e-13
7.120343839541547482e+00 5.465952480789743023e-13
7.143266475644699298e+00 5.063613236794021461e-13
7.166189111747851115e+00 4.690832046724949706e-13
7.189111747851002931e+00 4.345447515239584026e-13
7.212034383954154748e+00 4.025454570839054825e-13
7.234957020057306565e+00 3.728993422901071812e-13
7.257879656160458381e+00 3.454339262014800591e-13
7.280802292263610198e+00 3.199892658499531538e-13
7.303724928366762015e+00 2.964170616068559076e-13
7.326647564469913831e+00 2.745798239679066228e-13
7.349570200573065648e+00 2.543500978669833512e-13
7.372492836676217465e+00 2.356097408316600946e-13
7.395415472779369281e+00 2.182492514918210428e-13
7.418338108882521098e+00 2.021671451456079344e-13
7.441260744985672915e+00 1.872693732737897896e-13
7.464183381088824731e+00 1.734687840738453666e-13
7.487106017191976548e+00 1.606846212582353442e-13
7.510028653295128365e+00 1.488420585272659912e-13
7.532951289398280181e+00 1.378717672854658287e-13
7.555873925501432886e+00 1.277095153214628745e-13
7.578796561604584703e+00 1.182957943149888508e-13
7.601719197707736519e+00 1.095754741709188124e-13
7.624641833810888336e+00 1.014974823093487830e-13
7.647564469914040153e+00 9.401450616274015374e-14
7.670487106017191969e+00 8.708271724637825246e-14
7.693409742120343786e+00 8.066151527698962999e-14
7.716332378223495603e+00 7.471329091660373160e-14
7.739255014326647419e+00 6.920320581487774767e-14
7.762177650429799236e+00 6.409898871339559826e-14
7.785100286532951053e+00 5.937074646016765351e-14
7.808022922636102869e+00 5.499078886196774188e-14
7.830945558739254686e+00 5.093346637651188541e-14
7.853868194842406503e+00 4.717501971607245836e-14
7.876790830945558319e+00 4.369344049918940142e-14
7.899713467048710136e+00 4.046834214793444068e-14
7.922636103151861953e+00 3.748084028495042581e-14
7.945558739255013769e+00 3.471344193745663665e-14
7.968481375358165586e+00 3.214994290480849989e-14
7.991404011461317403e+00 2.977533269224204969e-14
8.014326647564470107e+00 2.757570645632442963e-14
8.037249283667621924e+00 2.553818344756889925e-14
8.060171919770773741e+00 2.365083147284105643e-14
8.083094555873925557e+00 2.190259693476326632e-14
8.106017191977077374e+00 2.028324003747737450e-14
8.128939828080229191e+00 1.878327477801740041e-14
8.151862464183381007e+00 1.739391337031878781e-14
8.174785100286532824e+00 1.610701477469209075e-14
8.197707736389684641e+00 1.491503702954859488e-14
8.220630372492836457e+00 1.381099310440869535e-14
8.243553008595988274e+00 1.278841001386780619e-14
8.266475644699140091e+00 1.184129095134905884e-14
8.289398280802291907e+00 1.096408021924069813e-14
8.312320916905443724e+00 1.015163074849451055e-14
8.335243553008595541e+00 9.399174016041395113e-15
8.358166189111747357e+00 8.702292182544489044e-15
8.381088825214899174e+00 8.056892286139030972e-15
8.404011461318050991e+00 7.459182339974522379e-15
8.426934097421202807e+00 6.905649192647473064e-15
8.449856733524356400e+00 6.393038021056466789e-15
8.472779369627506441e+00 5.918333334885172085e-15
8.495702005730660034e+00 5.478741380877446935e-15
8.518624641833810074e+00 5.071673843368337391e-15
8.541547277936963667e+00 4.694732745214275097e-15
8.564469914040113707e+00 4.345696460383821297e-15
8.587392550143267300e+00 4.022506756052287350e-15
8.610315186246417340e+00 3.723256788144716952e-15
8.633237822349570934e+00 3.446179979912253744e-15
8.656160458452720974e+00 3.189639718354941366e-15
8.679083094555874567e+00 2.952119808136841858e-15
8.702005730659024607e+00 2.732215627118348355e-15
8.724928366762178200e+00 2.528625931770809494e-15
8.747851002865328240e+00 2.340145264575479274e-15
8.770773638968481833e+00 2.165656919055407237e-15
8.793696275071631874e+00 2.004126421375572596e-15
8.816618911174785467e+00 1.854595490484624692e-15
8.839541547277935507e+00 1.716176441586981127e-15
8.862464183381089100e+00 1.588047000336537121e-15
8.885386819484239140e+00 1.469445497555089181e-15
8.908309455587392733e+00 1.359666416508120729e-15
8.931232091690544550e+00 1.258056266836934855e-15
8.954154727793696367e+00 1.164009761156485864e-15
8.977077363896848183e+00 1.076966272098582908e-15
9.000000000000000000e+00 9.964065492176456033e-16
