# log10(T) rate(cm^3/s)
# Total Recomb Rates
1.000000000000000000e+00 3.486418888714278701e-09
1.022922636103151817e+00 3.389399851149878508e-09
1.045845272206303633e+00 3.294957215025122783e-09
1.068767908309455672e+00 3.203024472103338139e-09
1.091690544412607489e+00 3.113536838758085472e-09
1.114613180515759305e+00 3.026431210417107142e-09
1.137535816618911122e+00 2.941646117187023594e-09
1.160458452722062939e+00 2.859121680629215184e-09
1.183381088825214977e+00 2.778799571658053663e-09
1.206303724928366794e+00 2.700622969533532506e-09
1.229226361031518611e+00 2.624536521921098356e-09
1.252148997134670427e+00 2.550486305992225406e-09
1.275071633237822244e+00 2.478419790540036344e-09
1.297994269340974283e+00 2.408285799084965847e-09
1.320916905444126099e+00 2.340034473946151234e-09
1.343839541547277916e+00 2.273617241254914841e-09
1.366762177650429733e+00 2.208986776887325111e-09
1.389684813753581771e+00 2.146096973293464906e-09
1.412607449856733588e+00 2.084902907201619082e-09
1.435530085959885405e+00 2.025360808176187325e-09
1.458452722063037221e+00 1.967428028008661328e-09
1.481375358166189038e+00 1.911063010921589821e-09
1.504297994269340855e+00 1.856225264565893557e-09
1.527220630372492671e+00 1.802875331792480290e-09
1.550143266475644710e+00 1.750974763179504545e-09
1.573065902578796527e+00 1.700486090297136865e-09
1.595988538681948565e+00 1.651372799692095168e-09
1.618911174785100382e+00 1.603599307574647871e-09
1.641833810888252199e+00 1.557130935191182643e-09
1.664756446991404015e+00 1.511933884865816836e-09
1.687679083094555832e+00 1.467975216694912324e-09
1.710601719197707649e+00 1.425222825878680295e-09
1.733524355300859465e+00 1.383645420674421800e-09
1.756446991404011282e+00 1.343212500956264968e-09
1.779369627507163321e+00 1.303894337366557641e-09
1.802292263610315137e+00 1.265661951044381855e-09
1.825214899713467176e+00 1.228487093916920879e-09
1.848137535816618993e+00 1.192342229539707539e-09
1.871060171919770809e+00 1.157200514471993879e-09
1.893982808022922626e+00 1.123035780173786408e-09
1.916905444126074443e+00 1.089822515411281854e-09
1.939828080229226259e+00 1.057535849157691258e-09
1.962750716332378076e+00 1.026151533976668116e-09
1.985673352435529893e+00 9.956459298757407578e-10
2.008595988538681709e+00 9.659959886173999670e-10
2.031518624641833526e+00 9.371792384756595625e-10
2.054441260744985343e+00 9.091737694261228914e-10
2.077363896848137603e+00 8.819582187577860167e-10
2.100286532951289420e+00 8.555117570949930343e-10
2.123209169054441237e+00 8.298140748181405248e-10
2.146131805157593053e+00 8.048453688719451778e-10
2.169054441260744870e+00 7.805863299502323461e-10
2.191977077363897131e+00 7.570181300464281808e-10
2.214899713467048947e+00 7.341224103591030169e-10
2.237822349570200764e+00 7.118812695420960753e-10
2.260744985673352581e+00 6.902772522889637177e-10
2.283667621776504397e+00 6.692933382416493107e-10
2.306590257879656214e+00 6.489129312134922694e-10
2.329512893982808031e+00 6.291198487168636288e-10
2.352435530085959847e+00 6.098983117859263199e-10
2.375358166189111664e+00 5.912329350852051651e-10
2.398280802292263481e+00 5.731087172948522014e-10
2.421203438395415297e+00 5.555110317637016966e-10
2.444126074498567114e+00 5.384256174213981339e-10
2.467048710601718930e+00 5.218385699411055348e-10
2.489971346704870747e+00 5.057363331445024295e-10
2.512893982808022564e+00 4.901056906409873308e-10
2.535816618911174825e+00 4.749337576932697898e-10
2.558739255014326641e+00 4.602079733018578439e-10
2.581661891117478458e+00 4.459160925016249054e-10
2.604584527220630275e+00 4.320461788653908517e-10
2.627507163323782091e+00 4.185865972142292506e-10
2.650429799426934352e+00 4.055260065469477208e-10
2.673352435530086169e+00 3.928533532327290321e-10
2.696275071633237985e+00 3.805578645829270346e-10
2.719197707736389802e+00 3.686290430692247756e-10
2.742120343839541619e+00 3.570566617468915776e-10
2.765042979942693435e+00 3.458307619575497082e-10
2.787965616045845252e+00 3.349416552200895106e-10
2.810888252148997069e+00 3.243799324456848186e-10
2.833810888252148885e+00 3.141364852360543607e-10
2.856733524355300702e+00 3.042025459087626536e-10
2.879656160458452518e+00 2.945697547081358780e-10
2.902578796561604335e+00 2.852302638543357211e-10
2.925501432664756152e+00 2.761768879312409571e-10
2.948424068767907968e+00 2.674033078501680698e-10
2.971346704871059785e+00 2.589043306554555499e-10
2.994269340974212046e+00 2.506761995802428919e-10
3.017191977077363862e+00 2.427169384624070871e-10
3.040114613180515679e+00 2.350267030565068579e-10
3.063037249283667496e+00 2.276081007312778270e-10
3.085959885386819312e+00 2.204664316989059961e-10
3.108882521489971129e+00 2.136098014194378345e-10
3.131805157593122946e+00 2.070490568010841721e-10
3.154727793696275207e+00 2.007975090222099777e-10
3.177650429799427023e+00 1.948704228608766609e-10
3.200573065902578840e+00 1.892842748386059833e-10
3.223495702005730656e+00 1.840558078702356463e-10
3.246418338108882473e+00 1.792009355400257829e-10
3.269340974212034290e+00 1.747335715827437271e-10
3.292263610315186106e+00 1.706644769198566431e-10
3.315186246418337923e+00 1.670002255341293519e-10
3.338108882521489740e+00 1.637423901165717120e-10
3.361031518624641556e+00 1.608870380980879388e-10
3.383954154727793817e+00 1.584246084702853994e-10
3.406876790830945634e+00 1.563402106160551737e-10
3.429799426934097450e+00 1.546143500316660897e-10
3.452722063037249267e+00 1.532240451337511153e-10
3.475644699140401084e+00 1.521442580676343903e-10
3.498567335243552900e+00 1.513495250584193755e-10
3.521489971346704717e+00 1.508156431241245266e-10
3.544412607449856534e+00 1.505212542341224356e-10
3.567335243553008350e+00 1.504491683930378335e-10
3.590257879656160167e+00 1.505872849369042108e-10
3.613180515759312428e+00 1.509290055323936597e-10
3.636103151862464244e+00 1.514730796425886883e-10
3.659025787965616061e+00 1.522228783193147089e-10
3.681948424068767878e+00 1.531851487012101885e-10
3.704871060171919694e+00 1.543683529462649305e-10
3.727793696275071511e+00 1.557807357005671991e-10
3.750716332378223328e+00 1.574282893791460214e-10
3.773638968481375144e+00 1.593127943594841001e-10
3.796561604584526961e+00 1.614301017029250099e-10
3.819484240687678778e+00 1.637688012281748442e-10
3.842406876790831038e+00 1.663093811558184322e-10
3.865329512893982855e+00 1.690239414951946934e-10
3.888252148997134672e+00 1.718764764961266851e-10
3.911174785100286488e+00 1.748236962260857656e-10
3.934097421203438305e+00 1.778163174125565111e-10
3.957020057306590122e+00 1.808007219978722606e-10
3.979942693409741938e+00 1.837208603024941779e-10
4.002865329512893311e+00 1.865202652041115567e-10
4.025787965616045128e+00 1.891440442864584758e-10
4.048710601719197832e+00 1.915407276007082331e-10
4.071633237822349649e+00 1.936638678779619763e-10
4.094555873925501466e+00 1.954733155182092204e-10
4.117478510028653282e+00 1.969361198703735375e-10
4.140401146131805099e+00 1.980270384886979403e-10
4.163323782234956916e+00 1.987286646058794509e-10
4.186246418338108732e+00 1.990312077719469087e-10
4.209169054441260549e+00 1.989319818001660356e-10
4.232091690544412366e+00 1.984346668517739317e-10
4.255014326647564182e+00 1.975484184146813673e-10
4.277936962750716887e+00 1.962868954913099986e-10
4.300859598853868704e+00 1.946672744578327091e-10
4.323782234957020520e+00 1.927093051181955328e-10
4.346704871060172337e+00 1.904344529666712520e-10
4.369627507163324154e+00 1.878651581161537126e-10
4.392550143266475970e+00 1.850242281270500912e-10
4.415472779369627787e+00 1.819343702090916274e-10
4.438395415472779604e+00 1.786178587628203941e-10
4.461318051575931420e+00 1.750963274096555124e-10
4.484240687679083237e+00 1.713906705852564700e-10
4.507163323782235054e+00 1.675210381412148251e-10
4.530085959885386870e+00 1.635069066121221030e-10
4.553008595988538687e+00 1.593672120425556841e-10
4.575931232091690504e+00 1.551205306336796077e-10
4.598853868194842320e+00 1.507852941477373924e-10
4.621776504297994137e+00 1.463800264441810916e-10
4.644699140401145954e+00 1.419235855596549003e-10
4.667621776504297770e+00 1.374353927078834566e-10
4.690544412607449587e+00 1.329356262333513768e-10
4.713467048710601404e+00 1.284453559779446386e-10
4.736389684813753220e+00 1.239865928597864440e-10
4.759312320916905037e+00 1.195822306693693346e-10
4.782234957020056854e+00 1.152558626691642359e-10
4.805157593123208670e+00 1.110314644476169965e-10
4.828080229226360487e+00 1.069329459008027242e-10
4.851002865329512304e+00 1.029835879356358288e-10
4.873925501432664120e+00 9.920539192625595817e-11
4.896848137535815937e+00 9.561838048053396574e-11
4.919770773638967754e+00 9.223989528473582663e-11
4.942693409742119570e+00 8.908394074075195212e-11
4.965616045845272275e+00 8.616062042560917481e-11
4.988538681948424092e+00 8.347570733130174788e-11
5.011461318051575908e+00 8.103037916521319343e-11
5.034383954154727725e+00 7.882113787620702201e-11
5.057306590257879542e+00 7.683991938407961832e-11
5.080229226361031358e+00 7.507438659445292480e-11
5.103151862464183175e+00 7.350838736540496062e-11
5.126074498567334992e+00 7.212255003930478320e-11
5.148997134670486808e+00 7.089498297042050053e-11
5.171919770773638625e+00 6.980204128704706858e-11
5.194842406876790442e+00 6.881912370821899198e-11
5.217765042979942258e+00 6.792146412339523813e-11
5.240687679083094075e+00 6.708488624047212413e-11
5.263610315186245892e+00 6.628649430063980509e-11
5.286532951289397708e+00 6.550527811814538275e-11
5.309455587392550413e+00 6.472261613883320080e-11
5.332378223495702230e+00 6.392266558192626979e-11
5.355300859598854046e+00 6.309263390790847730e-11
5.378223495702005863e+00 6.222293076906089061e-11
5.401146131805157680e+00 6.130720416870194245e-11
5.424068767908309496e+00 6.034226865461653170e-11
5.446991404011461313e+00 5.932793682635569482e-11
5.469914040114613130e+00 5.826676805438882304e-11
5.492836676217764946e+00 5.716374994215470345e-11
5.515759312320916763e+00 5.602592865929674085e-11
5.538681948424068580e+00 5.486200391924583856e-11
5.561604584527220396e+00 5.368190328287052333e-11
5.584527220630372213e+00 5.249634895057418004e-11
5.607449856733524030e+00 5.131642859117751462e-11
5.630372492836675846e+00 5.015318032980103620e-11
5.653295128939827663e+00 4.901720094931427104e-11
5.676217765042979480e+00 4.791828567789548203e-11
5.699140401146131296e+00 4.686510752820829211e-11
5.722063037249283113e+00 4.586494381196294575e-11
5.744985673352435818e+00 4.492345692819455492e-11
5.767908309455587634e+00 4.404453559075546011e-11
5.790830945558739451e+00 4.323020117592613814e-11
5.813753581661891268e+00 4.248058180226538734e-11
5.836676217765043084e+00 4.179395418788246970e-11
5.859598853868194901e+00 4.116685045211618759e-11
5.882521489971346718e+00 4.059422409168225729e-11
5.905444126074498534e+00 4.006966664023467741e-11
5.928366762177650351e+00 3.958566426854517487e-11
5.951289398280802168e+00 3.913388199788194911e-11
5.974212034383953984e+00 3.870546240133833857e-11
5.997134670487105801e+00 3.829132569028535553e-11
6.020057306590257618e+00 3.788245887778675319e-11
6.042979942693409434e+00 3.747018316288727844e-11
6.065902578796561251e+00 3.704639062814595890e-11
6.088825214899713067e+00 3.660374360314696760e-11
6.111747851002864884e+00 3.613583243246400418e-11
6.134670487106016701e+00 3.563728972691722144e-11
6.157593123209168517e+00 3.510386132971340335e-11
6.180515759312320334e+00 3.453243608791385404e-11
6.203438395415473039e+00 3.392103801669412911e-11
6.226361031518624856e+00 3.326878554777993479e-11
6.249283667621776672e+00 3.257582326500351493e-11
6.272206303724928489e+00 3.184323187542044897e-11
6.295128939828080306e+00 3.107292218851632516e-11
6.318051575931232122e+00 3.026751863467894442e-11
6.340974212034383939e+00 2.943023740823843146e-11
6.363896848137535756e+00 2.856476373065121604e-11
6.386819484240687572e+00 2.767513205227302225e-11
6.409742120343839389e+00 2.676561229617314785e-11
6.432664756446991206e+00 2.584060453569632477e-11
6.455587392550143022e+00 2.490454382108059633e-11
6.478510028653294839e+00 2.396181625268382671e-11
6.501432664756446655e+00 2.301668685445607401e-11
6.524355300859598472e+00 2.207323933939721364e-11
6.547277936962750289e+00 2.113532748123737715e-11
6.570200573065902105e+00 2.020653751132928399e-11
6.593123209169053922e+00 1.929016074129127721e-11
6.616045845272205739e+00 1.838917546261174613e-11
6.638968481375357555e+00 1.750623708525408899e-11
6.661891117478510260e+00 1.664367543879237218e-11
6.684813753581662077e+00 1.580349816232321520e-11
6.707736389684813894e+00 1.498739914439026228e-11
6.730659025787965710e+00 1.419677103325520727e-11
6.753581661891117527e+00 1.343272091383035589e-11
6.776504297994269344e+00 1.269608833427124561e-11
6.799426934097421160e+00 1.198746495746348661e-11
6.822349570200572977e+00 1.130721520628011436e-11
6.845272206303724793e+00 1.065549736330367551e-11
6.868194842406876610e+00 1.003228467329141120e-11
6.891117478510028427e+00 9.437386078311620202e-12
6.914040114613180243e+00 8.870466290092471831e-12
6.936962750716332060e+00 8.331064971089062891e-12
6.959885386819483877e+00 7.818614854869415483e-12
6.982808022922635693e+00 7.332458687725387420e-12
7.005730659025787510e+00 6.871864917234033579e-12
7.028653295128939327e+00 6.436042090290086771e-12
7.051575931232091143e+00 6.024151953464596567e-12
7.074498567335242960e+00 5.635321273040756270e-12
7.097421203438395665e+00 5.268652411381444563e-12
7.120343839541547482e+00 4.923232711036697065e-12
7.143266475644699298e+00 4.598142748823393342e-12
7.166189111747851115e+00 4.292463529588818460e-12
7.189111747851002931e+00 4.005282694042157339e-12
7.212034383954154748e+00 3.735699817393981195e-12
7.234957020057306565e+00 3.482830876019218704e-12
7.257879656160458381e+00 3.245811958339352809e-12
7.280802292263610198e+00 3.023802293939000684e-12
7.303724928366762015e+00 2.815986671878038714e-12
7.326647564469913831e+00 2.621577315476263180e-12
7.349570200573065648e+00 2.439815276736989719e-12
7.372492836676217465e+00 2.269971409206951045e-12
7.395415472779369281e+00 2.111346973578927291e-12
7.418338108882521098e+00 1.963273925839791298e-12
7.441260744985672915e+00 1.825114933335474497e-12
7.464183381088824731e+00 1.696263159830943317e-12
7.487106017191976548e+00 1.576141856535685735e-12
7.510028653295128365e+00 1.464203792177482329e-12
7.532951289398280181e+00 1.359930551561451593e-12
7.555873925501432886e+00 1.262831728660340619e-12
7.578796561604584703e+00 1.172444037150839014e-12
7.601719197707736519e+00 1.088330358438347985e-12
7.624641833810888336e+00 1.010078744593945111e-12
7.647564469914040153e+00 9.373013912528362945e-13
7.670487106017191969e+00 8.696335933824429772e-13
7.693409742120343786e+00 8.067326949069532250e-13
7.716332378223495603e+00 7.482770414596817094e-13
7.739255014326647419e+00 6.939649440100660388e-13
7.762177650429799236e+00 6.435136597638204712e-13
7.785100286532951053e+00 5.966583955478615981e-13
7.808022922636102869e+00 5.531513378518700163e-13
7.830945558739254686e+00 5.127607127920178142e-13
7.853868194842406503e+00 4.752698784764458220e-13
7.876790830945558319e+00 4.404764515742812437e-13
7.899713467048710136e+00 4.081914693089284139e-13
7.922636103151861953e+00 3.782385876014639756e-13
7.945558739255013769e+00 3.504533156715024862e-13
7.968481375358165586e+00 3.246822870519547673e-13
7.991404011461317403e+00 3.007825666825896149e-13
8.014326647564470107e+00 2.786209935078658436e-13
8.037249283667621924e+00 2.580735578105226364e-13
8.060171919770773741e+00 2.390248123579108045e-13
8.083094555873925557e+00 2.213673163177545594e-13
8.106017191977077374e+00 2.050011108091030251e-13
8.128939828080229191e+00 1.898332248885409250e-13
8.151862464183381007e+00 1.757772107274669727e-13
8.174785100286532824e+00 1.627527067101581770e-13
8.197707736389684641e+00 1.506850271714980125e-13
8.220630372492836457e+00 1.395047774951242212e-13
8.243553008595988274e+00 1.291474933051237754e-13
8.266475644699140091e+00 1.195533025053394534e-13
8.289398280802291907e+00 1.106666089481794574e-13
8.312320916905443724e+00 1.024357965480953217e-13
8.335243553008595541e+00 9.481295269237065841e-14
8.358166189111747357e+00 8.775360984248468320e-14
8.381088825214899174e+00 8.121650426217011363e-14
8.404011461318050991e+00 7.516335085261721915e-14
8.426934097421202807e+00 6.955863312043300480e-14
8.449856733524356400e+00 6.436940734941341146e-14
8.472779369627506441e+00 5.956512009248576247e-14
8.495702005730660034e+00 5.511743814494192965e-14
8.518624641833810074e+00 5.100009020406891295e-14
8.541547277936963667e+00 4.718871946315722866e-14
8.564469914040113707e+00 4.366074642958563343e-14
8.587392550143267300e+00 4.039524129693803818e-14
8.610315186246417340e+00 3.737280523996964071e-14
8.633237822349570934e+00 3.457546003847240513e-14
8.656160458452720974e+00 3.198654547179888360e-14
8.679083094555874567e+00 2.959062395982749001e-14
8.702005730659024607e+00 2.737339195861366147e-14
8.724928366762178200e+00 2.532159764976442793e-14
8.747851002865328240e+00 2.342296449182809430e-14
8.770773638968481833e+00 2.166612022964109381e-14
8.793696275071631874e+00 2.004053098375164387e-14
8.816618911174785467e+00 1.853644006670688546e-14
8.839541547277935507e+00 1.714481119627734488e-14
8.862464183381089100e+00 1.585727579757935147e-14
8.885386819484239140e+00 1.466608410666922289e-14
8.908309455587392733e+00 1.356405980751531593e-14
8.931232091690544550e+00 1.254455795242369234e-14
8.954154727793696367e+00 1.160142593300403400e-14
8.977077363896848183e+00 1.072896728471943311e-14
9.000000000000000000e+00 9.921908122986325134e-15
