# log10(T) rate(cm^3/s)
# Total Recomb Rates
1.000000000000000000e+00 1.159520118695596000e-09
1.022922636103151817e+00 1.128093788221927408e-09
1.045845272206303633e+00 1.097489715662795396e-09
1.068767908309455672e+00 1.067686565462562668e-09
1.091690544412607489e+00 1.038663559000262632e-09
1.114613180515759305e+00 1.010400460078344475e-09
1.137535816618911122e+00 9.828775607878520096e-10
1.160458452722062939e+00 9.560756677401676053e-10
1.183381088825214977e+00 9.299760886556993446e-10
1.206303724928366794e+00 9.045606193001553622e-10
1.229226361031518611e+00 8.798115307592723685e-10
1.252148997134670427e+00 8.557115570431165032e-10
1.275071633237822244e+00 8.322438830113083465e-10
1.297994269340974283e+00 8.093921326107341219e-10
1.320916905444126099e+00 7.871403574175453165e-10
1.343839541547277916e+00 7.654730254754376464e-10
1.366762177650429733e+00 7.443750104224433821e-10
1.389684813753581771e+00 7.238315808986396897e-10
1.412607449856733588e+00 7.038283902273992937e-10
1.435530085959885405e+00 6.843514663629909190e-10
1.458452722063037221e+00 6.653872020975341483e-10
1.481375358166189038e+00 6.469223455204910738e-10
1.504297994269340855e+00 6.289439907240599260e-10
1.527220630372492671e+00 6.114395687480156733e-10
1.550143266475644710e+00 5.943968387577050222e-10
1.573065902578796527e+00 5.778038794490837807e-10
1.595988538681948565e+00 5.616490806748298210e-10
1.618911174785100382e+00 5.459211352857488216e-10
1.641833810888252199e+00 5.306090311818171484e-10
1.664756446991404015e+00 5.157020435673894550e-10
1.687679083094555832e+00 5.011897274052150064e-10
1.710601719197707649e+00 4.870619100640865419e-10
1.733524355300859465e+00 4.733086841550524028e-10
1.756446991404011282e+00 4.599204005512907767e-10
1.779369627507163321e+00 4.468876615868611810e-10
1.802292263610315137e+00 4.342013144296923395e-10
1.825214899713467176e+00 4.218524446242857562e-10
1.848137535816618993e+00 4.098323697997495318e-10
1.871060171919770809e+00 3.981326335388939137e-10
1.893982808022922626e+00 3.867449994042424390e-10
1.916905444126074443e+00 3.756614451169364024e-10
1.939828080229226259e+00 3.648741568846109846e-10
1.962750716332378076e+00 3.543755238744552276e-10
1.985673352435529893e+00 3.441581328277558243e-10
2.008595988538681709e+00 3.342147628123490294e-10
2.031518624641833526e+00 3.245383801094986733e-10
2.054441260744985343e+00 3.151221332318294158e-10
2.077363896848137603e+00 3.059593480690333994e-10
2.100286532951289420e+00 2.970435231581795649e-10
2.123209169054441237e+00 2.883683250755325930e-10
2.146131805157593053e+00 2.799275839468972642e-10
2.169054441260744870e+00 2.717152890735821431e-10
2.191977077363897131e+00 2.637255846711687271e-10
2.214899713467048947e+00 2.559527657183559998e-10
2.237822349570200764e+00 2.483912739132316553e-10
2.260744985673352581e+00 2.410356937344033021e-10
2.283667621776504397e+00 2.338807486044966283e-10
2.306590257879656214e+00 2.269212971536065567e-10
2.329512893982808031e+00 2.201523295803555051e-10
2.352435530085959847e+00 2.135689641082864873e-10
2.375358166189111664e+00 2.071664435353808791e-10
2.398280802292263481e+00 2.009401318745620974e-10
2.421203438395415297e+00 1.948855110831023499e-10
2.444126074498567114e+00 1.889981778789115262e-10
2.467048710601718930e+00 1.832738406417451734e-10
2.489971346704870747e+00 1.777083163974225539e-10
2.512893982808022564e+00 1.722975278831944300e-10
2.535816618911174825e+00 1.670375006924547887e-10
2.558739255014326641e+00 1.619243604970339904e-10
2.581661891117478458e+00 1.569543303453540225e-10
2.604584527220630275e+00 1.521237280347730385e-10
2.627507163323782091e+00 1.474289635564804362e-10
2.650429799426934352e+00 1.428665366113438944e-10
2.673352435530086169e+00 1.384330341951427509e-10
2.696275071633237985e+00 1.341251282516546426e-10
2.719197707736389802e+00 1.299395733920934315e-10
2.742120343839541619e+00 1.258732046794216648e-10
2.765042979942693435e+00 1.219229354760891769e-10
2.787965616045845252e+00 1.180857553537712812e-10
2.810888252148997069e+00 1.143587280637021958e-10
2.833810888252148885e+00 1.107389895662200459e-10
2.856733524355300702e+00 1.072237461181564270e-10
2.879656160458452518e+00 1.038102724167217310e-10
2.902578796561604335e+00 1.004959097985512315e-10
2.925501432664756152e+00 9.727806449259199315e-11
2.948424068767907968e+00 9.415420592552187645e-11
2.971346704871059785e+00 9.112186507840506570e-11
2.994269340974212046e+00 8.817863289329738975e-11
3.017191977077363862e+00 8.532215872852651702e-11
3.040114613180515679e+00 8.255014886137890546e-11
3.063037249283667496e+00 7.986036503693733027e-11
3.085959885386819312e+00 7.725062306181738739e-11
3.108882521489971129e+00 7.471879144156353340e-11
3.131805157593122946e+00 7.226279006047013324e-11
3.154727793696275207e+00 6.988058890260313353e-11
3.177650429799427023e+00 6.757020681280626372e-11
3.200573065902578840e+00 6.532971029648351273e-11
3.223495702005730656e+00 6.315721235696067940e-11
3.246418338108882473e+00 6.105087136923682097e-11
3.269340974212034290e+00 5.900888998894906472e-11
3.292263610315186106e+00 5.702951409538366308e-11
3.315186246418337923e+00 5.511103176738048021e-11
3.338108882521489740e+00 5.325177229098953684e-11
3.361031518624641556e+00 5.145010519775431776e-11
3.383954154727793817e+00 4.970443933251042819e-11
3.406876790830945634e+00 4.801322194960567191e-11
3.429799426934097450e+00 4.637493783646469770e-11
3.452722063037249267e+00 4.478810846344051507e-11
3.475644699140401084e+00 4.325129115891516830e-11
3.498567335243552900e+00 4.176307830863224647e-11
3.521489971346704717e+00 4.032209657826747536e-11
3.544412607449856534e+00 3.892700615826531182e-11
3.567335243553008350e+00 3.757650002999542056e-11
3.590257879656160167e+00 3.626930325230719213e-11
3.613180515759312428e+00 3.500417226758725403e-11
3.636103151862464244e+00 3.377989422645222359e-11
3.659025787965616061e+00 3.259528633023617085e-11
3.681948424068767878e+00 3.144919519046242597e-11
3.704871060171919694e+00 3.034049620451672688e-11
3.727793696275071511e+00 2.926809294677025919e-11
3.750716332378223328e+00 2.823091657443022349e-11
3.773638968481375144e+00 2.722792524742657201e-11
3.796561604584526961e+00 2.625810356167423969e-11
3.819484240687678778e+00 2.532046199508098114e-11
3.842406876790831038e+00 2.441403636570168613e-11
3.865329512893982855e+00 2.353788730147097153e-11
3.888252148997134672e+00 2.269109972097610757e-11
3.911174785100286488e+00 2.187278232476272574e-11
3.934097421203438305e+00 2.108206709669554350e-11
3.957020057306590122e+00 2.031810881492539601e-11
3.979942693409741938e+00 1.958008457204282580e-11
4.002865329512893311e+00 1.886719330402655406e-11
4.025787965616045128e+00 1.817865532762188843e-11
4.048710601719197832e+00 1.751371188581156804e-11
4.071633237822349649e+00 1.687162470106618395e-11
4.094555873925501466e+00 1.625167553608627757e-11
4.117478510028653282e+00 1.565316576177246922e-11
4.140401146131805099e+00 1.507541593218155347e-11
4.163323782234956916e+00 1.451776536624908384e-11
4.186246418338108732e+00 1.397957173607874232e-11
4.209169054441260549e+00 1.346021066161863384e-11
4.232091690544412366e+00 1.295907531156268670e-11
4.255014326647564182e+00 1.247557601033256401e-11
4.277936962750716887e+00 1.200913985101140942e-11
4.300859598853868704e+00 1.155921031411582882e-11
4.323782234957020520e+00 1.112524689210579769e-11
4.346704871060172337e+00 1.070672471954563056e-11
4.369627507163324154e+00 1.030313420883980854e-11
4.392550143266475970e+00 9.913980691478745737e-12
4.415472779369627787e+00 9.538784064738603371e-12
4.438395415472779604e+00 9.177078443787957028e-12
4.461318051575931420e+00 8.828411819161643101e-12
4.484240687679083237e+00 8.492345719568753721e-12
4.507163323782235054e+00 8.168454880007648012e-12
4.530085959885386870e+00 7.856326915166138564e-12
4.553008595988538687e+00 7.555561998090399950e-12
4.575931232091690504e+00 7.265772544113122295e-12
4.598853868194842320e+00 6.986582900042590877e-12
4.621776504297994137e+00 6.717629038637176011e-12
4.644699140401145954e+00 6.458558258434965176e-12
4.667621776504297770e+00 6.209028889098446576e-12
4.690544412607449587e+00 5.968710002605763443e-12
4.713467048710601404e+00 5.737281130936308728e-12
4.736389684813753220e+00 5.514431991471584418e-12
4.759312320916905037e+00 5.299862222364237515e-12
4.782234957020056854e+00 5.093281131982752705e-12
4.805157593123208670e+00 4.894407469836401059e-12
4.828080229226360487e+00 4.702969232095053311e-12
4.851002865329512304e+00 4.518703524273534016e-12
4.873925501432664120e+00 4.341356518375718748e-12
4.896848137535815937e+00 4.170683563039788051e-12
4.919770773638967754e+00 4.006449533191957232e-12
4.942693409742119570e+00 3.848429538627138726e-12
4.965616045845272275e+00 3.696410144374715920e-12
4.988538681948424092e+00 3.550191282774351267e-12
5.011461318051575908e+00 3.409589049958529566e-12
5.034383954154727725e+00 3.274439571798205272e-12
5.057306590257879542e+00 3.144604095482299865e-12
5.080229226361031358e+00 3.019975419841698879e-12
5.103151862464183175e+00 2.900485735118683792e-12
5.126074498567334992e+00 2.786115919351732005e-12
5.148997134670486808e+00 2.676906347022949979e-12
5.171919770773638625e+00 2.572969303697882344e-12
5.194842406876790442e+00 2.474503141926131782e-12
5.217765042979942258e+00 2.381808307579460955e-12
5.240687679083094075e+00 2.295305245263627149e-12
5.263610315186245892e+00 2.215553893489984793e-12
5.286532951289397708e+00 2.143273971453562772e-12
5.309455587392550413e+00 2.079364559330247473e-12
5.332378223495702230e+00 2.024920669043614384e-12
5.355300859598854046e+00 1.981243740220257240e-12
5.378223495702005863e+00 1.949842462007164244e-12
5.401146131805157680e+00 1.932420199598548078e-12
5.424068767908309496e+00 1.930845732502412998e-12
5.446991404011461313e+00 1.947105042573480110e-12
5.469914040114613130e+00 1.983233469360655591e-12
5.492836676217764946e+00 2.041229517715407183e-12
5.515759312320916763e+00 2.122953714671362112e-12
5.538681948424068580e+00 2.230017884869534366e-12
5.561604584527220396e+00 2.363671769885579006e-12
5.584527220630372213e+00 2.524694835082803953e-12
5.607449856733524030e+00 2.713301255973522431e-12
5.630372492836675846e+00 2.929065429126490595e-12
5.653295128939827663e+00 3.170873989761521971e-12
5.676217765042979480e+00 3.436908404839175037e-12
5.699140401146131296e+00 3.724659968418399717e-12
5.722063037249283113e+00 4.030976698493874922e-12
5.744985673352435818e+00 4.352139452720163005e-12
5.767908309455587634e+00 4.683962736788928132e-12
5.790830945558739451e+00 5.021914309580766952e-12
5.813753581661891268e+00 5.361246865274771920e-12
5.836676217765043084e+00 5.697134803694226505e-12
5.859598853868194901e+00 6.024809342182272088e-12
5.882521489971346718e+00 6.339685891203109150e-12
5.905444126074498534e+00 6.637478603097927210e-12
5.928366762177650351e+00 6.914298190915241640e-12
5.951289398280802168e+00 7.166730387289583831e-12
5.974212034383953984e+00 7.391893670458510271e-12
5.997134670487105801e+00 7.587476043728741535e-12
6.020057306590257618e+00 7.751751656653938294e-12
6.042979942693409434e+00 7.883578864303758170e-12
6.065902578796561251e+00 7.982381919613592572e-12
6.088825214899713067e+00 8.048118884810655696e-12
6.111747851002864884e+00 8.081238546754163044e-12
6.134670487106016701e+00 8.082629152486820140e-12
6.157593123209168517e+00 8.053561675569698861e-12
6.180515759312320334e+00 7.995630113099917984e-12
6.203438395415473039e+00 7.910691029280783138e-12
6.226361031518624856e+00 7.800804233016302289e-12
6.249283667621776672e+00 7.668176129361320212e-12
6.272206303724928489e+00 7.515106938375216989e-12
6.295128939828080306e+00 7.343942645903624116e-12
6.318051575931232122e+00 7.157032250444238333e-12
6.340974212034383939e+00 6.956690605867420144e-12
6.363896848137535756e+00 6.745166935206551152e-12
6.386819484240687572e+00 6.524618907021483342e-12
6.409742120343839389e+00 6.297092021805882593e-12
6.432664756446991206e+00 6.064503948816685132e-12
6.455587392550143022e+00 5.828633379777578229e-12
6.478510028653294839e+00 5.591112920789802209e-12
6.501432664756446655e+00 5.353425522893954117e-12
6.524355300859598472e+00 5.116903950542521829e-12
6.547277936962750289e+00 4.882732801497196239e-12
6.570200573065902105e+00 4.651952617476911968e-12
6.593123209169053922e+00 4.425465658835839135e-12
6.616045845272205739e+00 4.204042955725022854e-12
6.638968481375357555e+00 3.988332290163637429e-12
6.661891117478510260e+00 3.778866806264085907e-12
6.684813753581662077e+00 3.576073988001206028e-12
6.707736389684813894e+00 3.380284784254397073e-12
6.730659025787965710e+00 3.191742698580433904e-12
6.753581661891117527e+00 3.010612695768091657e-12
6.776504297994269344e+00 2.836989808387974410e-12
6.799426934097421160e+00 2.670907354165508759e-12
6.822349570200572977e+00 2.512344699096505981e-12
6.845272206303724793e+00 2.361234521920522310e-12
6.868194842406876610e+00 2.217469553068279044e-12
6.891117478510028427e+00 2.080908775754470675e-12
6.914040114613180243e+00 1.951383088772680256e-12
6.936962750716332060e+00 1.828700440052977369e-12
6.959885386819483877e+00 1.712650447452616358e-12
6.982808022922635693e+00 1.603008528844314030e-12
7.005730659025787510e+00 1.499539567607306371e-12
7.028653295128939327e+00 1.402001142356654383e-12
7.051575931232091143e+00 1.310146351386663425e-12
7.074498567335242960e+00 1.223726263052526297e-12
7.097421203438395665e+00 1.142492023344853468e-12
7.120343839541547482e+00 1.066196651376887089e-12
7.143266475644699298e+00 9.945965525348302127e-13
7.166189111747851115e+00 9.274527777497440822e-13
7.189111747851002931e+00 8.645320558282125361e-13
7.212034383954154748e+00 8.056076241067213553e-13
7.234957020057306565e+00 7.504598809349049198e-13
7.257879656160458381e+00 6.988768816969755701e-13
7.280802292263610198e+00 6.506546982894650589e-13
7.303724928366762015e+00 6.055976602184544483e-13
7.326647564469913831e+00 5.635184937845873425e-13
7.349570200573065648e+00 5.242383742067264888e-13
7.372492836676217465e+00 4.875869040071537668e-13
7.395415472779369281e+00 4.534020295503401128e-13
7.418338108882521098e+00 4.215299062976380793e-13
7.441260744985672915e+00 3.918247221130591775e-13
7.464183381088824731e+00 3.641484868296914882e-13
7.487106017191976548e+00 3.383707952597166032e-13
7.510028653295128365e+00 3.143685698995939303e-13
7.532951289398280181e+00 2.920257887411127270e-13
7.555873925501432886e+00 2.712332028433845102e-13
7.578796561604584703e+00 2.518880476448604226e-13
7.601719197707736519e+00 2.338937513922838810e-13
7.624641833810888336e+00 2.171596435293995053e-13
7.647564469914040153e+00 2.016006654164288873e-13
7.670487106017191969e+00 1.871370853363638900e-13
7.693409742120343786e+00 1.736942193806706172e-13
7.716332378223495603e+00 1.612021594900682945e-13
7.739255014326647419e+00 1.495955096509421526e-13
7.762177650429799236e+00 1.388131310103090506e-13
7.785100286532951053e+00 1.287978964680256635e-13
7.808022922636102869e+00 1.194964551304071481e-13
7.830945558739254686e+00 1.108590068612040788e-13
7.853868194842406503e+00 1.028390870408743803e-13
7.876790830945558319e+00 9.539336154048805419e-14
7.899713467048710136e+00 8.848143182987796777e-14
7.922636103151861953e+00 8.206565006853334334e-14
7.945558739255013769e+00 7.611094397018210287e-14
7.968481375358165586e+00 7.058465118620784253e-14
7.991404011461317403e+00 6.545636291737851855e-14
8.014326647564470107e+00 6.069777643639082789e-14
8.037249283667621924e+00 5.628255618419111535e-14
8.060171919770773741e+00 5.218620308979462172e-14
8.083094555873925557e+00 4.838593175542225575e-14
8.106017191977077374e+00 4.486055514532509695e-14
8.128939828080229191e+00 4.159037641694271062e-14
8.151862464183381007e+00 3.855708753637068999e-14
8.174785100286532824e+00 3.574367432593849015e-14
8.197707736389684641e+00 3.313432759952407410e-14
8.220630372492836457e+00 3.071436005063946168e-14
8.243553008595988274e+00 2.847012856894469785e-14
8.266475644699140091e+00 2.638896167238206417e-14
8.289398280802291907e+00 2.445909175430158446e-14
8.312320916905443724e+00 2.266959185755334523e-14
8.335243553008595541e+00 2.101031670036489550e-14
8.358166189111747357e+00 1.947184769174802572e-14
8.381088825214899174e+00 1.804544168705980942e-14
8.404011461318050991e+00 1.672298324707407194e-14
8.426934097421202807e+00 1.549694017641491640e-14
8.449856733524356400e+00 1.436032212939762761e-14
8.472779369627506441e+00 1.330664208316094911e-14
8.495702005730660034e+00 1.232988048941520223e-14
8.518624641833810074e+00 1.142445192715410080e-14
8.541547277936963667e+00 1.058517408924307854e-14
8.564469914040113707e+00 9.807238945921599946e-15
8.587392550143267300e+00 9.086185937898869942e-15
8.610315186246417340e+00 8.417877060917223529e-15
8.633237822349570934e+00 7.798473712373842612e-15
8.656160458452720974e+00 7.224415178868317538e-15
8.679083094555874567e+00 6.692398651360795996e-15
8.702005730659024607e+00 6.199360662022598046e-15
8.724928366762178200e+00 5.742459843826048618e-15
8.747851002865328240e+00 5.319060920491586490e-15
8.770773638968481833e+00 4.926719840581813064e-15
8.793696275071631874e+00 4.563169975340546873e-15
8.816618911174785467e+00 4.226309305318297453e-15
8.839541547277935507e+00 3.914188525938026689e-15
8.862464183381089100e+00 3.625000006937236032e-15
8.885386819484239140e+00 3.357067545106090340e-15
8.908309455587392733e+00 3.108836853928712711e-15
8.931232091690544550e+00 2.878866737654842720e-15
8.954154727793696367e+00 2.665820900985451978e-15
8.977077363896848183e+00 2.468460348973778951e-15
9.000000000000000000e+00 2.285636334929015604e-15
