# log10(T) rate(cm^3/s)
# Total Recomb Rates
1.000000000000000000e+00 1.850062103692733984e-09
1.022922636103151817e+00 1.799141407072371164e-09
1.045845272206303633e+00 1.749561811813381014e-09
1.068767908309455672e+00 1.701288640685268024e-09
1.091690544412607489e+00 1.654288120625475911e-09
1.114613180515759305e+00 1.608527359034688552e-09
1.137535816618911122e+00 1.563974320682873516e-09
1.160458452722062939e+00 1.520597805210161721e-09
1.183381088825214977e+00 1.478367425207104870e-09
1.206303724928366794e+00 1.437253584859265890e-09
1.229226361031518611e+00 1.397227459141508119e-09
1.252148997134670427e+00 1.358260973547763379e-09
1.275071633237822244e+00 1.320326784342429648e-09
1.297994269340974283e+00 1.283398259319955832e-09
1.320916905444126099e+00 1.247449459059518538e-09
1.343839541547277916e+00 1.212455118662090102e-09
1.366762177650429733e+00 1.178390629957516227e-09
1.389684813753581771e+00 1.145232024169612210e-09
1.412607449856733588e+00 1.112955955027574607e-09
1.435530085959885405e+00 1.081539682312384427e-09
1.458452722063037221e+00 1.050961055827160247e-09
1.481375358166189038e+00 1.021198499780755662e-09
1.504297994269340855e+00 9.922309975741943194e-10
1.527220630372492671e+00 9.640380769798256930e-10
1.550143266475644710e+00 9.365997957033860740e-10
1.573065902578796527e+00 9.098967273194314170e-10
1.595988538681948565e+00 8.839099475708816493e-10
1.618911174785100382e+00 8.586210210237693629e-10
1.641833810888252199e+00 8.340119880687223540e-10
1.664756446991404015e+00 8.100653522616670379e-10
1.687679083094555832e+00 7.867640679984814273e-10
1.710601719197707649e+00 7.640915285240021658e-10
1.733524355300859465e+00 7.420315542893999174e-10
1.756446991404011282e+00 7.205683817023924445e-10
1.779369627507163321e+00 6.996866523776088244e-10
1.802292263610315137e+00 6.793714031136841533e-10
1.825214899713467176e+00 6.596080570313327424e-10
1.848137535816618993e+00 6.403824166372290943e-10
1.871060171919770809e+00 6.216806600563981163e-10
1.893982808022922626e+00 6.034893422950830316e-10
1.916905444126074443e+00 5.857954040960347826e-10
1.939828080229226259e+00 5.685861915929904036e-10
1.962750716332378076e+00 5.518494903449456010e-10
1.985673352435529893e+00 5.355735771599010777e-10
2.008595988538681709e+00 5.197472921249810993e-10
2.031518624641833526e+00 5.043601312461060928e-10
2.054441260744985343e+00 4.894023570349731138e-10
2.077363896848137603e+00 4.748651204728718702e-10
2.100286532951289420e+00 4.607405835028409075e-10
2.123209169054441237e+00 4.470220272487851013e-10
2.146131805157593053e+00 4.337039283393346693e-10
2.169054441260744870e+00 4.207819847857687730e-10
2.191977077363897131e+00 4.082530743700203410e-10
2.214899713467048947e+00 3.961151326246816083e-10
2.237822349570200764e+00 3.843669439832728375e-10
2.260744985673352581e+00 3.730078478773278080e-10
2.283667621776504397e+00 3.620373704677573416e-10
2.306590257879656214e+00 3.514548011742987273e-10
2.329512893982808031e+00 3.412587400945142666e-10
2.352435530085959847e+00 3.314466468810017064e-10
2.375358166189111664e+00 3.220144231166574195e-10
2.398280802292263481e+00 3.129560585505982572e-10
2.421203438395415297e+00 3.042633669977558361e-10
2.444126074498567114e+00 2.959258308698858435e-10
2.467048710601718930e+00 2.879305650310559704e-10
2.489971346704870747e+00 2.802624018912415698e-10
2.512893982808022564e+00 2.729040912724741973e-10
2.535816618911174825e+00 2.658366013702912582e-10
2.558739255014326641e+00 2.590395016420325765e-10
2.581661891117478458e+00 2.524914049806280783e-10
2.604584527220630275e+00 2.461704451151630380e-10
2.627507163323782091e+00 2.400547656210616199e-10
2.650429799426934352e+00 2.341229988462164687e-10
2.673352435530086169e+00 2.283547159805844170e-10
2.696275071633237985e+00 2.227308329073843597e-10
2.719197707736389802e+00 2.172339599232171348e-10
2.742120343839541619e+00 2.118486865749375472e-10
2.765042979942693435e+00 2.065617955684767911e-10
2.787965616045845252e+00 2.013624019611465967e-10
2.810888252148997069e+00 1.962420157912050727e-10
2.833810888252148885e+00 1.911945281384289510e-10
2.856733524355300702e+00 1.862161225602249252e-10
2.879656160458452518e+00 1.813051160544333861e-10
2.902578796561604335e+00 1.764617361905312808e-10
2.925501432664756152e+00 1.716878437191574219e-10
2.948424068767907968e+00 1.669866125915596552e-10
2.971346704871059785e+00 1.623621815981384442e-10
2.994269340974212046e+00 1.578192934587410842e-10
3.017191977077363862e+00 1.533629379067855892e-10
3.040114613180515679e+00 1.489980149455548433e-10
3.063037249283667496e+00 1.447290329892314573e-10
3.085959885386819312e+00 1.405598541391708215e-10
3.108882521489971129e+00 1.364934956087268850e-10
3.131805157593122946e+00 1.325319925979124806e-10
3.154727793696275207e+00 1.286763240664029700e-10
3.177650429799427023e+00 1.249263991827713441e-10
3.200573065902578840e+00 1.212810990135084423e-10
3.223495702005730656e+00 1.177383654575931144e-10
3.246418338108882473e+00 1.142953276465425964e-10
3.269340974212034290e+00 1.109484550487314413e-10
3.292263610315186106e+00 1.076937263024042659e-10
3.315186246418337923e+00 1.045268032634851454e-10
3.338108882521489740e+00 1.014432007677152443e-10
3.361031518624641556e+00 9.843844403153701516e-11
3.383954154727793817e+00 9.550820731002673187e-11
3.406876790830945634e+00 9.264842925801994340e-11
3.429799426934097450e+00 8.985540228067797765e-11
3.452722063037249267e+00 8.712583490710983400e-11
3.475644699140401084e+00 8.445688778891871850e-11
3.498567335243552900e+00 8.184618524830999925e-11
3.521489971346704717e+00 7.929180533235998743e-11
3.544412607449856534e+00 7.679225204760745767e-11
3.567335243553008350e+00 7.434641385028257574e-11
3.590257879656160167e+00 7.195351257044678785e-11
3.613180515759312428e+00 6.961304678876920756e-11
3.636103151862464244e+00 6.732473331166742972e-11
3.659025787965616061e+00 6.508844986145040284e-11
3.681948424068767878e+00 6.290418147314888762e-11
3.704871060171919694e+00 6.077197242676529166e-11
3.727793696275071511e+00 5.869188489387316905e-11
3.750716332378223328e+00 5.666396488209187499e-11
3.773638968481375144e+00 5.468821554957360097e-11
3.796561604584526961e+00 5.276457755190677563e-11
3.819484240687678778e+00 5.089291578224400068e-11
3.842406876790831038e+00 4.907301166907173801e-11
3.865329512893982855e+00 4.730456009472257455e-11
3.888252148997134672e+00 4.558716997658796049e-11
3.911174785100286488e+00 4.392036759466221726e-11
3.934097421203438305e+00 4.230360183570951329e-11
3.957020057306590122e+00 4.073625063929786473e-11
3.979942693409741938e+00 3.921762805973936071e-11
4.002865329512893311e+00 3.774699148913500583e-11
4.025787965616045128e+00 3.632354871208205883e-11
4.048710601719197832e+00 3.494646457735448391e-11
4.071633237822349649e+00 3.361486717427920591e-11
4.094555873925501466e+00 3.232785349230789060e-11
4.117478510028653282e+00 3.108449462347817185e-11
4.140401146131805099e+00 2.988384064091730160e-11
4.163323782234956916e+00 2.872492535207040743e-11
4.186246418338108732e+00 2.760677117894392626e-11
4.209169054441260549e+00 2.652839445059765088e-11
4.232091690544412366e+00 2.548881139241492455e-11
4.255014326647564182e+00 2.448704504758209889e-11
4.277936962750716887e+00 2.352213325655645196e-11
4.300859598853868704e+00 2.259313764585810296e-11
4.323782234957020520e+00 2.169915334683381515e-11
4.346704871060172337e+00 2.083931890202144552e-11
4.369627507163324154e+00 2.001282555958107301e-11
4.392550143266475970e+00 1.921892495218995491e-11
4.415472779369627787e+00 1.845693405343941306e-11
4.438395415472779604e+00 1.772623633995040191e-11
4.461318051575931420e+00 1.702627827996780709e-11
4.484240687679083237e+00 1.635656061314560021e-11
4.507163323782235054e+00 1.571662435015118969e-11
4.530085959885386870e+00 1.510603195247482616e-11
4.553008595988538687e+00 1.452434468906066178e-11
4.575931232091690504e+00 1.397109764448716754e-11
4.598853868194842320e+00 1.344577422347790405e-11
4.621776504297994137e+00 1.294778223003820490e-11
4.644699140401145954e+00 1.247643369266313546e-11
4.667621776504297770e+00 1.203093057674741686e-11
4.690544412607449587e+00 1.161035839831831688e-11
4.713467048710601404e+00 1.121368955074766605e-11
4.736389684813753220e+00 1.083979787857195198e-11
4.759312320916905037e+00 1.048748565023455911e-11
4.782234957020056854e+00 1.015552353693403716e-11
4.805157593123208670e+00 9.842703429147982013e-12
4.828080229226360487e+00 9.547902865022615894e-12
4.851002865329512304e+00 9.270158506930351913e-12
4.873925501432664120e+00 9.008744565629023975e-12
4.896848137535815937e+00 8.763250508288338157e-12
4.919770773638967754e+00 8.533651046822291462e-12
4.942693409742119570e+00 8.320360573109600515e-12
4.965616045845272275e+00 8.124264153100613351e-12
4.988538681948424092e+00 7.946718093679569084e-12
5.011461318051575908e+00 7.789515000633870012e-12
5.034383954154727725e+00 7.654811039243646211e-12
5.057306590257879542e+00 7.545016524943135077e-12
5.080229226361031358e+00 7.462654632257990623e-12
5.103151862464183175e+00 7.410196487764974931e-12
5.126074498567334992e+00 7.389883798092691734e-12
5.148997134670486808e+00 7.403552126881599521e-12
5.171919770773638625e+00 7.452468762562901817e-12
5.194842406876790442e+00 7.537198728550617753e-12
5.217765042979942258e+00 7.657510913126114205e-12
5.240687679083094075e+00 7.812333663511146901e-12
5.263610315186245892e+00 7.999765686831587058e-12
5.286532951289397708e+00 8.217143964406236639e-12
5.309455587392550413e+00 8.461165888632409080e-12
5.332378223495702230e+00 8.728058289194690411e-12
5.355300859598854046e+00 9.013781786686667201e-12
5.378223495702005863e+00 9.314255389285276390e-12
5.401146131805157680e+00 9.625583825860301011e-12
5.424068767908309496e+00 9.944269130906268185e-12
5.446991404011461313e+00 1.026738869405245385e-11
5.469914040114613130e+00 1.059272441897626949e-11
5.492836676217764946e+00 1.091883165352658314e-11
5.515759312320916763e+00 1.124504179304677848e-11
5.538681948424068580e+00 1.157139838521399916e-11
5.561604584527220396e+00 1.189853253559299209e-11
5.584527220630372213e+00 1.222748877397083357e-11
5.607449856733524030e+00 1.255951671900925378e-11
5.630372492836675846e+00 1.289584645944020863e-11
5.653295128939827663e+00 1.323746635041269896e-11
5.676217765042979480e+00 1.358492092426772015e-11
5.699140401146131296e+00 1.393814406026902941e-11
5.722063037249283113e+00 1.429633882776861771e-11
5.744985673352435818e+00 1.465791098367055025e-11
5.767908309455587634e+00 1.502045846288923646e-11
5.790830945558739451e+00 1.538081480646782347e-11
5.813753581661891268e+00 1.573514069740783400e-11
5.836676217765043084e+00 1.607905487639508435e-11
5.859598853868194901e+00 1.640779382227414917e-11
5.882521489971346718e+00 1.671638872242788521e-11
5.905444126074498534e+00 1.699984834561923932e-11
5.928366762177650351e+00 1.725333731238276061e-11
5.951289398280802168e+00 1.747234074093320331e-11
5.974212034383953984e+00 1.765280811926564140e-11
5.997134670487105801e+00 1.779127131316174038e-11
6.020057306590257618e+00 1.788493368566953404e-11
6.042979942693409434e+00 1.793172923144583918e-11
6.065902578796561251e+00 1.793035231384653447e-11
6.088825214899713067e+00 1.788025996810655100e-11
6.111747851002864884e+00 1.778164977065737826e-11
6.134670487106016701e+00 1.763541697299876723e-11
6.157593123209168517e+00 1.744309498209589839e-11
6.180515759312320334e+00 1.720678337745462277e-11
6.203438395415473039e+00 1.692906753653408415e-11
6.226361031518624856e+00 1.661293364725002519e-11
6.249283667621776672e+00 1.626168247033626528e-11
6.272206303724928489e+00 1.587884472242048141e-11
6.295128939828080306e+00 1.546810042371786413e-11
6.318051575931232122e+00 1.503320402578893573e-11
6.340974212034383939e+00 1.457791663075139469e-11
6.363896848137535756e+00 1.410594615227748620e-11
6.386819484240687572e+00 1.362089586265873657e-11
6.409742120343839389e+00 1.312622142556371692e-11
6.432664756446991206e+00 1.262519623266744830e-11
6.455587392550143022e+00 1.212088464239882996e-11
6.478510028653294839e+00 1.161612255641218480e-11
6.501432664756446655e+00 1.111350465815656923e-11
6.524355300859598472e+00 1.061537757127274614e-11
6.547277936962750289e+00 1.012383816632028676e-11
6.570200573065902105e+00 9.640736245442863521e-12
6.593123209169053922e+00 9.167680859341623343e-12
6.616045845272205739e+00 8.706049553282686243e-12
6.638968481375357555e+00 8.256999893489255743e-12
6.661891117478510260e+00 7.821482687620972182e-12
6.684813753581662077e+00 7.400256379366510497e-12
6.707736389684813894e+00 6.993902164456570483e-12
6.730659025787965710e+00 6.602839441312501942e-12
6.753581661891117527e+00 6.227341272348751970e-12
6.776504297994269344e+00 5.867549590435605165e-12
6.799426934097421160e+00 5.523489938423103967e-12
6.822349570200572977e+00 5.195085577504768024e-12
6.845272206303724793e+00 4.882170842416650152e-12
6.868194842406876610e+00 4.584503658094893468e-12
6.891117478510028427e+00 4.301777163682189982e-12
6.914040114613180243e+00 4.033630416020368692e-12
6.936962750716332060e+00 3.779658166402971569e-12
6.959885386819483877e+00 3.539419721838660012e-12
6.982808022922635693e+00 3.312446915858184379e-12
7.005730659025787510e+00 3.098251224445663328e-12
7.028653295128939327e+00 2.896330070432631453e-12
7.051575931232091143e+00 2.706172365077103534e-12
7.074498567335242960e+00 2.527263338943658154e-12
7.097421203438395665e+00 2.359088715951502651e-12
7.120343839541547482e+00 2.201138284875405869e-12
7.143266475644699298e+00 2.052908921941711902e-12
7.166189111747851115e+00 1.913907116695365777e-12
7.189111747851002931e+00 1.783651051226185578e-12
7.212034383954154748e+00 1.661672280306053263e-12
7.234957020057306565e+00 1.547517057146372141e-12
7.257879656160458381e+00 1.440747346455778240e-12
7.280802292263610198e+00 1.340941563357819448e-12
7.303724928366762015e+00 1.247695073594076503e-12
7.326647564469913831e+00 1.160620487350220568e-12
7.349570200573065648e+00 1.079347776046749373e-12
7.372492836676217465e+00 1.003524238566725708e-12
7.395415472779369281e+00 9.328143406737791418e-13
7.418338108882521098e+00 8.668994488208132001e-13
7.441260744985672915e+00 8.054774771724821126e-13
7.464183381088824731e+00 7.482624644664129829e-13
7.487106017191976548e+00 6.949840953190211403e-13
7.510028653295128365e+00 6.453871787380373917e-13
7.532951289398280181e+00 5.992310949295227864e-13
7.555873925501432886e+00 5.562892199744558100e-13
7.578796561604584703e+00 5.163483365900061738e-13
7.601719197707736519e+00 4.792080379735666692e-13
7.624641833810888336e+00 4.446801306435824571e-13
7.647564469914040153e+00 4.125880412297137005e-13
7.670487106017191969e+00 3.827662313160373656e-13
7.693409742120343786e+00 3.550596236948074324e-13
7.716332378223495603e+00 3.293230427353883531e-13
7.739255014326647419e+00 3.054206710043193598e-13
7.762177650429799236e+00 2.832255237796430217e-13
7.785100286532951053e+00 2.626189426777161813e-13
7.808022922636102869e+00 2.434901092464287163e-13
7.830945558739254686e+00 2.257355790683303742e-13
7.853868194842406503e+00 2.092588366544550785e-13
7.876790830945558319e+00 1.939698711889996979e-13
7.899713467048710136e+00 1.797847730013663425e-13
7.922636103151861953e+00 1.666253504908115438e-13
7.945558739255013769e+00 1.544187671059048299e-13
7.968481375358165586e+00 1.430971978824832806e-13
7.991404011461317403e+00 1.325975049664705581e-13
8.014326647564470107e+00 1.228609314888605955e-13
8.037249283667621924e+00 1.138328131167289703e-13
8.060171919770773741e+00 1.054623065740090344e-13
8.083094555873925557e+00 9.770213440693099214e-14
8.106017191977077374e+00 9.050834525965077643e-14
8.128939828080229191e+00 8.384008892415358829e-14
8.151862464183381007e+00 7.765940543361450575e-14
8.174785100286532824e+00 7.193102747885511721e-14
8.197707736389684641e+00 6.662219544231707397e-14
8.220630372492836457e+00 6.170248436219276110e-14
8.243553008595988274e+00 5.714364216024225978e-14
8.266475644699140091e+00 5.291943848973486245e-14
8.289398280802291907e+00 4.900552358432038819e-14
8.312320916905443724e+00 4.537929651399275346e-14
8.335243553008595541e+00 4.201978228025563057e-14
8.358166189111747357e+00 3.890751720880782815e-14
8.381088825214899174e+00 3.602444212425601434e-14
8.404011461318050991e+00 3.335380281731209021e-14
8.426934097421202807e+00 3.088005734045423478e-14
8.449856733524356400e+00 2.858878969298026888e-14
8.472779369627506441e+00 2.646662948064390692e-14
8.495702005730660034e+00 2.450117715854230732e-14
8.518624641833810074e+00 2.268093448857378831e-14
8.541547277936963667e+00 2.099523986451768095e-14
8.564469914040113707e+00 1.943420817863622224e-14
8.587392550143267300e+00 1.798867492357221737e-14
8.610315186246417340e+00 1.665014424228380560e-14
8.633237822349570934e+00 1.541074065675401083e-14
8.656160458452720974e+00 1.426316422331371954e-14
8.679083094555874567e+00 1.320064887858095899e-14
8.702005730659024607e+00 1.221692375532421379e-14
8.724928366762178200e+00 1.130617726197896954e-14
8.747851002865328240e+00 1.046302373316097539e-14
8.770773638968481833e+00 9.682472471314640724e-15
8.793696275071631874e+00 8.959899011683922692e-15
8.816618911174785467e+00 8.291018454091821374e-15
8.839541547277935507e+00 7.671860715632667093e-15
8.862464183381089100e+00 7.098747568319513351e-15
8.885386819484239140e+00 6.568271335052005154e-15
8.908309455587392733e+00 6.077275125982423812e-15
8.931232091690544550e+00 5.622834505518160798e-15
8.954154727793696367e+00 5.202240487815161975e-15
8.977077363896848183e+00 4.812983765740157103e-15
9.000000000000000000e+00 4.452740084923014903e-15
