# log10(T) rate(cm^3/s)
# RecombRates
3.500000000000000000e+00 2.512880000000000012e-11
3.520000000000000018e+00 2.435369999999999871e-11
3.540000000000000036e+00 2.360109999999999967e-11
3.560000000000000053e+00 2.287020000000000003e-11
3.580000000000000071e+00 2.216060000000000152e-11
3.600000000000000089e+00 2.147160000000000072e-11
3.620000000000000107e+00 2.080269999999999980e-11
3.640000000000000124e+00 2.015330000000000138e-11
3.660000000000000142e+00 1.952280000000000159e-11
3.680000000000000160e+00 1.891079999999999895e-11
3.700000000000000178e+00 1.831669999999999929e-11
3.720000000000000195e+00 1.774000000000000155e-11
3.740000000000000213e+00 1.718020000000000145e-11
3.759999999999999787e+00 1.663690000000000073e-11
3.779999999999999805e+00 1.610960000000000155e-11
3.799999999999999822e+00 1.559789999999999920e-11
3.819999999999999840e+00 1.510119999999999951e-11
3.839999999999999858e+00 1.461930000000000012e-11
3.859999999999999876e+00 1.415169999999999997e-11
3.879999999999999893e+00 1.369789999999999962e-11
3.899999999999999911e+00 1.325760000000000038e-11
3.919999999999999929e+00 1.283050000000000031e-11
3.939999999999999947e+00 1.241609999999999997e-11
3.959999999999999964e+00 1.201410000000000068e-11
3.979999999999999982e+00 1.162420000000000049e-11
4.000000000000000000e+00 1.124610000000000072e-11
4.019999999999999574e+00 1.087939999999999987e-11
4.040000000000000036e+00 1.052399999999999999e-11
4.059999999999999609e+00 1.017979999999999990e-11
4.080000000000000071e+00 9.846729999999999585e-12
4.099999999999999645e+00 9.525030000000000259e-12
4.120000000000000107e+00 9.215179999999999514e-12
4.139999999999999680e+00 8.918039999999999429e-12
4.160000000000000142e+00 8.635019999999999692e-12
4.179999999999999716e+00 8.368230000000000179e-12
4.200000000000000178e+00 8.120610000000000069e-12
4.219999999999999751e+00 7.896229999999999767e-12
4.240000000000000213e+00 7.700399999999999783e-12
4.259999999999999787e+00 7.539869999999999860e-12
4.280000000000000249e+00 7.422970000000000631e-12
4.299999999999999822e+00 7.359739999999999496e-12
4.320000000000000284e+00 7.361910000000000081e-12
4.339999999999999858e+00 7.442910000000000241e-12
4.360000000000000320e+00 7.617330000000000219e-12
4.379999999999999893e+00 7.901540000000000277e-12
4.400000000000000355e+00 8.308850000000000083e-12
4.419999999999999929e+00 8.863999999999999389e-12
4.440000000000000391e+00 9.580620000000000025e-12
4.459999999999999964e+00 1.047569999999999988e-11
4.480000000000000426e+00 1.156480000000000016e-11
4.500000000000000000e+00 1.286200000000000073e-11
4.519999999999999574e+00 1.437929999999999953e-11
4.540000000000000036e+00 1.612579999999999900e-11
4.559999999999999609e+00 1.810760000000000011e-11
4.580000000000000071e+00 2.032730000000000124e-11
4.599999999999999645e+00 2.278399999999999985e-11
4.620000000000000107e+00 2.547249999999999915e-11
4.639999999999999680e+00 2.838410000000000140e-11
4.660000000000000142e+00 3.150600000000000086e-11
4.679999999999999716e+00 3.482150000000000223e-11
4.700000000000000178e+00 3.831020000000000048e-11
4.719999999999999751e+00 4.194870000000000037e-11
4.740000000000000213e+00 4.571069999999999989e-11
4.769999999999999574e+00 4.956689999999999713e-11
4.790000000000000036e+00 5.348619999999999801e-11
4.809999999999999609e+00 5.743610000000000161e-11
4.830000000000000071e+00 6.138310000000000489e-11
4.849999999999999645e+00 6.529320000000000051e-11
4.870000000000000107e+00 6.913259999999999968e-11
4.889999999999999680e+00 7.286830000000000365e-11
4.910000000000000142e+00 7.646880000000000067e-11
4.929999999999999716e+00 7.990399999999999880e-11
4.950000000000000178e+00 8.314630000000000166e-11
4.969999999999999751e+00 8.617059999999999554e-11
4.990000000000000213e+00 8.895489999999999853e-11
5.009999999999999787e+00 9.148000000000000360e-11
5.030000000000000249e+00 9.373050000000000012e-11
5.049999999999999822e+00 9.569400000000000321e-11
5.070000000000000284e+00 9.736180000000000545e-11
5.089999999999999858e+00 9.872839999999999844e-11
5.110000000000000320e+00 9.979169999999999776e-11
5.129999999999999893e+00 1.005530000000000042e-10
5.150000000000000355e+00 1.010149999999999996e-10
5.169999999999999929e+00 1.011860000000000061e-10
5.190000000000000391e+00 1.010730000000000060e-10
5.209999999999999964e+00 1.006889999999999947e-10
5.230000000000000426e+00 1.000459999999999976e-10
5.250000000000000000e+00 9.915880000000000194e-11
5.269999999999999574e+00 9.804230000000000119e-11
5.290000000000000036e+00 9.671360000000000505e-11
5.309999999999999609e+00 9.518979999999999734e-11
5.330000000000000071e+00 9.348859999999999809e-11
5.349999999999999645e+00 9.162799999999999368e-11
5.370000000000000107e+00 8.962570000000000412e-11
5.389999999999999680e+00 8.749939999999999772e-11
5.410000000000000142e+00 8.526630000000000312e-11
5.429999999999999716e+00 8.294310000000000591e-11
5.450000000000000178e+00 8.054589999999999428e-11
5.469999999999999751e+00 7.808990000000000555e-11
5.490000000000000213e+00 7.558970000000000213e-11
5.509999999999999787e+00 7.305899999999999555e-11
5.530000000000000249e+00 7.051039999999999569e-11
5.549999999999999822e+00 6.795570000000000295e-11
5.570000000000000284e+00 6.540580000000000227e-11
5.589999999999999858e+00 6.287039999999999674e-11
5.610000000000000320e+00 6.035840000000000583e-11
5.629999999999999893e+00 5.787800000000000036e-11
5.650000000000000355e+00 5.543610000000000205e-11
5.669999999999999929e+00 5.303910000000000247e-11
5.690000000000000391e+00 5.069219999999999841e-11
5.709999999999999964e+00 4.840010000000000174e-11
5.730000000000000426e+00 4.616700000000000069e-11
5.750000000000000000e+00 4.399590000000000159e-11
5.769999999999999574e+00 4.188930000000000004e-11
5.790000000000000036e+00 3.984949999999999898e-11
5.809999999999999609e+00 3.787779999999999921e-11
5.830000000000000071e+00 3.597530000000000242e-11
5.849999999999999645e+00 3.414240000000000041e-11
5.870000000000000107e+00 3.237939999999999833e-11
5.889999999999999680e+00 3.068609999999999705e-11
5.910000000000000142e+00 2.906189999999999918e-11
5.929999999999999716e+00 2.750610000000000131e-11
5.950000000000000178e+00 2.601770000000000131e-11
5.969999999999999751e+00 2.459529999999999881e-11
5.990000000000000213e+00 2.323759999999999945e-11
6.009999999999999787e+00 2.194290000000000094e-11
6.030000000000000249e+00 2.070979999999999966e-11
6.049999999999999822e+00 1.953620000000000151e-11
6.070000000000000284e+00 1.842040000000000096e-11
6.089999999999999858e+00 1.736049999999999979e-11
6.110000000000000320e+00 1.635440000000000067e-11
6.129999999999999893e+00 1.540029999999999851e-11
6.150000000000000355e+00 1.449599999999999962e-11
6.169999999999999929e+00 1.363970000000000054e-11
6.190000000000000391e+00 1.282930000000000068e-11
6.209999999999999964e+00 1.206280000000000066e-11
6.230000000000000426e+00 1.133830000000000067e-11
6.250000000000000000e+00 1.065400000000000045e-11
6.269999999999999574e+00 1.000790000000000060e-11
6.290000000000000036e+00 9.398320000000000691e-12
6.309999999999999609e+00 8.823119999999999668e-12
6.330000000000000071e+00 8.281099999999999520e-12
6.349999999999999645e+00 7.770389999999999972e-12
6.370000000000000107e+00 7.289389999999999901e-12
6.389999999999999680e+00 6.836550000000000389e-12
6.410000000000000142e+00 6.410439999999999895e-12
6.429999999999999716e+00 6.009619999999999994e-12
6.450000000000000178e+00 5.632709999999999735e-12
6.469999999999999751e+00 5.278420000000000040e-12
6.490000000000000213e+00 4.945509999999999997e-12
6.509999999999999787e+00 4.632790000000000094e-12
6.530000000000000249e+00 4.339100000000000363e-12
6.549999999999999822e+00 4.063370000000000285e-12
6.570000000000000284e+00 3.804590000000000048e-12
6.589999999999999858e+00 3.561759999999999961e-12
6.610000000000000320e+00 3.333949999999999945e-12
6.629999999999999893e+00 3.120299999999999942e-12
6.650000000000000355e+00 2.919970000000000128e-12
6.669999999999999929e+00 2.732159999999999942e-12
6.690000000000000391e+00 2.556150000000000170e-12
6.709999999999999964e+00 2.391200000000000151e-12
6.730000000000000426e+00 2.236659999999999882e-12
6.750000000000000000e+00 2.091889999999999884e-12
6.769999999999999574e+00 1.956300000000000055e-12
6.790000000000000036e+00 1.829339999999999958e-12
6.809999999999999609e+00 1.710470000000000082e-12
6.830000000000000071e+00 1.599180000000000058e-12
6.849999999999999645e+00 1.495020000000000025e-12
6.870000000000000107e+00 1.397539999999999920e-12
6.889999999999999680e+00 1.306320000000000032e-12
6.910000000000000142e+00 1.220969999999999997e-12
6.929999999999999716e+00 1.141120000000000089e-12
6.950000000000000178e+00 1.066420000000000014e-12
6.969999999999999751e+00 9.965570000000000318e-13
6.990000000000000213e+00 9.312160000000000581e-13
7.009999999999999787e+00 8.701090000000000439e-13
7.030000000000000249e+00 8.129709999999999899e-13
7.049999999999999822e+00 7.595460000000000434e-13
7.070000000000000284e+00 7.095960000000000391e-13
7.089999999999999858e+00 6.629000000000000329e-13
7.110000000000000320e+00 6.192500000000000119e-13
7.129999999999999893e+00 5.784500000000000242e-13
7.150000000000000355e+00 5.403140000000000340e-13
7.169999999999999929e+00 5.046719999999999523e-13
7.190000000000000391e+00 4.713649999999999812e-13
7.209999999999999964e+00 4.402389999999999783e-13
7.230000000000000426e+00 4.111529999999999849e-13
7.259999999999999787e+00 3.839769999999999804e-13
7.280000000000000249e+00 3.585849999999999811e-13
7.299999999999999822e+00 3.348899999999999998e-13
7.320000000000000284e+00 3.127270000000000063e-13
7.339999999999999858e+00 2.920250000000000103e-13
7.360000000000000320e+00 2.726920000000000158e-13
7.379999999999999893e+00 2.546350000000000050e-13
7.400000000000000355e+00 2.377730000000000209e-13
7.419999999999999929e+00 2.220279999999999956e-13
7.440000000000000391e+00 2.073259999999999993e-13
7.459999999999999964e+00 1.935990000000000064e-13
7.480000000000000426e+00 1.807820000000000066e-13
7.500000000000000000e+00 1.688179999999999881e-13
7.519999999999999574e+00 1.576489999999999930e-13
7.540000000000000036e+00 1.472229999999999928e-13
7.559999999999999609e+00 1.374919999999999962e-13
7.580000000000000071e+00 1.284110000000000018e-13
7.599999999999999645e+00 1.199360000000000051e-13
7.620000000000000107e+00 1.120289999999999940e-13
7.639999999999999680e+00 1.046519999999999942e-13
7.660000000000000142e+00 9.777040000000000010e-14
7.679999999999999716e+00 9.135189999999999569e-14
7.700000000000000178e+00 8.536639999999999812e-14
7.719999999999999751e+00 7.978540000000000151e-14
7.740000000000000213e+00 7.458290000000000424e-14
7.759999999999999787e+00 6.973390000000000137e-14
7.780000000000000249e+00 6.521550000000000116e-14
7.799999999999999822e+00 6.100590000000000312e-14
7.820000000000000284e+00 5.708509999999999826e-14
7.839999999999999858e+00 5.343430000000000133e-14
7.860000000000000320e+00 5.003579999999999946e-14
7.879999999999999893e+00 4.687300000000000257e-14
7.900000000000000355e+00 4.393080000000000300e-14
7.919999999999999929e+00 4.119459999999999771e-14
7.940000000000000391e+00 3.865100000000000111e-14
7.959999999999999964e+00 3.628739999999999717e-14
7.980000000000000426e+00 3.409200000000000256e-14
8.000000000000000000e+00 3.205399999999999903e-14
8.019999999999999574e+00 3.016290000000000267e-14
8.039999999999999147e+00 2.840910000000000009e-14
8.060000000000000497e+00 2.678380000000000107e-14
8.080000000000000071e+00 2.527849999999999927e-14
8.099999999999999645e+00 2.388519999999999929e-14
8.119999999999999218e+00 2.259680000000000147e-14
8.140000000000000568e+00 2.140630000000000076e-14
8.160000000000000142e+00 2.030730000000000085e-14
8.179999999999999716e+00 1.929379999999999966e-14
8.199999999999999289e+00 1.836010000000000108e-14
8.220000000000000639e+00 1.750100000000000098e-14
8.240000000000000213e+00 1.671169999999999898e-14
8.259999999999999787e+00 1.598740000000000100e-14
8.279999999999999361e+00 1.532400000000000051e-14
8.300000000000000711e+00 1.471459999999999972e-14
8.320000000000000284e+00 1.416049999999999965e-14
8.339999999999999858e+00 1.365590000000000009e-14
8.359999999999999432e+00 1.319759999999999972e-14
8.380000000000000782e+00 1.278229999999999946e-14
8.400000000000000355e+00 1.240729999999999948e-14
8.419999999999999929e+00 1.206980000000000061e-14
8.439999999999999503e+00 1.176720000000000078e-14
8.460000000000000853e+00 1.149730000000000008e-14
8.480000000000000426e+00 1.125769999999999989e-14
8.500000000000000000e+00 1.104640000000000058e-14
