# log10(T) rate(cm^3/s)
# RecombRates
3.500000000000000000e+00 2.340319999999999834e-10
3.520000000000000018e+00 2.273009999999999888e-10
3.540000000000000036e+00 2.207550000000000044e-10
3.560000000000000053e+00 2.143910000000000044e-10
3.580000000000000071e+00 2.082020000000000065e-10
3.600000000000000089e+00 2.021850000000000106e-10
3.620000000000000107e+00 1.963339999999999912e-10
3.640000000000000124e+00 1.906449999999999915e-10
3.660000000000000142e+00 1.851140000000000031e-10
3.680000000000000160e+00 1.797369999999999915e-10
3.700000000000000178e+00 1.745089999999999916e-10
3.720000000000000195e+00 1.694270000000000034e-10
3.740000000000000213e+00 1.644860000000000098e-10
3.759999999999999787e+00 1.596830000000000110e-10
3.779999999999999805e+00 1.550139999999999984e-10
3.799999999999999822e+00 1.504749999999999896e-10
3.819999999999999840e+00 1.460630000000000104e-10
3.839999999999999858e+00 1.417740000000000007e-10
3.859999999999999876e+00 1.376050000000000123e-10
3.879999999999999893e+00 1.335540000000000022e-10
3.899999999999999911e+00 1.296160000000000051e-10
3.919999999999999929e+00 1.257879999999999951e-10
3.939999999999999947e+00 1.220680000000000069e-10
3.959999999999999964e+00 1.184529999999999889e-10
3.979999999999999982e+00 1.149389999999999972e-10
4.000000000000000000e+00 1.115249999999999974e-10
4.019999999999999574e+00 1.082069999999999940e-10
4.040000000000000036e+00 1.049829999999999956e-10
4.059999999999999609e+00 1.018489999999999938e-10
4.080000000000000071e+00 9.880500000000000157e-11
4.099999999999999645e+00 9.584679999999999828e-11
4.120000000000000107e+00 9.297260000000000473e-11
4.139999999999999680e+00 9.017989999999999947e-11
4.160000000000000142e+00 8.746679999999999723e-11
4.179999999999999716e+00 8.483080000000000240e-11
4.200000000000000178e+00 8.226989999999999784e-11
4.219999999999999751e+00 7.978210000000000515e-11
4.240000000000000213e+00 7.736539999999999425e-11
4.259999999999999787e+00 7.501779999999999969e-11
4.280000000000000249e+00 7.273730000000000431e-11
4.299999999999999822e+00 7.052230000000000213e-11
4.320000000000000284e+00 6.837080000000000186e-11
4.339999999999999858e+00 6.628119999999999751e-11
4.360000000000000320e+00 6.425160000000000382e-11
4.379999999999999893e+00 6.228060000000000101e-11
4.400000000000000355e+00 6.036639999999999691e-11
4.419999999999999929e+00 5.850739999999999847e-11
4.440000000000000391e+00 5.670229999999999842e-11
4.459999999999999964e+00 5.494959999999999681e-11
4.480000000000000426e+00 5.324770000000000059e-11
4.500000000000000000e+00 5.159550000000000164e-11
4.519999999999999574e+00 4.999169999999999912e-11
4.540000000000000036e+00 4.843519999999999783e-11
4.559999999999999609e+00 4.692500000000000210e-11
4.580000000000000071e+00 4.546040000000000206e-11
4.599999999999999645e+00 4.404080000000000031e-11
4.620000000000000107e+00 4.266599999999999773e-11
4.639999999999999680e+00 4.133619999999999990e-11
4.660000000000000142e+00 4.005189999999999820e-11
4.679999999999999716e+00 3.881439999999999989e-11
4.700000000000000178e+00 3.762539999999999758e-11
4.719999999999999751e+00 3.648739999999999980e-11
4.740000000000000213e+00 3.540379999999999824e-11
4.769999999999999574e+00 3.437880000000000049e-11
4.790000000000000036e+00 3.341749999999999730e-11
4.809999999999999609e+00 3.252610000000000052e-11
4.830000000000000071e+00 3.171149999999999953e-11
4.849999999999999645e+00 3.098159999999999877e-11
4.870000000000000107e+00 3.034519999999999877e-11
4.889999999999999680e+00 2.981119999999999964e-11
4.910000000000000142e+00 2.938939999999999754e-11
4.929999999999999716e+00 2.908929999999999965e-11
4.950000000000000178e+00 2.892020000000000111e-11
4.969999999999999751e+00 2.889070000000000007e-11
4.990000000000000213e+00 2.900860000000000142e-11
5.009999999999999787e+00 2.928010000000000082e-11
5.030000000000000249e+00 2.970970000000000133e-11
5.049999999999999822e+00 3.029949999999999706e-11
5.070000000000000284e+00 3.104960000000000050e-11
5.089999999999999858e+00 3.195699999999999883e-11
5.110000000000000320e+00 3.301640000000000217e-11
5.129999999999999893e+00 3.421910000000000310e-11
5.150000000000000355e+00 3.555409999999999771e-11
5.169999999999999929e+00 3.700750000000000119e-11
5.190000000000000391e+00 3.856309999999999994e-11
5.209999999999999964e+00 4.020229999999999723e-11
5.230000000000000426e+00 4.190540000000000115e-11
5.250000000000000000e+00 4.365060000000000305e-11
5.269999999999999574e+00 4.541590000000000159e-11
5.290000000000000036e+00 4.717869999999999808e-11
5.309999999999999609e+00 4.891649999999999982e-11
5.330000000000000071e+00 5.060719999999999948e-11
5.349999999999999645e+00 5.223010000000000299e-11
5.370000000000000107e+00 5.376549999999999905e-11
5.389999999999999680e+00 5.519540000000000127e-11
5.410000000000000142e+00 5.650400000000000077e-11
5.429999999999999716e+00 5.767739999999999978e-11
5.450000000000000178e+00 5.870410000000000307e-11
5.469999999999999751e+00 5.957499999999999848e-11
5.490000000000000213e+00 6.028319999999999662e-11
5.509999999999999787e+00 6.082450000000000280e-11
5.530000000000000249e+00 6.119679999999999386e-11
5.549999999999999822e+00 6.139949999999999823e-11
5.570000000000000284e+00 6.143560000000000289e-11
5.589999999999999858e+00 6.130879999999999822e-11
5.610000000000000320e+00 6.102489999999999779e-11
5.629999999999999893e+00 6.059100000000000304e-11
5.650000000000000355e+00 6.001570000000000245e-11
5.669999999999999929e+00 5.930860000000000600e-11
5.690000000000000391e+00 5.848059999999999862e-11
5.709999999999999964e+00 5.754300000000000230e-11
5.730000000000000426e+00 5.650790000000000320e-11
5.750000000000000000e+00 5.538759999999999958e-11
5.769999999999999574e+00 5.419470000000000131e-11
5.790000000000000036e+00 5.294199999999999797e-11
5.809999999999999609e+00 5.164180000000000074e-11
5.830000000000000071e+00 5.030630000000000184e-11
5.849999999999999645e+00 4.894720000000000211e-11
5.870000000000000107e+00 4.757559999999999854e-11
5.889999999999999680e+00 4.620179999999999807e-11
5.910000000000000142e+00 4.483519999999999863e-11
5.929999999999999716e+00 4.348420000000000246e-11
5.950000000000000178e+00 4.215640000000000241e-11
5.969999999999999751e+00 4.085799999999999736e-11
5.990000000000000213e+00 3.959419999999999703e-11
6.009999999999999787e+00 3.836910000000000298e-11
6.030000000000000249e+00 3.718580000000000176e-11
6.049999999999999822e+00 3.604609999999999844e-11
6.070000000000000284e+00 3.495110000000000119e-11
6.089999999999999858e+00 3.390090000000000310e-11
6.110000000000000320e+00 3.289470000000000119e-11
6.129999999999999893e+00 3.193149999999999980e-11
6.150000000000000355e+00 3.100809999999999992e-11
6.169999999999999929e+00 3.012349999999999943e-11
6.190000000000000391e+00 2.927449999999999931e-11
6.209999999999999964e+00 2.845819999999999924e-11
6.230000000000000426e+00 2.767130000000000065e-11
6.250000000000000000e+00 2.691070000000000084e-11
6.269999999999999574e+00 2.617339999999999993e-11
6.290000000000000036e+00 2.545650000000000083e-11
6.309999999999999609e+00 2.475719999999999956e-11
6.330000000000000071e+00 2.407300000000000052e-11
6.349999999999999645e+00 2.340179999999999991e-11
6.370000000000000107e+00 2.274169999999999952e-11
6.389999999999999680e+00 2.209080000000000115e-11
6.410000000000000142e+00 2.144799999999999989e-11
6.429999999999999716e+00 2.081210000000000095e-11
6.450000000000000178e+00 2.018230000000000136e-11
6.469999999999999751e+00 1.955819999999999960e-11
6.490000000000000213e+00 1.893950000000000023e-11
6.509999999999999787e+00 1.832600000000000087e-11
6.530000000000000249e+00 1.771759999999999874e-11
6.549999999999999822e+00 1.711519999999999961e-11
6.570000000000000284e+00 1.651880000000000025e-11
6.589999999999999858e+00 1.592900000000000129e-11
6.610000000000000320e+00 1.534630000000000056e-11
6.629999999999999893e+00 1.477150000000000103e-11
6.650000000000000355e+00 1.420520000000000010e-11
6.669999999999999929e+00 1.364809999999999957e-11
6.690000000000000391e+00 1.310099999999999921e-11
6.709999999999999964e+00 1.256440000000000006e-11
6.730000000000000426e+00 1.203889999999999952e-11
6.750000000000000000e+00 1.152530000000000058e-11
6.769999999999999574e+00 1.102399999999999988e-11
6.790000000000000036e+00 1.053550000000000009e-11
6.809999999999999609e+00 1.006030000000000066e-11
6.830000000000000071e+00 9.598650000000000504e-12
6.849999999999999645e+00 9.150879999999999475e-12
6.870000000000000107e+00 8.717250000000000645e-12
6.889999999999999680e+00 8.297899999999999206e-12
6.910000000000000142e+00 7.892949999999999806e-12
6.929999999999999716e+00 7.502419999999999449e-12
6.950000000000000178e+00 7.126309999999999752e-12
6.969999999999999751e+00 6.764570000000000124e-12
6.990000000000000213e+00 6.417069999999999838e-12
7.009999999999999787e+00 6.083640000000000117e-12
7.030000000000000249e+00 5.764099999999999643e-12
7.049999999999999822e+00 5.458200000000000310e-12
7.070000000000000284e+00 5.165679999999999856e-12
7.089999999999999858e+00 4.886230000000000274e-12
7.110000000000000320e+00 4.619540000000000327e-12
7.129999999999999893e+00 4.364660000000000104e-12
7.150000000000000355e+00 4.122340000000000386e-12
7.169999999999999929e+00 3.891610000000000217e-12
7.190000000000000391e+00 3.672149999999999857e-12
7.209999999999999964e+00 3.463599999999999903e-12
7.230000000000000426e+00 3.265579999999999905e-12
7.259999999999999787e+00 3.077700000000000103e-12
7.280000000000000249e+00 2.899569999999999932e-12
7.299999999999999822e+00 2.730800000000000037e-12
7.320000000000000284e+00 2.570980000000000017e-12
7.339999999999999858e+00 2.419729999999999828e-12
7.360000000000000320e+00 2.276679999999999948e-12
7.379999999999999893e+00 2.141449999999999928e-12
7.400000000000000355e+00 2.013669999999999840e-12
7.419999999999999929e+00 1.893000000000000113e-12
7.440000000000000391e+00 1.779099999999999962e-12
7.459999999999999964e+00 1.671630000000000017e-12
7.480000000000000426e+00 1.570269999999999932e-12
7.500000000000000000e+00 1.474720000000000001e-12
7.519999999999999574e+00 1.384679999999999912e-12
7.540000000000000036e+00 1.299919999999999978e-12
7.559999999999999609e+00 1.220070000000000071e-12
7.580000000000000071e+00 1.144900000000000100e-12
7.599999999999999645e+00 1.074170000000000057e-12
7.620000000000000107e+00 1.007650000000000053e-12
7.639999999999999680e+00 9.450870000000000502e-13
7.660000000000000142e+00 8.862770000000000211e-13
7.679999999999999716e+00 8.310039999999999798e-13
7.700000000000000178e+00 7.790710000000000031e-13
7.719999999999999751e+00 7.302849999999999523e-13
7.740000000000000213e+00 6.844690000000000393e-13
7.759999999999999787e+00 6.414480000000000149e-13
7.780000000000000249e+00 6.010620000000000091e-13
7.799999999999999822e+00 5.631550000000000374e-13
7.820000000000000284e+00 5.275840000000000469e-13
7.839999999999999858e+00 4.942080000000000284e-13
7.860000000000000320e+00 4.628980000000000335e-13
7.879999999999999893e+00 4.335300000000000217e-13
7.900000000000000355e+00 4.059879999999999761e-13
7.919999999999999929e+00 3.801620000000000113e-13
7.940000000000000391e+00 3.559489999999999911e-13
7.959999999999999964e+00 3.332489999999999970e-13
7.980000000000000426e+00 3.119729999999999976e-13
8.000000000000000000e+00 2.920320000000000122e-13
8.019999999999999574e+00 2.733449999999999828e-13
8.039999999999999147e+00 2.558349999999999898e-13
8.060000000000000497e+00 2.394300000000000208e-13
8.080000000000000071e+00 2.240629999999999965e-13
8.099999999999999645e+00 2.096690000000000076e-13
8.119999999999999218e+00 1.961880000000000017e-13
8.140000000000000568e+00 1.836319999999999894e-13
8.160000000000000142e+00 1.718139999999999886e-13
8.179999999999999716e+00 1.607569999999999985e-13
8.199999999999999289e+00 1.504159999999999924e-13
8.220000000000000639e+00 1.407449999999999975e-13
8.240000000000000213e+00 1.317020000000000027e-13
8.259999999999999787e+00 1.232490000000000083e-13
8.279999999999999361e+00 1.153479999999999897e-13
8.300000000000000711e+00 1.079630000000000040e-13
8.320000000000000284e+00 1.010630000000000032e-13
8.339999999999999858e+00 9.461680000000000029e-14
8.359999999999999432e+00 8.859689999999999885e-14
8.380000000000000782e+00 8.297620000000000594e-14
8.400000000000000355e+00 7.773049999999999882e-14
8.419999999999999929e+00 7.283619999999999816e-14
8.439999999999999503e+00 6.827200000000000182e-14
8.460000000000000853e+00 6.401729999999999522e-14
8.480000000000000426e+00 6.005340000000000036e-14
8.500000000000000000e+00 5.636259999999999806e-14
