# log10(T) rate(cm^3/s)
# RecombRates
3.500000000000000000e+00 8.264079999999999659e-13
3.520000000000000018e+00 8.539240000000000478e-13
3.540000000000000036e+00 9.064529999999999545e-13
3.560000000000000053e+00 9.927169999999999189e-13
3.580000000000000071e+00 1.123599999999999978e-12
3.600000000000000089e+00 1.312089999999999915e-12
3.620000000000000107e+00 1.573539999999999978e-12
3.640000000000000124e+00 1.925499999999999823e-12
3.660000000000000142e+00 2.387449999999999889e-12
3.680000000000000160e+00 2.980440000000000172e-12
3.700000000000000178e+00 3.726529999999999874e-12
3.720000000000000195e+00 4.648120000000000191e-12
3.740000000000000213e+00 5.767100000000000337e-12
3.759999999999999787e+00 7.104029999999999972e-12
3.779999999999999805e+00 8.677139999999999517e-12
3.799999999999999822e+00 1.050149999999999923e-11
3.819999999999999840e+00 1.258799999999999927e-11
3.839999999999999858e+00 1.494299999999999883e-11
3.859999999999999876e+00 1.756719999999999970e-11
3.879999999999999893e+00 2.045569999999999896e-11
3.899999999999999911e+00 2.359780000000000109e-11
3.919999999999999929e+00 2.697649999999999920e-11
3.939999999999999947e+00 3.056949999999999975e-11
3.959999999999999964e+00 3.434900000000000076e-11
3.979999999999999982e+00 3.828300000000000237e-11
4.000000000000000000e+00 4.233530000000000036e-11
4.019999999999999574e+00 4.646710000000000180e-11
4.040000000000000036e+00 5.063709999999999877e-11
4.059999999999999609e+00 5.480369999999999760e-11
4.080000000000000071e+00 5.892470000000000074e-11
4.099999999999999645e+00 6.295899999999999941e-11
4.120000000000000107e+00 6.686730000000000286e-11
4.139999999999999680e+00 7.061249999999999785e-11
4.160000000000000142e+00 7.416089999999999513e-11
4.179999999999999716e+00 7.748209999999999758e-11
4.200000000000000178e+00 8.055010000000000187e-11
4.219999999999999751e+00 8.334290000000000023e-11
4.240000000000000213e+00 8.584259999999999937e-11
4.259999999999999787e+00 8.803620000000000407e-11
4.280000000000000249e+00 8.991479999999999488e-11
4.299999999999999822e+00 9.147349999999999953e-11
4.320000000000000284e+00 9.271140000000000257e-11
4.339999999999999858e+00 9.363119999999999871e-11
4.360000000000000320e+00 9.423870000000000153e-11
4.379999999999999893e+00 9.454280000000000464e-11
4.400000000000000355e+00 9.455460000000000506e-11
4.419999999999999929e+00 9.428760000000000226e-11
4.440000000000000391e+00 9.375690000000000170e-11
4.459999999999999964e+00 9.297880000000000363e-11
4.480000000000000426e+00 9.197089999999999618e-11
4.500000000000000000e+00 9.075129999999999762e-11
4.519999999999999574e+00 8.933860000000000466e-11
4.540000000000000036e+00 8.775160000000000022e-11
4.559999999999999609e+00 8.600880000000000082e-11
4.580000000000000071e+00 8.412869999999999715e-11
4.599999999999999645e+00 8.212910000000000231e-11
4.620000000000000107e+00 8.002740000000000532e-11
4.639999999999999680e+00 7.784010000000000554e-11
4.660000000000000142e+00 7.558310000000000496e-11
4.679999999999999716e+00 7.327129999999999698e-11
4.700000000000000178e+00 7.091880000000000433e-11
4.719999999999999751e+00 6.853859999999999636e-11
4.740000000000000213e+00 6.614269999999999846e-11
4.769999999999999574e+00 6.374230000000000073e-11
4.790000000000000036e+00 6.134759999999999762e-11
4.809999999999999609e+00 5.896769999999999480e-11
4.830000000000000071e+00 5.661090000000000145e-11
4.849999999999999645e+00 5.428459999999999833e-11
4.870000000000000107e+00 5.199540000000000198e-11
4.889999999999999680e+00 4.974900000000000057e-11
4.910000000000000142e+00 4.755019999999999907e-11
4.929999999999999716e+00 4.540339999999999776e-11
4.950000000000000178e+00 4.331200000000000124e-11
4.969999999999999751e+00 4.127910000000000250e-11
4.990000000000000213e+00 3.930689999999999844e-11
5.009999999999999787e+00 3.739720000000000063e-11
5.030000000000000249e+00 3.555129999999999696e-11
5.049999999999999822e+00 3.377020000000000246e-11
5.070000000000000284e+00 3.205430000000000247e-11
5.089999999999999858e+00 3.040370000000000302e-11
5.110000000000000320e+00 2.881809999999999895e-11
5.129999999999999893e+00 2.729709999999999846e-11
5.150000000000000355e+00 2.583979999999999901e-11
5.169999999999999929e+00 2.444550000000000040e-11
5.190000000000000391e+00 2.311269999999999945e-11
5.209999999999999964e+00 2.184040000000000052e-11
5.230000000000000426e+00 2.062690000000000130e-11
5.250000000000000000e+00 1.947080000000000141e-11
5.269999999999999574e+00 1.837029999999999898e-11
5.290000000000000036e+00 1.732370000000000140e-11
5.309999999999999609e+00 1.632929999999999990e-11
5.330000000000000071e+00 1.538519999999999951e-11
5.349999999999999645e+00 1.448959999999999997e-11
5.370000000000000107e+00 1.364059999999999986e-11
5.389999999999999680e+00 1.283640000000000052e-11
5.410000000000000142e+00 1.207510000000000052e-11
5.429999999999999716e+00 1.135500000000000079e-11
5.450000000000000178e+00 1.067410000000000033e-11
5.469999999999999751e+00 1.003079999999999963e-11
5.490000000000000213e+00 9.423379999999999374e-12
5.509999999999999787e+00 8.850059999999999551e-12
5.530000000000000249e+00 8.309229999999999724e-12
5.549999999999999822e+00 7.799299999999999695e-12
5.570000000000000284e+00 7.318749999999999284e-12
5.589999999999999858e+00 6.866090000000000281e-12
5.610000000000000320e+00 6.439859999999999986e-12
5.629999999999999893e+00 6.038700000000000108e-12
5.650000000000000355e+00 5.661280000000000289e-12
5.669999999999999929e+00 5.306330000000000069e-12
5.690000000000000391e+00 4.972620000000000273e-12
5.709999999999999964e+00 4.659000000000000242e-12
5.730000000000000426e+00 4.364349999999999675e-12
5.750000000000000000e+00 4.087619999999999904e-12
5.769999999999999574e+00 3.827769999999999956e-12
5.790000000000000036e+00 3.583870000000000157e-12
5.809999999999999609e+00 3.354990000000000025e-12
5.830000000000000071e+00 3.140260000000000192e-12
5.849999999999999645e+00 2.938850000000000145e-12
5.870000000000000107e+00 2.749990000000000079e-12
5.889999999999999680e+00 2.572930000000000024e-12
5.910000000000000142e+00 2.406970000000000194e-12
5.929999999999999716e+00 2.251450000000000065e-12
5.950000000000000178e+00 2.105739999999999871e-12
5.969999999999999751e+00 1.969249999999999914e-12
5.990000000000000213e+00 1.841409999999999926e-12
6.009999999999999787e+00 1.721700000000000025e-12
6.030000000000000249e+00 1.609630000000000079e-12
6.049999999999999822e+00 1.504709999999999957e-12
6.070000000000000284e+00 1.406510000000000032e-12
6.089999999999999858e+00 1.314609999999999989e-12
6.110000000000000320e+00 1.228620000000000070e-12
6.129999999999999893e+00 1.148169999999999943e-12
6.150000000000000355e+00 1.072909999999999919e-12
6.169999999999999929e+00 1.002520000000000054e-12
6.190000000000000391e+00 9.366840000000000909e-13
6.209999999999999964e+00 8.751190000000000398e-13
6.230000000000000426e+00 8.175520000000000287e-13
6.250000000000000000e+00 7.637300000000000183e-13
6.269999999999999574e+00 7.134150000000000454e-13
6.290000000000000036e+00 6.663819999999999771e-13
6.309999999999999609e+00 6.224199999999999873e-13
6.330000000000000071e+00 5.813330000000000231e-13
6.349999999999999645e+00 5.429369999999999917e-13
6.370000000000000107e+00 5.070580000000000190e-13
6.389999999999999680e+00 4.735330000000000180e-13
6.410000000000000142e+00 4.422110000000000127e-13
6.429999999999999716e+00 4.129479999999999788e-13
6.450000000000000178e+00 3.856109999999999813e-13
6.469999999999999751e+00 3.600750000000000081e-13
6.490000000000000213e+00 3.362239999999999919e-13
6.509999999999999787e+00 3.139460000000000034e-13
6.530000000000000249e+00 2.931400000000000010e-13
6.549999999999999822e+00 2.737100000000000020e-13
6.570000000000000284e+00 2.555660000000000038e-13
6.589999999999999858e+00 2.386230000000000122e-13
6.610000000000000320e+00 2.228030000000000100e-13
6.629999999999999893e+00 2.080319999999999914e-13
6.650000000000000355e+00 1.942420000000000068e-13
6.669999999999999929e+00 1.813679999999999952e-13
6.690000000000000391e+00 1.693490000000000087e-13
6.709999999999999964e+00 1.581300000000000037e-13
6.730000000000000426e+00 1.476580000000000055e-13
6.750000000000000000e+00 1.378830000000000043e-13
6.769999999999999574e+00 1.287599999999999986e-13
6.790000000000000036e+00 1.202450000000000092e-13
6.809999999999999609e+00 1.122990000000000019e-13
6.830000000000000071e+00 1.048830000000000061e-13
6.849999999999999645e+00 9.796349999999999450e-14
6.870000000000000107e+00 9.150650000000000495e-14
6.889999999999999680e+00 8.548179999999999680e-14
6.910000000000000142e+00 7.986009999999999461e-14
6.929999999999999716e+00 7.461570000000000587e-14
6.950000000000000178e+00 6.972310000000000206e-14
6.969999999999999751e+00 6.515909999999999496e-14
6.990000000000000213e+00 6.090180000000000208e-14
7.009999999999999787e+00 5.693059999999999624e-14
7.030000000000000249e+00 5.322690000000000037e-14
7.049999999999999822e+00 4.977259999999999786e-14
7.070000000000000284e+00 4.655109999999999867e-14
7.089999999999999858e+00 4.354709999999999955e-14
7.110000000000000320e+00 4.074599999999999748e-14
7.129999999999999893e+00 3.813429999999999963e-14
7.150000000000000355e+00 3.569930000000000168e-14
7.169999999999999929e+00 3.342930000000000226e-14
7.190000000000000391e+00 3.131340000000000115e-14
7.209999999999999964e+00 2.934110000000000182e-14
7.230000000000000426e+00 2.750280000000000033e-14
7.259999999999999787e+00 2.578970000000000016e-14
7.280000000000000249e+00 2.419339999999999905e-14
7.299999999999999822e+00 2.270610000000000031e-14
7.320000000000000284e+00 2.132030000000000055e-14
7.339999999999999858e+00 2.002939999999999844e-14
7.360000000000000320e+00 1.882709999999999861e-14
7.379999999999999893e+00 1.770730000000000120e-14
7.400000000000000355e+00 1.666440000000000155e-14
7.419999999999999929e+00 1.569350000000000149e-14
7.440000000000000391e+00 1.478959999999999877e-14
7.459999999999999964e+00 1.394809999999999959e-14
7.480000000000000426e+00 1.316499999999999994e-14
7.500000000000000000e+00 1.243630000000000055e-14
7.519999999999999574e+00 1.175819999999999925e-14
7.540000000000000036e+00 1.112749999999999948e-14
7.559999999999999609e+00 1.054090000000000055e-14
7.580000000000000071e+00 9.995329999999999855e-15
7.599999999999999645e+00 9.488129999999999818e-15
7.620000000000000107e+00 9.016680000000000410e-15
7.639999999999999680e+00 8.578529999999999394e-15
7.660000000000000142e+00 8.171450000000000676e-15
7.679999999999999716e+00 7.793290000000000069e-15
7.700000000000000178e+00 7.442109999999999755e-15
7.719999999999999751e+00 7.116050000000000132e-15
7.740000000000000213e+00 6.813399999999999839e-15
7.759999999999999787e+00 6.532570000000000362e-15
7.780000000000000249e+00 6.272049999999999828e-15
7.799999999999999822e+00 6.030450000000000005e-15
7.820000000000000284e+00 5.806479999999999641e-15
7.839999999999999858e+00 5.598900000000000319e-15
7.860000000000000320e+00 5.406590000000000158e-15
7.879999999999999893e+00 5.228499999999999664e-15
7.900000000000000355e+00 5.063629999999999807e-15
7.919999999999999929e+00 4.911070000000000342e-15
7.940000000000000391e+00 4.769950000000000131e-15
7.959999999999999964e+00 4.639469999999999636e-15
7.980000000000000426e+00 4.518890000000000347e-15
8.000000000000000000e+00 4.407509999999999709e-15
8.019999999999999574e+00 4.304669999999999797e-15
8.039999999999999147e+00 4.209759999999999996e-15
8.060000000000000497e+00 4.122229999999999932e-15
8.080000000000000071e+00 4.041550000000000365e-15
8.099999999999999645e+00 3.967219999999999806e-15
8.119999999999999218e+00 3.898779999999999822e-15
8.140000000000000568e+00 3.835799999999999733e-15
8.160000000000000142e+00 3.777890000000000336e-15
8.179999999999999716e+00 3.724669999999999838e-15
8.199999999999999289e+00 3.675800000000000289e-15
8.220000000000000639e+00 3.630939999999999792e-15
8.240000000000000213e+00 3.589800000000000075e-15
8.259999999999999787e+00 3.552099999999999876e-15
8.279999999999999361e+00 3.517579999999999859e-15
8.300000000000000711e+00 3.485979999999999898e-15
8.320000000000000284e+00 3.457089999999999936e-15
8.339999999999999858e+00 3.430679999999999966e-15
8.359999999999999432e+00 3.406570000000000053e-15
8.380000000000000782e+00 3.384570000000000090e-15
8.400000000000000355e+00 3.364509999999999918e-15
8.419999999999999929e+00 3.346220000000000167e-15
8.439999999999999503e+00 3.329570000000000183e-15
8.460000000000000853e+00 3.314399999999999978e-15
8.480000000000000426e+00 3.300600000000000030e-15
8.500000000000000000e+00 3.288040000000000078e-15
