# log10(T) rate(cm^3/s)
# RecombRates
3.500000000000000000e+00 1.000669999999999936e-11
3.520000000000000018e+00 9.707049999999999517e-12
3.540000000000000036e+00 9.415920000000000131e-12
3.560000000000000053e+00 9.133110000000000450e-12
3.580000000000000071e+00 8.858390000000000183e-12
3.600000000000000089e+00 8.591539999999999962e-12
3.620000000000000107e+00 8.332329999999999494e-12
3.640000000000000124e+00 8.080570000000000575e-12
3.660000000000000142e+00 7.836040000000000606e-12
3.680000000000000160e+00 7.598549999999999767e-12
3.700000000000000178e+00 7.367909999999999854e-12
3.720000000000000195e+00 7.143920000000000118e-12
3.740000000000000213e+00 6.926400000000000052e-12
3.759999999999999787e+00 6.715169999999999951e-12
3.779999999999999805e+00 6.510060000000000232e-12
3.799999999999999822e+00 6.310909999999999814e-12
3.819999999999999840e+00 6.117529999999999682e-12
3.839999999999999858e+00 5.929789999999999919e-12
3.859999999999999876e+00 5.747510000000000013e-12
3.879999999999999893e+00 5.570549999999999927e-12
3.899999999999999911e+00 5.398799999999999977e-12
3.919999999999999929e+00 5.231969999999999970e-12
3.939999999999999947e+00 5.070070000000000024e-12
3.959999999999999964e+00 4.902179999999999615e-12
3.979999999999999982e+00 4.750040000000000225e-12
4.000000000000000000e+00 4.602300000000000291e-12
4.019999999999999574e+00 4.458829999999999894e-12
4.040000000000000036e+00 4.319530000000000276e-12
4.059999999999999609e+00 4.184269999999999901e-12
4.080000000000000071e+00 4.052960000000000130e-12
4.099999999999999645e+00 3.925530000000000137e-12
4.120000000000000107e+00 3.801909999999999902e-12
4.139999999999999680e+00 3.682090000000000116e-12
4.160000000000000142e+00 3.566139999999999989e-12
4.179999999999999716e+00 3.454199999999999963e-12
4.200000000000000178e+00 3.346550000000000114e-12
4.219999999999999751e+00 3.243670000000000051e-12
4.240000000000000213e+00 3.146310000000000151e-12
4.259999999999999787e+00 3.055530000000000007e-12
4.280000000000000249e+00 2.972800000000000015e-12
4.299999999999999822e+00 2.900279999999999835e-12
4.320000000000000284e+00 2.840639999999999900e-12
4.339999999999999858e+00 2.797369999999999823e-12
4.360000000000000320e+00 2.774869999999999868e-12
4.379999999999999893e+00 2.778569999999999943e-12
4.400000000000000355e+00 2.815029999999999972e-12
4.419999999999999929e+00 2.892069999999999813e-12
4.440000000000000391e+00 3.018810000000000139e-12
4.459999999999999964e+00 3.205729999999999912e-12
4.480000000000000426e+00 3.464680000000000137e-12
4.500000000000000000e+00 3.809019999999999859e-12
4.519999999999999574e+00 4.252980000000000322e-12
4.540000000000000036e+00 4.812169999999999679e-12
4.559999999999999609e+00 5.503120000000000082e-12
4.580000000000000071e+00 6.342799999999999994e-12
4.599999999999999645e+00 7.348489999999999922e-12
4.620000000000000107e+00 8.537050000000000262e-12
4.639999999999999680e+00 9.924650000000000529e-12
4.660000000000000142e+00 1.152610000000000033e-11
4.679999999999999716e+00 1.335399999999999985e-11
4.700000000000000178e+00 1.541850000000000019e-11
4.719999999999999751e+00 1.772659999999999840e-11
4.740000000000000213e+00 2.028140000000000040e-11
4.769999999999999574e+00 2.308180000000000127e-11
4.790000000000000036e+00 2.612219999999999950e-11
4.809999999999999609e+00 2.939229999999999786e-11
4.830000000000000071e+00 3.287680000000000144e-11
4.849999999999999645e+00 3.655579999999999980e-11
4.870000000000000107e+00 4.040470000000000291e-11
4.889999999999999680e+00 4.439509999999999851e-11
4.910000000000000142e+00 4.849500000000000288e-11
4.929999999999999716e+00 5.266949999999999969e-11
4.950000000000000178e+00 5.688120000000000283e-11
4.969999999999999751e+00 6.109150000000000560e-11
4.990000000000000213e+00 6.526139999999999655e-11
5.009999999999999787e+00 6.935160000000000430e-11
5.030000000000000249e+00 7.332429999999999928e-11
5.049999999999999822e+00 7.714289999999999838e-11
5.070000000000000284e+00 8.077339999999999427e-11
5.089999999999999858e+00 8.418460000000000623e-11
5.110000000000000320e+00 8.734880000000000601e-11
5.129999999999999893e+00 9.024150000000000317e-11
5.150000000000000355e+00 9.284280000000000017e-11
5.169999999999999929e+00 9.513650000000000281e-11
5.190000000000000391e+00 9.711059999999999861e-11
5.209999999999999964e+00 9.875720000000000252e-11
5.230000000000000426e+00 1.000720000000000009e-10
5.250000000000000000e+00 1.010560000000000024e-10
5.269999999999999574e+00 1.017119999999999947e-10
5.290000000000000036e+00 1.020460000000000036e-10
5.309999999999999609e+00 1.020679999999999985e-10
5.330000000000000071e+00 1.017900000000000047e-10
5.349999999999999645e+00 1.012260000000000002e-10
5.370000000000000107e+00 1.003930000000000017e-10
5.389999999999999680e+00 9.930830000000000488e-11
5.410000000000000142e+00 9.798989999999999628e-11
5.429999999999999716e+00 9.645750000000000011e-11
5.450000000000000178e+00 9.473100000000000095e-11
5.469999999999999751e+00 9.283040000000000237e-11
5.490000000000000213e+00 9.077600000000000013e-11
5.509999999999999787e+00 8.858730000000000644e-11
5.530000000000000249e+00 8.628339999999999644e-11
5.549999999999999822e+00 8.388319999999999784e-11
5.570000000000000284e+00 8.140440000000000481e-11
5.589999999999999858e+00 7.886379999999999602e-11
5.610000000000000320e+00 7.627749999999999845e-11
5.629999999999999893e+00 7.366040000000000549e-11
5.650000000000000355e+00 7.102629999999999595e-11
5.669999999999999929e+00 6.838789999999999863e-11
5.690000000000000391e+00 6.575680000000000189e-11
5.709999999999999964e+00 6.314359999999999844e-11
5.730000000000000426e+00 6.055780000000000516e-11
5.750000000000000000e+00 5.800769999999999889e-11
5.769999999999999574e+00 5.550069999999999917e-11
5.790000000000000036e+00 5.304340000000000317e-11
5.809999999999999609e+00 5.064110000000000078e-11
5.830000000000000071e+00 4.829859999999999697e-11
5.849999999999999645e+00 4.601980000000000067e-11
5.870000000000000107e+00 4.380779999999999838e-11
5.889999999999999680e+00 4.166519999999999820e-11
5.910000000000000142e+00 3.959369999999999920e-11
5.929999999999999716e+00 3.759460000000000219e-11
5.950000000000000178e+00 3.566879999999999681e-11
5.969999999999999751e+00 3.381650000000000156e-11
5.990000000000000213e+00 3.203759999999999750e-11
6.009999999999999787e+00 3.033169999999999929e-11
6.030000000000000249e+00 2.869800000000000070e-11
6.049999999999999822e+00 2.713540000000000007e-11
6.070000000000000284e+00 2.564269999999999937e-11
6.089999999999999858e+00 2.421829999999999910e-11
6.110000000000000320e+00 2.286069999999999931e-11
6.129999999999999893e+00 2.156799999999999857e-11
6.150000000000000355e+00 2.033829999999999867e-11
6.169999999999999929e+00 1.916959999999999861e-11
6.190000000000000391e+00 1.805990000000000062e-11
6.209999999999999964e+00 1.700710000000000091e-11
6.230000000000000426e+00 1.600899999999999934e-11
6.250000000000000000e+00 1.506360000000000137e-11
6.269999999999999574e+00 1.416859999999999922e-11
6.290000000000000036e+00 1.332199999999999998e-11
6.309999999999999609e+00 1.252169999999999985e-11
6.330000000000000071e+00 1.176559999999999987e-11
6.349999999999999645e+00 1.105159999999999948e-11
6.370000000000000107e+00 1.037790000000000004e-11
6.389999999999999680e+00 9.742419999999999598e-12
6.410000000000000142e+00 9.143370000000000449e-12
6.429999999999999716e+00 8.578910000000000247e-12
6.450000000000000178e+00 8.047260000000000589e-12
6.469999999999999751e+00 7.546759999999999642e-12
6.490000000000000213e+00 7.075769999999999848e-12
6.509999999999999787e+00 6.632739999999999867e-12
6.530000000000000249e+00 6.216140000000000208e-12
6.549999999999999822e+00 5.824540000000000140e-12
6.570000000000000284e+00 5.456589999999999875e-12
6.589999999999999858e+00 5.110949999999999745e-12
6.610000000000000320e+00 4.786360000000000216e-12
6.629999999999999893e+00 4.481640000000000279e-12
6.650000000000000355e+00 4.195669999999999630e-12
6.669999999999999929e+00 3.927349999999999820e-12
6.690000000000000391e+00 3.675639999999999876e-12
6.709999999999999964e+00 3.439600000000000005e-12
6.730000000000000426e+00 3.218290000000000012e-12
6.750000000000000000e+00 3.010840000000000124e-12
6.769999999999999574e+00 2.816419999999999827e-12
6.790000000000000036e+00 2.634250000000000009e-12
6.809999999999999609e+00 2.463600000000000125e-12
6.830000000000000071e+00 2.303759999999999869e-12
6.849999999999999645e+00 2.154080000000000046e-12
6.870000000000000107e+00 2.013919999999999965e-12
6.889999999999999680e+00 1.882719999999999878e-12
6.910000000000000142e+00 1.759909999999999920e-12
6.929999999999999716e+00 1.644970000000000007e-12
6.950000000000000178e+00 1.537419999999999925e-12
6.969999999999999751e+00 1.436800000000000098e-12
6.990000000000000213e+00 1.342660000000000057e-12
7.009999999999999787e+00 1.254610000000000043e-12
7.030000000000000249e+00 1.172260000000000096e-12
7.049999999999999822e+00 1.095250000000000003e-12
7.070000000000000284e+00 1.023230000000000074e-12
7.089999999999999858e+00 9.559050000000000552e-13
7.110000000000000320e+00 8.929620000000000072e-13
7.129999999999999893e+00 8.341250000000000430e-13
7.150000000000000355e+00 7.791279999999999896e-13
7.169999999999999929e+00 7.277280000000000269e-13
7.190000000000000391e+00 6.796949999999999629e-13
7.209999999999999964e+00 6.348099999999999981e-13
7.230000000000000426e+00 5.928710000000000493e-13
7.259999999999999787e+00 5.536870000000000216e-13
7.280000000000000249e+00 5.170819999999999973e-13
7.299999999999999822e+00 4.828869999999999598e-13
7.320000000000000284e+00 4.509469999999999969e-13
7.339999999999999858e+00 4.211139999999999967e-13
7.360000000000000320e+00 3.932529999999999804e-13
7.379999999999999893e+00 3.672349999999999998e-13
7.400000000000000355e+00 3.429389999999999789e-13
7.419999999999999929e+00 3.202520000000000171e-13
7.440000000000000391e+00 2.990720000000000003e-13
7.459999999999999964e+00 2.792979999999999879e-13
7.480000000000000426e+00 2.608379999999999837e-13
7.500000000000000000e+00 2.436060000000000224e-13
7.519999999999999574e+00 2.275220000000000174e-13
7.540000000000000036e+00 2.125109999999999918e-13
7.559999999999999609e+00 1.985010000000000091e-13
7.580000000000000071e+00 1.854280000000000052e-13
7.599999999999999645e+00 1.732289999999999882e-13
7.620000000000000107e+00 1.618469999999999969e-13
7.639999999999999680e+00 1.512269999999999876e-13
7.660000000000000142e+00 1.413209999999999943e-13
7.679999999999999716e+00 1.320800000000000037e-13
7.700000000000000178e+00 1.234610000000000078e-13
7.719999999999999751e+00 1.154229999999999919e-13
7.740000000000000213e+00 1.079260000000000013e-13
7.759999999999999787e+00 1.009359999999999977e-13
7.780000000000000249e+00 9.441919999999999566e-14
7.799999999999999822e+00 8.834339999999999897e-14
7.820000000000000284e+00 8.267999999999999454e-14
7.839999999999999858e+00 7.740140000000000379e-14
7.860000000000000320e+00 7.248049999999999595e-14
7.879999999999999893e+00 6.789650000000000508e-14
7.900000000000000355e+00 6.362569999999999414e-14
7.919999999999999929e+00 5.964720000000000256e-14
7.940000000000000391e+00 5.594170000000000260e-14
7.959999999999999964e+00 5.249090000000000103e-14
7.980000000000000426e+00 4.927789999999999872e-14
8.000000000000000000e+00 4.628690000000000041e-14
8.019999999999999574e+00 4.350289999999999934e-14
8.039999999999999147e+00 4.091220000000000085e-14
8.060000000000000497e+00 3.850189999999999874e-14
8.080000000000000071e+00 3.626000000000000150e-14
8.099999999999999645e+00 3.417509999999999793e-14
8.119999999999999218e+00 3.223679999999999876e-14
8.140000000000000568e+00 3.043509999999999948e-14
8.160000000000000142e+00 2.876089999999999764e-14
8.179999999999999716e+00 2.720569999999999950e-14
8.199999999999999289e+00 2.576150000000000022e-14
8.220000000000000639e+00 2.442069999999999862e-14
8.240000000000000213e+00 2.317650000000000101e-14
8.259999999999999787e+00 2.202229999999999973e-14
8.279999999999999361e+00 2.095200000000000125e-14
8.300000000000000711e+00 1.995989999999999998e-14
8.320000000000000284e+00 1.904070000000000034e-14
8.339999999999999858e+00 1.818940000000000010e-14
8.359999999999999432e+00 1.740149999999999848e-14
8.380000000000000782e+00 1.667269999999999973e-14
8.400000000000000355e+00 1.599879999999999957e-14
8.419999999999999929e+00 1.537610000000000150e-14
8.439999999999999503e+00 1.480110000000000142e-14
8.460000000000000853e+00 1.427060000000000119e-14
8.480000000000000426e+00 1.378130000000000012e-14
8.500000000000000000e+00 1.333059999999999932e-14
