# log10(T) rate(cm^3/s)
# RecombRates
3.500000000000000000e+00 1.532509999999999899e-11
3.520000000000000018e+00 1.484720000000000160e-11
3.540000000000000036e+00 1.438339999999999948e-11
3.560000000000000053e+00 1.393310000000000007e-11
3.580000000000000071e+00 1.349590000000000028e-11
3.600000000000000089e+00 1.307159999999999935e-11
3.620000000000000107e+00 1.265980000000000064e-11
3.640000000000000124e+00 1.225999999999999986e-11
3.660000000000000142e+00 1.187210000000000068e-11
3.680000000000000160e+00 1.149549999999999923e-11
3.700000000000000178e+00 1.113009999999999919e-11
3.720000000000000195e+00 1.077550000000000068e-11
3.740000000000000213e+00 1.043149999999999973e-11
3.759999999999999787e+00 1.009760000000000011e-11
3.779999999999999805e+00 9.773649999999999254e-12
3.799999999999999822e+00 9.459359999999999388e-12
3.819999999999999840e+00 9.154439999999999512e-12
3.839999999999999858e+00 8.858650000000000022e-12
3.859999999999999876e+00 8.571699999999999917e-12
3.879999999999999893e+00 8.293369999999999830e-12
3.899999999999999911e+00 8.023399999999999921e-12
3.919999999999999929e+00 7.761559999999999898e-12
3.939999999999999947e+00 7.507619999999999467e-12
3.959999999999999964e+00 7.261349999999999952e-12
3.979999999999999982e+00 7.022539999999999680e-12
4.000000000000000000e+00 6.790980000000000211e-12
4.019999999999999574e+00 6.566459999999999871e-12
4.040000000000000036e+00 6.348799999999999766e-12
4.059999999999999609e+00 6.137820000000000195e-12
4.080000000000000071e+00 5.933349999999999956e-12
4.099999999999999645e+00 5.735290000000000293e-12
4.120000000000000107e+00 5.543540000000000025e-12
4.139999999999999680e+00 5.358120000000000195e-12
4.160000000000000142e+00 5.179159999999999916e-12
4.179999999999999716e+00 5.006929999999999952e-12
4.200000000000000178e+00 4.842090000000000020e-12
4.219999999999999751e+00 4.681479999999999960e-12
4.240000000000000213e+00 4.534780000000000191e-12
4.259999999999999787e+00 4.399830000000000246e-12
4.280000000000000249e+00 4.279510000000000210e-12
4.299999999999999822e+00 4.177670000000000313e-12
4.320000000000000284e+00 4.099299999999999708e-12
4.339999999999999858e+00 4.050689999999999979e-12
4.360000000000000320e+00 4.039529999999999853e-12
4.379999999999999893e+00 4.075029999999999853e-12
4.400000000000000355e+00 4.167649999999999917e-12
4.419999999999999929e+00 4.329349999999999925e-12
4.440000000000000391e+00 4.573230000000000295e-12
4.459999999999999964e+00 4.913250000000000294e-12
4.480000000000000426e+00 5.363950000000000383e-12
4.500000000000000000e+00 5.940049999999999918e-12
4.519999999999999574e+00 6.655729999999999954e-12
4.540000000000000036e+00 7.524870000000000429e-12
4.559999999999999609e+00 8.560009999999999994e-12
4.580000000000000071e+00 9.772130000000000690e-12
4.599999999999999645e+00 1.117059999999999927e-11
4.620000000000000107e+00 1.276259999999999976e-11
4.639999999999999680e+00 1.455339999999999896e-11
4.660000000000000142e+00 1.654630000000000029e-11
4.679999999999999716e+00 1.874230000000000103e-11
4.700000000000000178e+00 2.114049999999999863e-11
4.719999999999999751e+00 2.373859999999999984e-11
4.740000000000000213e+00 2.653230000000000075e-11
4.769999999999999574e+00 2.951589999999999705e-11
4.790000000000000036e+00 3.268220000000000063e-11
4.809999999999999609e+00 3.602300000000000190e-11
4.830000000000000071e+00 3.952859999999999779e-11
4.849999999999999645e+00 4.318759999999999906e-11
4.870000000000000107e+00 4.698720000000000319e-11
4.889999999999999680e+00 5.091320000000000080e-11
4.910000000000000142e+00 5.494939999999999768e-11
4.929999999999999716e+00 5.907769999999999494e-11
4.950000000000000178e+00 6.327799999999999593e-11
4.969999999999999751e+00 6.752829999999999934e-11
4.990000000000000213e+00 7.180469999999999917e-11
5.009999999999999787e+00 7.608129999999999814e-11
5.030000000000000249e+00 8.033100000000000415e-11
5.049999999999999822e+00 8.452510000000000624e-11
5.070000000000000284e+00 8.863440000000000207e-11
5.089999999999999858e+00 9.262890000000000570e-11
5.110000000000000320e+00 9.647920000000000273e-11
5.129999999999999893e+00 1.001559999999999977e-10
5.150000000000000355e+00 1.036310000000000038e-10
5.169999999999999929e+00 1.068780000000000056e-10
5.190000000000000391e+00 1.098730000000000041e-10
5.209999999999999964e+00 1.125940000000000043e-10
5.230000000000000426e+00 1.150219999999999984e-10
5.250000000000000000e+00 1.171420000000000128e-10
5.269999999999999574e+00 1.189400000000000049e-10
5.290000000000000036e+00 1.204080000000000096e-10
5.309999999999999609e+00 1.215400000000000011e-10
5.330000000000000071e+00 1.223349999999999968e-10
5.349999999999999645e+00 1.227919999999999881e-10
5.370000000000000107e+00 1.229180000000000092e-10
5.389999999999999680e+00 1.227190000000000081e-10
5.410000000000000142e+00 1.222060000000000017e-10
5.429999999999999716e+00 1.213909999999999895e-10
5.450000000000000178e+00 1.202889999999999969e-10
5.469999999999999751e+00 1.189169999999999886e-10
5.490000000000000213e+00 1.172920000000000071e-10
5.509999999999999787e+00 1.154340000000000043e-10
5.530000000000000249e+00 1.133629999999999967e-10
5.549999999999999822e+00 1.110990000000000007e-10
5.570000000000000284e+00 1.086630000000000026e-10
5.589999999999999858e+00 1.060760000000000016e-10
5.610000000000000320e+00 1.033580000000000012e-10
5.629999999999999893e+00 1.005290000000000051e-10
5.650000000000000355e+00 9.760909999999999694e-11
5.669999999999999929e+00 9.461650000000000099e-11
5.690000000000000391e+00 9.156900000000000453e-11
5.709999999999999964e+00 8.848320000000000005e-11
5.730000000000000426e+00 8.537500000000000245e-11
5.750000000000000000e+00 8.225880000000000084e-11
5.769999999999999574e+00 7.914789999999999559e-11
5.790000000000000036e+00 7.605469999999999742e-11
5.809999999999999609e+00 7.299039999999999643e-11
5.830000000000000071e+00 6.996460000000000260e-11
5.849999999999999645e+00 6.698630000000000266e-11
5.870000000000000107e+00 6.406350000000000061e-11
5.889999999999999680e+00 6.120270000000000052e-11
5.910000000000000142e+00 5.840970000000000304e-11
5.929999999999999716e+00 5.568939999999999977e-11
5.950000000000000178e+00 5.304579999999999920e-11
5.969999999999999751e+00 5.048219999999999991e-11
5.990000000000000213e+00 4.800089999999999835e-11
6.009999999999999787e+00 4.560369999999999964e-11
6.030000000000000249e+00 4.329199999999999769e-11
6.049999999999999822e+00 4.106629999999999678e-11
6.070000000000000284e+00 3.892659999999999692e-11
6.089999999999999858e+00 3.687269999999999898e-11
6.110000000000000320e+00 3.490379999999999997e-11
6.129999999999999893e+00 3.301909999999999690e-11
6.150000000000000355e+00 3.121710000000000276e-11
6.169999999999999929e+00 2.949609999999999909e-11
6.190000000000000391e+00 2.785459999999999886e-11
6.209999999999999964e+00 2.629029999999999916e-11
6.230000000000000426e+00 2.480109999999999941e-11
6.250000000000000000e+00 2.338489999999999904e-11
6.269999999999999574e+00 2.203929999999999879e-11
6.290000000000000036e+00 2.076189999999999941e-11
6.309999999999999609e+00 1.955009999999999926e-11
6.330000000000000071e+00 1.840149999999999909e-11
6.349999999999999645e+00 1.731360000000000006e-11
6.370000000000000107e+00 1.628399999999999968e-11
6.389999999999999680e+00 1.531009999999999956e-11
6.410000000000000142e+00 1.438960000000000000e-11
6.429999999999999716e+00 1.352000000000000055e-11
6.450000000000000178e+00 1.269899999999999991e-11
6.469999999999999751e+00 1.192429999999999999e-11
6.490000000000000213e+00 1.119370000000000066e-11
6.509999999999999787e+00 1.050500000000000017e-11
6.530000000000000249e+00 9.856040000000000481e-12
6.549999999999999822e+00 9.244920000000000153e-12
6.570000000000000284e+00 8.669639999999999801e-12
6.589999999999999858e+00 8.128319999999999842e-12
6.610000000000000320e+00 7.619139999999999784e-12
6.629999999999999893e+00 7.140380000000000317e-12
6.650000000000000355e+00 6.690389999999999727e-12
6.669999999999999929e+00 6.267570000000000122e-12
6.690000000000000391e+00 5.870409999999999823e-12
6.709999999999999964e+00 5.497469999999999596e-12
6.730000000000000426e+00 5.147380000000000227e-12
6.750000000000000000e+00 4.818829999999999976e-12
6.769999999999999574e+00 4.510570000000000237e-12
6.790000000000000036e+00 4.221420000000000000e-12
6.809999999999999609e+00 3.950269999999999888e-12
6.830000000000000071e+00 3.696050000000000190e-12
6.849999999999999645e+00 3.457760000000000001e-12
6.870000000000000107e+00 3.234440000000000100e-12
6.889999999999999680e+00 3.025200000000000075e-12
6.910000000000000142e+00 2.829189999999999984e-12
6.929999999999999716e+00 2.645599999999999955e-12
6.950000000000000178e+00 2.473680000000000017e-12
6.969999999999999751e+00 2.312710000000000149e-12
6.990000000000000213e+00 2.162020000000000112e-12
7.009999999999999787e+00 2.020970000000000021e-12
7.030000000000000249e+00 1.888970000000000179e-12
7.049999999999999822e+00 1.765449999999999914e-12
7.070000000000000284e+00 1.649880000000000034e-12
7.089999999999999858e+00 1.541760000000000087e-12
7.110000000000000320e+00 1.440660000000000043e-12
7.129999999999999893e+00 1.346069999999999938e-12
7.150000000000000355e+00 1.257620000000000047e-12
7.169999999999999929e+00 1.174910000000000090e-12
7.190000000000000391e+00 1.097589999999999971e-12
7.209999999999999964e+00 1.025300000000000084e-12
7.230000000000000426e+00 9.577229999999999976e-13
7.259999999999999787e+00 8.945599999999999768e-13
7.280000000000000249e+00 8.355290000000000035e-13
7.299999999999999822e+00 7.803630000000000344e-13
7.320000000000000284e+00 7.288109999999999729e-13
7.339999999999999858e+00 6.806419999999999587e-13
7.360000000000000320e+00 6.356390000000000343e-13
7.379999999999999893e+00 5.935939999999999847e-13
7.400000000000000355e+00 5.543169999999999896e-13
7.419999999999999929e+00 5.176280000000000437e-13
7.440000000000000391e+00 4.833610000000000444e-13
7.459999999999999964e+00 4.513560000000000207e-13
7.480000000000000426e+00 4.214659999999999835e-13
7.500000000000000000e+00 3.935540000000000111e-13
7.519999999999999574e+00 3.674919999999999754e-13
7.540000000000000036e+00 3.431579999999999803e-13
7.559999999999999609e+00 3.204380000000000024e-13
7.580000000000000071e+00 2.992290000000000066e-13
7.599999999999999645e+00 2.794300000000000018e-13
7.620000000000000107e+00 2.609489999999999920e-13
7.639999999999999680e+00 2.437000000000000117e-13
7.660000000000000142e+00 2.276030000000000249e-13
7.679999999999999716e+00 2.125799999999999888e-13
7.700000000000000178e+00 1.985630000000000042e-13
7.719999999999999751e+00 1.854839999999999950e-13
7.740000000000000213e+00 1.732819999999999880e-13
7.759999999999999787e+00 1.618980000000000034e-13
7.780000000000000249e+00 1.512810000000000094e-13
7.799999999999999822e+00 1.413770000000000094e-13
7.820000000000000284e+00 1.321419999999999988e-13
7.839999999999999858e+00 1.235300000000000048e-13
7.860000000000000320e+00 1.154999999999999875e-13
7.879999999999999893e+00 1.080139999999999980e-13
7.900000000000000355e+00 1.010360000000000049e-13
7.919999999999999929e+00 9.453199999999999544e-14
7.940000000000000391e+00 8.847110000000000457e-14
7.959999999999999964e+00 8.282360000000000264e-14
7.980000000000000426e+00 7.756239999999999674e-14
8.000000000000000000e+00 7.266169999999999976e-14
8.019999999999999574e+00 6.809759999999999803e-14
8.039999999999999147e+00 6.384769999999999814e-14
8.060000000000000497e+00 5.989130000000000351e-14
8.080000000000000071e+00 5.620899999999999808e-14
8.099999999999999645e+00 5.278229999999999942e-14
8.119999999999999218e+00 4.959210000000000055e-14
8.140000000000000568e+00 4.662659999999999920e-14
8.160000000000000142e+00 4.386909999999999808e-14
8.179999999999999716e+00 4.130580000000000157e-14
8.199999999999999289e+00 3.892370000000000256e-14
8.220000000000000639e+00 3.671070000000000230e-14
8.240000000000000213e+00 3.465559999999999775e-14
8.259999999999999787e+00 3.274760000000000225e-14
8.279999999999999361e+00 3.097710000000000237e-14
8.300000000000000711e+00 2.933469999999999919e-14
8.320000000000000284e+00 2.781180000000000121e-14
8.339999999999999858e+00 2.640050000000000133e-14
8.359999999999999432e+00 2.509320000000000156e-14
8.380000000000000782e+00 2.388300000000000095e-14
8.400000000000000355e+00 2.276320000000000038e-14
8.419999999999999929e+00 2.172770000000000003e-14
8.439999999999999503e+00 2.077090000000000152e-14
8.460000000000000853e+00 1.988730000000000112e-14
8.480000000000000426e+00 1.907209999999999845e-14
8.500000000000000000e+00 1.832049999999999941e-14
