# log10(T) rate(cm^3/s)
# RecombRates
3.500000000000000000e+00 2.504400000000000032e-11
3.520000000000000018e+00 2.427080000000000034e-11
3.540000000000000036e+00 2.352009999999999951e-11
3.560000000000000053e+00 2.279110000000000131e-11
3.580000000000000071e+00 2.208330000000000143e-11
3.600000000000000089e+00 2.139609999999999927e-11
3.620000000000000107e+00 2.072890000000000066e-11
3.640000000000000124e+00 2.008120000000000131e-11
3.660000000000000142e+00 1.945240000000000060e-11
3.680000000000000160e+00 1.884200000000000069e-11
3.700000000000000178e+00 1.824940000000000098e-11
3.720000000000000195e+00 1.767429999999999952e-11
3.740000000000000213e+00 1.711599999999999937e-11
3.759999999999999787e+00 1.657419999999999858e-11
3.779999999999999805e+00 1.604829999999999979e-11
3.799999999999999822e+00 1.553800000000000104e-11
3.819999999999999840e+00 1.504269999999999850e-11
3.839999999999999858e+00 1.456219999999999948e-11
3.859999999999999876e+00 1.409580000000000058e-11
3.879999999999999893e+00 1.364340000000000061e-11
3.899999999999999911e+00 1.320429999999999938e-11
3.919999999999999929e+00 1.277840000000000056e-11
3.939999999999999947e+00 1.236519999999999986e-11
3.959999999999999964e+00 1.196440000000000019e-11
3.979999999999999982e+00 1.157550000000000051e-11
4.000000000000000000e+00 1.119839999999999962e-11
4.019999999999999574e+00 1.083259999999999970e-11
4.040000000000000036e+00 1.047790000000000001e-11
4.059999999999999609e+00 1.013400000000000024e-11
4.080000000000000071e+00 9.800660000000000771e-12
4.099999999999999645e+00 9.477780000000000435e-12
4.120000000000000107e+00 9.165349999999999917e-12
4.139999999999999680e+00 8.863599999999999512e-12
4.160000000000000142e+00 8.573080000000000059e-12
4.179999999999999716e+00 8.294860000000000463e-12
4.200000000000000178e+00 8.030700000000000506e-12
4.219999999999999751e+00 7.783399999999999328e-12
4.240000000000000213e+00 7.557139999999999442e-12
4.259999999999999787e+00 7.357850000000000601e-12
4.280000000000000249e+00 7.193739999999999597e-12
4.299999999999999822e+00 7.075749999999999612e-12
4.320000000000000284e+00 7.018039999999999851e-12
4.339999999999999858e+00 7.038479999999999711e-12
4.360000000000000320e+00 7.158539999999999909e-12
4.379999999999999893e+00 7.404420000000000473e-12
4.400000000000000355e+00 7.802590000000000582e-12
4.419999999999999929e+00 8.393889999999999487e-12
4.440000000000000391e+00 9.211910000000000478e-12
4.459999999999999964e+00 1.029640000000000043e-11
4.480000000000000426e+00 1.168890000000000041e-11
4.500000000000000000e+00 1.343120000000000036e-11
4.519999999999999574e+00 1.556459999999999852e-11
4.540000000000000036e+00 1.812799999999999869e-11
4.559999999999999609e+00 2.115749999999999906e-11
4.580000000000000071e+00 2.468390000000000148e-11
4.599999999999999645e+00 2.873329999999999915e-11
4.620000000000000107e+00 3.332460000000000040e-11
4.639999999999999680e+00 3.847030000000000259e-11
4.660000000000000142e+00 4.417550000000000296e-11
4.679999999999999716e+00 5.043769999999999944e-11
4.700000000000000178e+00 5.724669999999999759e-11
4.719999999999999751e+00 6.458559999999999977e-11
4.740000000000000213e+00 7.243079999999999870e-11
4.769999999999999574e+00 8.075130000000000631e-11
4.790000000000000036e+00 8.951039999999999470e-11
4.809999999999999609e+00 9.866579999999999909e-11
4.830000000000000071e+00 1.081699999999999997e-10
4.849999999999999645e+00 1.179700000000000072e-10
4.870000000000000107e+00 1.280089999999999971e-10
4.889999999999999680e+00 1.382250000000000061e-10
4.910000000000000142e+00 1.485550000000000107e-10
4.929999999999999716e+00 1.589309999999999964e-10
4.950000000000000178e+00 1.692820000000000002e-10
4.969999999999999751e+00 1.795379999999999905e-10
4.990000000000000213e+00 1.896250000000000043e-10
5.009999999999999787e+00 1.994709999999999929e-10
5.030000000000000249e+00 2.090060000000000018e-10
5.049999999999999822e+00 2.181580000000000081e-10
5.070000000000000284e+00 2.268619999999999968e-10
5.089999999999999858e+00 2.350550000000000222e-10
5.110000000000000320e+00 2.426799999999999829e-10
5.129999999999999893e+00 2.496819999999999759e-10
5.150000000000000355e+00 2.560169999999999856e-10
5.169999999999999929e+00 2.616449999999999790e-10
5.190000000000000391e+00 2.665350000000000003e-10
5.209999999999999964e+00 2.706629999999999989e-10
5.230000000000000426e+00 2.740119999999999839e-10
5.250000000000000000e+00 2.765739999999999902e-10
5.269999999999999574e+00 2.783480000000000091e-10
5.290000000000000036e+00 2.793420000000000059e-10
5.309999999999999609e+00 2.795689999999999886e-10
5.330000000000000071e+00 2.790490000000000256e-10
5.349999999999999645e+00 2.778079999999999779e-10
5.370000000000000107e+00 2.758780000000000166e-10
5.389999999999999680e+00 2.732939999999999767e-10
5.410000000000000142e+00 2.700959999999999946e-10
5.429999999999999716e+00 2.663260000000000169e-10
5.450000000000000178e+00 2.620290000000000161e-10
5.469999999999999751e+00 2.572510000000000250e-10
5.490000000000000213e+00 2.520399999999999899e-10
5.509999999999999787e+00 2.464440000000000125e-10
5.530000000000000249e+00 2.405090000000000222e-10
5.549999999999999822e+00 2.342840000000000256e-10
5.570000000000000284e+00 2.278130000000000125e-10
5.589999999999999858e+00 2.211410000000000070e-10
5.610000000000000320e+00 2.143089999999999989e-10
5.629999999999999893e+00 2.073580000000000040e-10
5.650000000000000355e+00 2.003250000000000036e-10
5.669999999999999929e+00 1.932470000000000049e-10
5.690000000000000391e+00 1.861549999999999894e-10
5.709999999999999964e+00 1.790790000000000079e-10
5.730000000000000426e+00 1.720490000000000073e-10
5.750000000000000000e+00 1.650869999999999956e-10
5.769999999999999574e+00 1.582159999999999890e-10
5.790000000000000036e+00 1.514560000000000041e-10
5.809999999999999609e+00 1.448249999999999884e-10
5.830000000000000071e+00 1.383370000000000104e-10
5.849999999999999645e+00 1.320050000000000007e-10
5.870000000000000107e+00 1.258400000000000018e-10
5.889999999999999680e+00 1.198509999999999876e-10
5.910000000000000142e+00 1.140439999999999967e-10
5.929999999999999716e+00 1.084259999999999986e-10
5.950000000000000178e+00 1.030000000000000062e-10
5.969999999999999751e+00 9.776779999999999867e-11
5.990000000000000213e+00 9.273160000000000525e-11
6.009999999999999787e+00 8.789120000000000096e-11
6.030000000000000249e+00 8.324609999999999442e-11
6.049999999999999822e+00 7.879420000000000125e-11
6.070000000000000284e+00 7.453310000000000600e-11
6.089999999999999858e+00 7.045970000000000278e-11
6.110000000000000320e+00 6.657030000000000120e-11
6.129999999999999893e+00 6.286069999999999366e-11
6.150000000000000355e+00 5.932630000000000016e-11
6.169999999999999929e+00 5.596220000000000322e-11
6.190000000000000391e+00 5.276319999999999958e-11
6.209999999999999964e+00 4.972409999999999893e-11
6.230000000000000426e+00 4.683910000000000062e-11
6.250000000000000000e+00 4.410280000000000227e-11
6.269999999999999574e+00 4.150950000000000281e-11
6.290000000000000036e+00 3.905360000000000072e-11
6.309999999999999609e+00 3.672910000000000270e-11
6.330000000000000071e+00 3.453079999999999903e-11
6.349999999999999645e+00 3.245320000000000070e-11
6.370000000000000107e+00 3.049060000000000015e-11
6.389999999999999680e+00 2.863780000000000062e-11
6.410000000000000142e+00 2.688969999999999840e-11
6.429999999999999716e+00 2.524119999999999952e-11
6.450000000000000178e+00 2.368729999999999985e-11
6.469999999999999751e+00 2.222330000000000043e-11
6.490000000000000213e+00 2.084470000000000144e-11
6.509999999999999787e+00 1.954699999999999981e-11
6.530000000000000249e+00 1.832600000000000087e-11
6.549999999999999822e+00 1.717750000000000026e-11
6.570000000000000284e+00 1.609770000000000157e-11
6.589999999999999858e+00 1.508290000000000150e-11
6.610000000000000320e+00 1.412930000000000039e-11
6.629999999999999893e+00 1.323369999999999924e-11
6.650000000000000355e+00 1.239269999999999989e-11
6.669999999999999929e+00 1.160329999999999924e-11
6.690000000000000391e+00 1.086239999999999944e-11
6.709999999999999964e+00 1.016740000000000048e-11
6.730000000000000426e+00 9.515439999999999287e-12
6.750000000000000000e+00 8.904110000000000517e-12
6.769999999999999574e+00 8.330949999999999353e-12
6.790000000000000036e+00 7.793729999999999346e-12
6.809999999999999609e+00 7.290289999999999221e-12
6.830000000000000071e+00 6.818610000000000165e-12
6.849999999999999645e+00 6.376750000000000268e-12
6.870000000000000107e+00 5.962899999999999967e-12
6.889999999999999680e+00 5.575379999999999615e-12
6.910000000000000142e+00 5.212550000000000039e-12
6.929999999999999716e+00 4.872890000000000252e-12
6.950000000000000178e+00 4.554970000000000331e-12
6.969999999999999751e+00 4.257449999999999797e-12
6.990000000000000213e+00 3.979059999999999809e-12
7.009999999999999787e+00 3.718579999999999691e-12
7.030000000000000249e+00 3.474919999999999899e-12
7.049999999999999822e+00 3.246990000000000082e-12
7.070000000000000284e+00 3.033820000000000092e-12
7.089999999999999858e+00 2.834460000000000021e-12
7.110000000000000320e+00 2.648059999999999927e-12
7.129999999999999893e+00 2.473769999999999869e-12
7.150000000000000355e+00 2.310820000000000043e-12
7.169999999999999929e+00 2.158490000000000025e-12
7.190000000000000391e+00 2.016109999999999979e-12
7.209999999999999964e+00 1.883029999999999904e-12
7.230000000000000426e+00 1.758649999999999983e-12
7.259999999999999787e+00 1.642410000000000067e-12
7.280000000000000249e+00 1.533799999999999987e-12
7.299999999999999822e+00 1.432339999999999933e-12
7.320000000000000284e+00 1.337519999999999939e-12
7.339999999999999858e+00 1.248930000000000011e-12
7.360000000000000320e+00 1.166170000000000069e-12
7.379999999999999893e+00 1.088869999999999984e-12
7.400000000000000355e+00 1.016660000000000032e-12
7.419999999999999929e+00 9.492159999999999814e-13
7.440000000000000391e+00 8.862280000000000079e-13
7.459999999999999964e+00 8.274030000000000036e-13
7.480000000000000426e+00 7.724670000000000244e-13
7.500000000000000000e+00 7.211670000000000309e-13
7.519999999999999574e+00 6.732649999999999590e-13
7.540000000000000036e+00 6.285380000000000224e-13
7.559999999999999609e+00 5.867759999999999627e-13
7.580000000000000071e+00 5.477870000000000164e-13
7.599999999999999645e+00 5.113869999999999898e-13
7.620000000000000107e+00 4.774069999999999670e-13
7.639999999999999680e+00 4.456860000000000055e-13
7.660000000000000142e+00 4.160779999999999867e-13
7.679999999999999716e+00 3.884409999999999803e-13
7.700000000000000178e+00 3.626479999999999811e-13
7.719999999999999751e+00 3.385749999999999987e-13
7.740000000000000213e+00 3.161110000000000250e-13
7.759999999999999787e+00 2.951480000000000163e-13
7.780000000000000249e+00 2.755870000000000252e-13
7.799999999999999822e+00 2.573369999999999767e-13
7.820000000000000284e+00 2.403109999999999845e-13
7.839999999999999858e+00 2.244259999999999971e-13
7.860000000000000320e+00 2.096100000000000025e-13
7.879999999999999893e+00 1.957899999999999917e-13
7.900000000000000355e+00 1.829010000000000049e-13
7.919999999999999929e+00 1.708799999999999999e-13
7.940000000000000391e+00 1.596720000000000087e-13
7.959999999999999964e+00 1.492209999999999909e-13
7.980000000000000426e+00 1.394780000000000091e-13
8.000000000000000000e+00 1.303959999999999929e-13
8.019999999999999574e+00 1.219309999999999880e-13
8.039999999999999147e+00 1.140420000000000052e-13
8.060000000000000497e+00 1.066920000000000037e-13
8.080000000000000071e+00 9.984319999999999860e-14
8.099999999999999645e+00 9.346350000000000105e-14
8.119999999999999218e+00 8.752199999999999552e-14
8.140000000000000568e+00 8.198889999999999560e-14
8.160000000000000142e+00 7.683740000000000488e-14
8.179999999999999716e+00 7.204219999999999670e-14
8.199999999999999289e+00 6.757959999999999711e-14
8.220000000000000639e+00 6.342749999999999656e-14
8.240000000000000213e+00 5.956540000000000032e-14
8.259999999999999787e+00 5.597360000000000219e-14
8.279999999999999361e+00 5.263440000000000189e-14
8.300000000000000711e+00 4.952809999999999951e-14
8.320000000000000284e+00 4.664409999999999761e-14
8.339999999999999858e+00 4.396540000000000242e-14
8.359999999999999432e+00 4.147830000000000033e-14
8.380000000000000782e+00 3.916999999999999869e-14
8.400000000000000355e+00 3.702870000000000155e-14
8.419999999999999929e+00 3.504299999999999770e-14
8.439999999999999503e+00 3.320249999999999787e-14
8.460000000000000853e+00 3.149750000000000034e-14
8.480000000000000426e+00 2.991890000000000265e-14
8.500000000000000000e+00 2.845820000000000161e-14
