# log10(T) rate(cm^3/s)
# RecombRates
3.500000000000000000e+00 5.497899999999999828e-11
3.520000000000000018e+00 5.332559999999999807e-11
3.540000000000000036e+00 5.171929999999999996e-11
3.560000000000000053e+00 5.015869999999999710e-11
3.580000000000000071e+00 4.864270000000000073e-11
3.600000000000000089e+00 4.716989999999999755e-11
3.620000000000000107e+00 4.573919999999999881e-11
3.640000000000000124e+00 4.434950000000000283e-11
3.660000000000000142e+00 4.299960000000000188e-11
3.680000000000000160e+00 4.168850000000000033e-11
3.700000000000000178e+00 4.041489999999999736e-11
3.720000000000000195e+00 3.917810000000000247e-11
3.740000000000000213e+00 3.797680000000000192e-11
3.759999999999999787e+00 3.681019999999999920e-11
3.779999999999999805e+00 3.567719999999999908e-11
3.799999999999999822e+00 3.457699999999999857e-11
3.819999999999999840e+00 3.350870000000000160e-11
3.839999999999999858e+00 3.247129999999999958e-11
3.859999999999999876e+00 3.146400000000000245e-11
3.879999999999999893e+00 3.048600000000000076e-11
3.899999999999999911e+00 2.953649999999999799e-11
3.919999999999999929e+00 2.861460000000000128e-11
3.939999999999999947e+00 2.771960000000000075e-11
3.959999999999999964e+00 2.685079999999999945e-11
3.979999999999999982e+00 2.600750000000000040e-11
4.000000000000000000e+00 2.518880000000000108e-11
4.019999999999999574e+00 2.439420000000000040e-11
4.040000000000000036e+00 2.362289999999999863e-11
4.059999999999999609e+00 2.287430000000000160e-11
4.080000000000000071e+00 2.214789999999999855e-11
4.099999999999999645e+00 2.144289999999999944e-11
4.120000000000000107e+00 2.075870000000000039e-11
4.139999999999999680e+00 2.009480000000000037e-11
4.160000000000000142e+00 1.945070000000000152e-11
4.179999999999999716e+00 1.882560000000000089e-11
4.200000000000000178e+00 1.821929999999999932e-11
4.219999999999999751e+00 1.763100000000000030e-11
4.240000000000000213e+00 1.706029999999999911e-11
4.259999999999999787e+00 1.650690000000000027e-11
4.280000000000000249e+00 1.597029999999999951e-11
4.299999999999999822e+00 1.545009999999999856e-11
4.320000000000000284e+00 1.494630000000000064e-11
4.339999999999999858e+00 1.445879999999999974e-11
4.360000000000000320e+00 1.398779999999999983e-11
4.379999999999999893e+00 1.353410000000000066e-11
4.400000000000000355e+00 1.309880000000000069e-11
4.419999999999999929e+00 1.268370000000000017e-11
4.440000000000000391e+00 1.229159999999999985e-11
4.459999999999999964e+00 1.192650000000000012e-11
4.480000000000000426e+00 1.159349999999999982e-11
4.500000000000000000e+00 1.129970000000000041e-11
4.519999999999999574e+00 1.105390000000000079e-11
4.540000000000000036e+00 1.086689999999999927e-11
4.559999999999999609e+00 1.075180000000000029e-11
4.580000000000000071e+00 1.072379999999999920e-11
4.599999999999999645e+00 1.080050000000000028e-11
4.620000000000000107e+00 1.100099999999999967e-11
4.639999999999999680e+00 1.134629999999999983e-11
4.660000000000000142e+00 1.185810000000000013e-11
4.679999999999999716e+00 1.255880000000000016e-11
4.700000000000000178e+00 1.346549999999999993e-11
4.719999999999999751e+00 1.460839999999999902e-11
4.740000000000000213e+00 1.600130000000000049e-11
4.769999999999999574e+00 1.765939999999999966e-11
4.790000000000000036e+00 1.959430000000000103e-11
4.809999999999999609e+00 2.181329999999999875e-11
4.830000000000000071e+00 2.431810000000000156e-11
4.849999999999999645e+00 2.710499999999999972e-11
4.870000000000000107e+00 3.016409999999999746e-11
4.889999999999999680e+00 3.347979999999999796e-11
4.910000000000000142e+00 3.703069999999999730e-11
4.929999999999999716e+00 4.078980000000000296e-11
4.950000000000000178e+00 4.472519999999999849e-11
4.969999999999999751e+00 4.880099999999999774e-11
4.990000000000000213e+00 5.297810000000000263e-11
5.009999999999999787e+00 5.721389999999999797e-11
5.030000000000000249e+00 6.146600000000000002e-11
5.049999999999999822e+00 6.569010000000000097e-11
5.070000000000000284e+00 6.984320000000000031e-11
5.089999999999999858e+00 7.388270000000000223e-11
5.110000000000000320e+00 7.776899999999999790e-11
5.129999999999999893e+00 8.146460000000000166e-11
5.150000000000000355e+00 8.493610000000000358e-11
5.169999999999999929e+00 8.815330000000000566e-11
5.190000000000000391e+00 9.109080000000000198e-11
5.209999999999999964e+00 9.372739999999999420e-11
5.230000000000000426e+00 9.604630000000000364e-11
5.250000000000000000e+00 9.803559999999999800e-11
5.269999999999999574e+00 9.968749999999999826e-11
5.290000000000000036e+00 1.009990000000000045e-10
5.309999999999999609e+00 1.019699999999999979e-10
5.330000000000000071e+00 1.026050000000000040e-10
5.349999999999999645e+00 1.029110000000000053e-10
5.370000000000000107e+00 1.029000000000000014e-10
5.389999999999999680e+00 1.025850000000000004e-10
5.410000000000000142e+00 1.019800000000000061e-10
5.429999999999999716e+00 1.011030000000000049e-10
5.450000000000000178e+00 9.997230000000000125e-11
5.469999999999999751e+00 9.860719999999999528e-11
5.490000000000000213e+00 9.702810000000000174e-11
5.509999999999999787e+00 9.525539999999999658e-11
5.530000000000000249e+00 9.330979999999999970e-11
5.549999999999999822e+00 9.121169999999999998e-11
5.570000000000000284e+00 8.898140000000000614e-11
5.589999999999999858e+00 8.663849999999999762e-11
5.610000000000000320e+00 8.420089999999999355e-11
5.629999999999999893e+00 8.168749999999999579e-11
5.650000000000000355e+00 7.911509999999999597e-11
5.669999999999999929e+00 7.649970000000000209e-11
5.690000000000000391e+00 7.385599999999999549e-11
5.709999999999999964e+00 7.119770000000000065e-11
5.730000000000000426e+00 6.853779999999999983e-11
5.750000000000000000e+00 6.588740000000000297e-11
5.769999999999999574e+00 6.325710000000000276e-11
5.790000000000000036e+00 6.065609999999999799e-11
5.809999999999999609e+00 5.809289999999999695e-11
5.830000000000000071e+00 5.557440000000000198e-11
5.849999999999999645e+00 5.310719999999999731e-11
5.870000000000000107e+00 5.069659999999999867e-11
5.889999999999999680e+00 4.834709999999999944e-11
5.910000000000000142e+00 4.606229999999999690e-11
5.929999999999999716e+00 4.384550000000000255e-11
5.950000000000000178e+00 4.169890000000000037e-11
5.969999999999999751e+00 3.962430000000000192e-11
5.990000000000000213e+00 3.762249999999999726e-11
6.009999999999999787e+00 3.569480000000000013e-11
6.030000000000000249e+00 3.384099999999999848e-11
6.049999999999999822e+00 3.206099999999999920e-11
6.070000000000000284e+00 3.035439999999999756e-11
6.089999999999999858e+00 2.872010000000000159e-11
6.110000000000000320e+00 2.715729999999999859e-11
6.129999999999999893e+00 2.566450000000000156e-11
6.150000000000000355e+00 2.424020000000000086e-11
6.169999999999999929e+00 2.288270000000000063e-11
6.190000000000000391e+00 2.159029999999999859e-11
6.209999999999999964e+00 2.036090000000000061e-11
6.230000000000000426e+00 1.919249999999999925e-11
6.250000000000000000e+00 1.808309999999999996e-11
6.269999999999999574e+00 1.703059999999999894e-11
6.290000000000000036e+00 1.603279999999999930e-11
6.309999999999999609e+00 1.508760000000000046e-11
6.330000000000000071e+00 1.419290000000000024e-11
6.349999999999999645e+00 1.334650000000000013e-11
6.370000000000000107e+00 1.254629999999999956e-11
6.389999999999999680e+00 1.179030000000000076e-11
6.410000000000000142e+00 1.107649999999999950e-11
6.429999999999999716e+00 1.040280000000000006e-11
6.450000000000000178e+00 9.767310000000000313e-12
6.469999999999999751e+00 9.168209999999999766e-12
6.490000000000000213e+00 8.603690000000000471e-12
6.509999999999999787e+00 8.071959999999999868e-12
6.530000000000000249e+00 7.571340000000000735e-12
6.549999999999999822e+00 7.100199999999999978e-12
6.570000000000000284e+00 6.656999999999999604e-12
6.589999999999999858e+00 6.239890000000000385e-12
6.610000000000000320e+00 5.848049999999999906e-12
6.629999999999999893e+00 5.479759999999999665e-12
6.650000000000000355e+00 5.133780000000000365e-12
6.669999999999999929e+00 4.808810000000000388e-12
6.690000000000000391e+00 4.503699999999999884e-12
6.709999999999999964e+00 4.217320000000000048e-12
6.730000000000000426e+00 3.948600000000000361e-12
6.750000000000000000e+00 3.696499999999999850e-12
6.769999999999999574e+00 3.460049999999999984e-12
6.790000000000000036e+00 3.238329999999999995e-12
6.809999999999999609e+00 3.030459999999999994e-12
6.830000000000000071e+00 2.835619999999999988e-12
6.849999999999999645e+00 2.653030000000000056e-12
6.870000000000000107e+00 2.481930000000000109e-12
6.889999999999999680e+00 2.321649999999999907e-12
6.910000000000000142e+00 2.171520000000000021e-12
6.929999999999999716e+00 2.030909999999999876e-12
6.950000000000000178e+00 1.899250000000000010e-12
6.969999999999999751e+00 1.775980000000000072e-12
6.990000000000000213e+00 1.660609999999999929e-12
7.009999999999999787e+00 1.552600000000000069e-12
7.030000000000000249e+00 1.451520000000000059e-12
7.049999999999999822e+00 1.356940000000000073e-12
7.070000000000000284e+00 1.268439999999999995e-12
7.089999999999999858e+00 1.185639999999999985e-12
7.110000000000000320e+00 1.108189999999999946e-12
7.129999999999999893e+00 1.035749999999999903e-12
7.150000000000000355e+00 9.679880000000000553e-13
7.169999999999999929e+00 9.046210000000000084e-13
7.190000000000000391e+00 8.453659999999999746e-13
7.209999999999999964e+00 7.899590000000000270e-13
7.230000000000000426e+00 7.381519999999999833e-13
7.259999999999999787e+00 6.897160000000000269e-13
7.280000000000000249e+00 6.444360000000000421e-13
7.299999999999999822e+00 6.021059999999999590e-13
7.320000000000000284e+00 5.625370000000000293e-13
7.339999999999999858e+00 5.255500000000000174e-13
7.360000000000000320e+00 4.909809999999999655e-13
7.379999999999999893e+00 4.586709999999999749e-13
7.400000000000000355e+00 4.284730000000000060e-13
7.419999999999999929e+00 4.002519999999999792e-13
7.440000000000000391e+00 3.738789999999999965e-13
7.459999999999999964e+00 3.492340000000000041e-13
7.480000000000000426e+00 3.262050000000000222e-13
7.500000000000000000e+00 3.046860000000000005e-13
7.519999999999999574e+00 2.845799999999999850e-13
7.540000000000000036e+00 2.657940000000000083e-13
7.559999999999999609e+00 2.482420000000000039e-13
7.580000000000000071e+00 2.318439999999999863e-13
7.599999999999999645e+00 2.165620000000000066e-13
7.620000000000000107e+00 2.022519999999999898e-13
7.639999999999999680e+00 1.888889999999999941e-13
7.660000000000000142e+00 1.764109999999999993e-13
7.679999999999999716e+00 1.647609999999999934e-13
7.700000000000000178e+00 1.538840000000000085e-13
7.719999999999999751e+00 1.437310000000000062e-13
7.740000000000000213e+00 1.342520000000000019e-13
7.759999999999999787e+00 1.254050000000000094e-13
7.780000000000000249e+00 1.171479999999999922e-13
7.799999999999999822e+00 1.094409999999999953e-13
7.820000000000000284e+00 1.022500000000000061e-13
7.839999999999999858e+00 9.554070000000000254e-14
7.860000000000000320e+00 8.928160000000000147e-14
7.879999999999999893e+00 8.344340000000000218e-14
7.900000000000000355e+00 7.799909999999999376e-14
7.919999999999999929e+00 7.292290000000000172e-14
7.940000000000000391e+00 6.819130000000000348e-14
7.959999999999999964e+00 6.378190000000000563e-14
7.980000000000000426e+00 5.967399999999999897e-14
8.000000000000000000e+00 5.584809999999999808e-14
8.019999999999999574e+00 5.228619999999999990e-14
8.039999999999999147e+00 4.897129999999999804e-14
8.060000000000000497e+00 4.588750000000000263e-14
8.080000000000000071e+00 4.302029999999999896e-14
8.099999999999999645e+00 4.035519999999999752e-14
8.119999999999999218e+00 3.787980000000000309e-14
8.140000000000000568e+00 3.558160000000000057e-14
8.160000000000000142e+00 3.344939999999999957e-14
8.179999999999999716e+00 3.147250000000000171e-14
8.199999999999999289e+00 2.964090000000000247e-14
8.220000000000000639e+00 2.794539999999999849e-14
8.240000000000000213e+00 2.637740000000000141e-14
8.259999999999999787e+00 2.492849999999999950e-14
8.279999999999999361e+00 2.359119999999999885e-14
8.300000000000000711e+00 2.235829999999999887e-14
8.320000000000000284e+00 2.122310000000000046e-14
8.339999999999999858e+00 2.017939999999999970e-14
8.359999999999999432e+00 1.922120000000000081e-14
8.380000000000000782e+00 1.834319999999999877e-14
8.400000000000000355e+00 1.754010000000000116e-14
8.419999999999999929e+00 1.680710000000000128e-14
8.439999999999999503e+00 1.613979999999999929e-14
8.460000000000000853e+00 1.553379999999999852e-14
8.480000000000000426e+00 1.498520000000000061e-14
8.500000000000000000e+00 1.449040000000000054e-14
