# log10(T) rate(cm^3/s)
# RecombRates
3.500000000000000000e+00 2.766869999999999773e-10
3.520000000000000018e+00 2.687579999999999936e-10
3.540000000000000036e+00 2.610479999999999758e-10
3.560000000000000053e+00 2.535500000000000188e-10
3.580000000000000071e+00 2.462599999999999851e-10
3.600000000000000089e+00 2.391700000000000126e-10
3.620000000000000107e+00 2.322759999999999897e-10
3.640000000000000124e+00 2.255730000000000026e-10
3.660000000000000142e+00 2.190549999999999999e-10
3.680000000000000160e+00 2.127169999999999904e-10
3.700000000000000178e+00 2.065559999999999999e-10
3.720000000000000195e+00 2.005649999999999945e-10
3.740000000000000213e+00 1.947399999999999913e-10
3.759999999999999787e+00 1.890779999999999906e-10
3.779999999999999805e+00 1.835720000000000098e-10
3.799999999999999822e+00 1.782209999999999887e-10
3.819999999999999840e+00 1.730179999999999964e-10
3.839999999999999858e+00 1.679600000000000073e-10
3.859999999999999876e+00 1.630430000000000128e-10
3.879999999999999893e+00 1.582639999999999872e-10
3.899999999999999911e+00 1.536189999999999996e-10
3.919999999999999929e+00 1.491030000000000072e-10
3.939999999999999947e+00 1.447139999999999926e-10
3.959999999999999964e+00 1.404479999999999993e-10
3.979999999999999982e+00 1.363020000000000014e-10
4.000000000000000000e+00 1.322719999999999905e-10
4.019999999999999574e+00 1.283560000000000012e-10
4.040000000000000036e+00 1.245499999999999990e-10
4.059999999999999609e+00 1.208510000000000100e-10
4.080000000000000071e+00 1.172569999999999912e-10
4.099999999999999645e+00 1.137639999999999987e-10
4.120000000000000107e+00 1.103700000000000025e-10
4.139999999999999680e+00 1.070720000000000026e-10
4.160000000000000142e+00 1.038669999999999992e-10
4.179999999999999716e+00 1.007530000000000009e-10
4.200000000000000178e+00 9.772809999999999673e-11
4.219999999999999751e+00 9.478879999999999531e-11
4.240000000000000213e+00 9.193319999999999847e-11
4.259999999999999787e+00 8.915890000000000372e-11
4.280000000000000249e+00 8.646369999999999477e-11
4.299999999999999822e+00 8.384550000000000013e-11
4.320000000000000284e+00 8.130219999999999662e-11
4.339999999999999858e+00 7.883159999999999380e-11
4.360000000000000320e+00 7.643189999999999949e-11
4.379999999999999893e+00 7.410100000000000343e-11
4.400000000000000355e+00 7.183699999999999450e-11
4.419999999999999929e+00 6.963819999999999947e-11
4.440000000000000391e+00 6.750269999999999428e-11
4.459999999999999964e+00 6.542889999999999881e-11
4.480000000000000426e+00 6.341479999999999592e-11
4.500000000000000000e+00 6.145909999999999770e-11
4.519999999999999574e+00 5.956010000000000508e-11
4.540000000000000036e+00 5.771629999999999874e-11
4.559999999999999609e+00 5.592629999999999768e-11
4.580000000000000071e+00 5.418880000000000110e-11
4.599999999999999645e+00 5.250270000000000084e-11
4.620000000000000107e+00 5.086700000000000126e-11
4.639999999999999680e+00 4.928099999999999893e-11
4.660000000000000142e+00 4.774430000000000205e-11
4.679999999999999716e+00 4.625689999999999771e-11
4.700000000000000178e+00 4.481919999999999708e-11
4.719999999999999751e+00 4.343240000000000141e-11
4.740000000000000213e+00 4.209799999999999773e-11
4.769999999999999574e+00 4.081860000000000057e-11
4.790000000000000036e+00 3.959750000000000207e-11
4.809999999999999609e+00 3.843879999999999733e-11
4.830000000000000071e+00 3.734760000000000294e-11
4.849999999999999645e+00 3.632999999999999888e-11
4.870000000000000107e+00 3.539270000000000125e-11
4.889999999999999680e+00 3.454319999999999684e-11
4.910000000000000142e+00 3.378980000000000128e-11
4.929999999999999716e+00 3.314089999999999745e-11
4.950000000000000178e+00 3.260509999999999968e-11
4.969999999999999751e+00 3.219079999999999729e-11
4.990000000000000213e+00 3.190610000000000033e-11
5.009999999999999787e+00 3.175799999999999776e-11
5.030000000000000249e+00 3.175260000000000184e-11
5.049999999999999822e+00 3.189439999999999948e-11
5.070000000000000284e+00 3.218609999999999833e-11
5.089999999999999858e+00 3.262850000000000137e-11
5.110000000000000320e+00 3.322030000000000134e-11
5.129999999999999893e+00 3.395740000000000311e-11
5.150000000000000355e+00 3.483390000000000003e-11
5.169999999999999929e+00 3.584109999999999760e-11
5.190000000000000391e+00 3.696789999999999882e-11
5.209999999999999964e+00 3.820130000000000202e-11
5.230000000000000426e+00 3.952620000000000176e-11
5.250000000000000000e+00 4.092579999999999996e-11
5.269999999999999574e+00 4.238189999999999816e-11
5.290000000000000036e+00 4.387550000000000141e-11
5.309999999999999609e+00 4.538679999999999882e-11
5.330000000000000071e+00 4.689570000000000020e-11
5.349999999999999645e+00 4.838240000000000112e-11
5.370000000000000107e+00 4.982770000000000103e-11
5.389999999999999680e+00 5.121310000000000278e-11
5.410000000000000142e+00 5.252119999999999799e-11
5.429999999999999716e+00 5.373640000000000274e-11
5.450000000000000178e+00 5.484440000000000166e-11
5.469999999999999751e+00 5.583310000000000208e-11
5.490000000000000213e+00 5.669199999999999794e-11
5.509999999999999787e+00 5.741289999999999904e-11
5.530000000000000249e+00 5.798960000000000001e-11
5.549999999999999822e+00 5.841780000000000014e-11
5.570000000000000284e+00 5.869550000000000168e-11
5.589999999999999858e+00 5.882259999999999858e-11
5.610000000000000320e+00 5.879959999999999514e-11
5.629999999999999893e+00 5.863089999999999809e-11
5.650000000000000355e+00 5.832090000000000123e-11
5.669999999999999929e+00 5.787559999999999787e-11
5.690000000000000391e+00 5.730240000000000108e-11
5.709999999999999964e+00 5.660960000000000064e-11
5.730000000000000426e+00 5.580660000000000093e-11
5.750000000000000000e+00 5.490339999999999727e-11
5.769999999999999574e+00 5.391090000000000043e-11
5.790000000000000036e+00 5.284010000000000140e-11
5.809999999999999609e+00 5.170270000000000102e-11
5.830000000000000071e+00 5.051030000000000057e-11
5.849999999999999645e+00 4.927450000000000133e-11
5.870000000000000107e+00 4.800699999999999769e-11
5.889999999999999680e+00 4.671889999999999958e-11
5.910000000000000142e+00 4.542109999999999838e-11
5.929999999999999716e+00 4.412360000000000234e-11
5.950000000000000178e+00 4.283610000000000162e-11
5.969999999999999751e+00 4.156699999999999848e-11
5.990000000000000213e+00 4.032399999999999822e-11
6.009999999999999787e+00 3.911359999999999845e-11
6.030000000000000249e+00 3.794130000000000111e-11
6.049999999999999822e+00 3.681150000000000001e-11
6.070000000000000284e+00 3.572710000000000192e-11
6.089999999999999858e+00 3.469039999999999686e-11
6.110000000000000320e+00 3.370220000000000073e-11
6.129999999999999893e+00 3.276250000000000060e-11
6.150000000000000355e+00 3.187030000000000083e-11
6.169999999999999929e+00 3.102380000000000277e-11
6.190000000000000391e+00 3.022120000000000132e-11
6.209999999999999964e+00 2.945769999999999796e-11
6.230000000000000426e+00 2.873160000000000008e-11
6.250000000000000000e+00 2.803879999999999964e-11
6.269999999999999574e+00 2.737530000000000110e-11
6.290000000000000036e+00 2.673709999999999923e-11
6.309999999999999609e+00 2.612009999999999894e-11
6.330000000000000071e+00 2.552079999999999926e-11
6.349999999999999645e+00 2.493569999999999926e-11
6.370000000000000107e+00 2.436140000000000078e-11
6.389999999999999680e+00 2.379500000000000029e-11
6.410000000000000142e+00 2.323420000000000131e-11
6.429999999999999716e+00 2.267660000000000134e-11
6.450000000000000178e+00 2.212060000000000088e-11
6.469999999999999751e+00 2.156469999999999999e-11
6.490000000000000213e+00 2.100789999999999978e-11
6.509999999999999787e+00 2.044969999999999919e-11
6.530000000000000249e+00 1.988950000000000083e-11
6.549999999999999822e+00 1.932740000000000103e-11
6.570000000000000284e+00 1.876359999999999893e-11
6.589999999999999858e+00 1.819810000000000098e-11
6.610000000000000320e+00 1.763220000000000155e-11
6.629999999999999893e+00 1.706639999999999845e-11
6.650000000000000355e+00 1.650160000000000069e-11
6.669999999999999929e+00 1.593870000000000114e-11
6.690000000000000391e+00 1.537880000000000148e-11
6.709999999999999964e+00 1.482300000000000015e-11
6.730000000000000426e+00 1.427240000000000046e-11
6.750000000000000000e+00 1.372809999999999923e-11
6.769999999999999574e+00 1.319110000000000021e-11
6.790000000000000036e+00 1.266229999999999947e-11
6.809999999999999609e+00 1.214270000000000076e-11
6.830000000000000071e+00 1.163320000000000015e-11
6.849999999999999645e+00 1.113449999999999946e-11
6.870000000000000107e+00 1.064730000000000048e-11
6.889999999999999680e+00 1.017230000000000019e-11
6.910000000000000142e+00 9.709990000000000311e-12
6.929999999999999716e+00 9.260820000000000519e-12
6.950000000000000178e+00 8.825150000000000216e-12
6.969999999999999751e+00 8.403279999999999712e-12
6.990000000000000213e+00 7.995409999999999755e-12
7.009999999999999787e+00 7.601669999999999455e-12
7.030000000000000249e+00 7.222129999999999641e-12
7.049999999999999822e+00 6.856790000000000311e-12
7.070000000000000284e+00 6.505579999999999831e-12
7.089999999999999858e+00 6.168400000000000252e-12
7.110000000000000320e+00 5.845099999999999802e-12
7.129999999999999893e+00 5.535459999999999922e-12
7.150000000000000355e+00 5.239230000000000083e-12
7.169999999999999929e+00 4.956149999999999637e-12
7.190000000000000391e+00 4.685279999999999601e-12
7.209999999999999964e+00 4.427489999999999747e-12
7.230000000000000426e+00 4.181750000000000029e-12
7.259999999999999787e+00 3.947760000000000134e-12
7.280000000000000249e+00 3.725190000000000205e-12
7.299999999999999822e+00 3.513669999999999911e-12
7.320000000000000284e+00 3.312820000000000014e-12
7.339999999999999858e+00 3.122230000000000117e-12
7.360000000000000320e+00 2.941529999999999887e-12
7.379999999999999893e+00 2.770300000000000020e-12
7.400000000000000355e+00 2.608149999999999948e-12
7.419999999999999929e+00 2.454689999999999914e-12
7.440000000000000391e+00 2.309539999999999871e-12
7.459999999999999964e+00 2.172329999999999893e-12
7.480000000000000426e+00 2.042669999999999817e-12
7.500000000000000000e+00 1.920230000000000190e-12
7.519999999999999574e+00 1.804649999999999989e-12
7.540000000000000036e+00 1.695610000000000082e-12
7.559999999999999609e+00 1.592759999999999970e-12
7.580000000000000071e+00 1.495810000000000065e-12
7.599999999999999645e+00 1.404510000000000040e-12
7.620000000000000107e+00 1.318469999999999935e-12
7.639999999999999680e+00 1.237449999999999943e-12
7.660000000000000142e+00 1.161190000000000023e-12
7.679999999999999716e+00 1.089440000000000051e-12
7.700000000000000178e+00 1.021960000000000020e-12
7.719999999999999751e+00 9.584949999999999462e-13
7.740000000000000213e+00 8.988389999999999629e-13
7.759999999999999787e+00 8.427729999999999674e-13
7.780000000000000249e+00 7.900949999999999771e-13
7.799999999999999822e+00 7.406109999999999832e-13
7.820000000000000284e+00 6.941390000000000375e-13
7.839999999999999858e+00 6.505039999999999916e-13
7.860000000000000320e+00 6.095419999999999891e-13
7.879999999999999893e+00 5.710950000000000015e-13
7.900000000000000355e+00 5.350169999999999608e-13
7.919999999999999929e+00 5.011659999999999872e-13
7.940000000000000391e+00 4.694109999999999877e-13
7.959999999999999964e+00 4.396250000000000074e-13
7.980000000000000426e+00 4.116919999999999789e-13
8.000000000000000000e+00 3.855000000000000234e-13
8.019999999999999574e+00 3.609420000000000184e-13
8.039999999999999147e+00 3.379210000000000098e-13
8.060000000000000497e+00 3.163430000000000082e-13
8.080000000000000071e+00 2.961200000000000044e-13
8.099999999999999645e+00 2.771689999999999976e-13
8.119999999999999218e+00 2.594119999999999957e-13
8.140000000000000568e+00 2.427760000000000148e-13
8.160000000000000142e+00 2.271920000000000077e-13
8.179999999999999716e+00 2.125949999999999893e-13
8.199999999999999289e+00 1.989989999999999884e-13
8.220000000000000639e+00 1.861990000000000076e-13
8.240000000000000213e+00 1.742230000000000039e-13
8.259999999999999787e+00 1.630199999999999960e-13
8.279999999999999361e+00 1.525440000000000112e-13
8.300000000000000711e+00 1.427470000000000076e-13
8.320000000000000284e+00 1.335869999999999992e-13
8.339999999999999858e+00 1.250249999999999898e-13
8.359999999999999432e+00 1.170220000000000087e-13
8.380000000000000782e+00 1.095440000000000051e-13
8.400000000000000355e+00 1.025580000000000008e-13
8.419999999999999929e+00 9.603240000000000538e-14
8.439999999999999503e+00 8.993980000000000416e-14
8.460000000000000853e+00 8.425240000000000408e-14
8.480000000000000426e+00 7.894569999999999853e-14
8.500000000000000000e+00 7.399629999999999743e-14
