# log10(T) rate(cm^3/s)
# RecombRates
3.500000000000000000e+00 1.952379999999999983e-10
3.520000000000000018e+00 1.895989999999999881e-10
3.540000000000000036e+00 1.841159999999999978e-10
3.560000000000000053e+00 1.787849999999999932e-10
3.580000000000000071e+00 1.736019999999999915e-10
3.600000000000000089e+00 1.685630000000000103e-10
3.620000000000000107e+00 1.636630000000000065e-10
3.640000000000000124e+00 1.588999999999999889e-10
3.660000000000000142e+00 1.542700000000000008e-10
3.680000000000000160e+00 1.497679999999999992e-10
3.700000000000000178e+00 1.453919999999999928e-10
3.720000000000000195e+00 1.411379999999999990e-10
3.740000000000000213e+00 1.370029999999999921e-10
3.759999999999999787e+00 1.329829999999999894e-10
3.779999999999999805e+00 1.290759999999999997e-10
3.799999999999999822e+00 1.252779999999999886e-10
3.819999999999999840e+00 1.215869999999999907e-10
3.839999999999999858e+00 1.179989999999999975e-10
3.859999999999999876e+00 1.145120000000000048e-10
3.879999999999999893e+00 1.111239999999999954e-10
3.899999999999999911e+00 1.078300000000000040e-10
3.919999999999999929e+00 1.046300000000000047e-10
3.939999999999999947e+00 1.015190000000000064e-10
3.959999999999999964e+00 9.849670000000000378e-11
3.979999999999999982e+00 9.555960000000000572e-11
4.000000000000000000e+00 9.270560000000000193e-11
4.019999999999999574e+00 8.993239999999999593e-11
4.040000000000000036e+00 8.723790000000000333e-11
4.059999999999999609e+00 8.461980000000000179e-11
4.080000000000000071e+00 8.207620000000000604e-11
4.099999999999999645e+00 7.960489999999999980e-11
4.120000000000000107e+00 7.720399999999999778e-11
4.139999999999999680e+00 7.487149999999999576e-11
4.160000000000000142e+00 7.260569999999999465e-11
4.179999999999999716e+00 7.040460000000000315e-11
4.200000000000000178e+00 6.826640000000000323e-11
4.219999999999999751e+00 6.618950000000000185e-11
4.240000000000000213e+00 6.417219999999999994e-11
4.259999999999999787e+00 6.221279999999999841e-11
4.280000000000000249e+00 6.030970000000000423e-11
4.299999999999999822e+00 5.846149999999999762e-11
4.320000000000000284e+00 5.666639999999999935e-11
4.339999999999999858e+00 5.492320000000000168e-11
4.360000000000000320e+00 5.323039999999999823e-11
4.379999999999999893e+00 5.158650000000000198e-11
4.400000000000000355e+00 4.999029999999999874e-11
4.419999999999999929e+00 4.844040000000000108e-11
4.440000000000000391e+00 4.693540000000000214e-11
4.459999999999999964e+00 4.547429999999999981e-11
4.480000000000000426e+00 4.405570000000000018e-11
4.500000000000000000e+00 4.267860000000000113e-11
4.519999999999999574e+00 4.134160000000000228e-11
4.540000000000000036e+00 4.004380000000000109e-11
4.559999999999999609e+00 3.878390000000000320e-11
4.580000000000000071e+00 3.756109999999999916e-11
4.599999999999999645e+00 3.637420000000000065e-11
4.620000000000000107e+00 3.522229999999999866e-11
4.639999999999999680e+00 3.410429999999999797e-11
4.660000000000000142e+00 3.301950000000000163e-11
4.679999999999999716e+00 3.196700000000000061e-11
4.700000000000000178e+00 3.094589999999999883e-11
4.719999999999999751e+00 2.995579999999999803e-11
4.740000000000000213e+00 2.899600000000000125e-11
4.769999999999999574e+00 2.806629999999999967e-11
4.790000000000000036e+00 2.716650000000000062e-11
4.809999999999999609e+00 2.629699999999999912e-11
4.830000000000000071e+00 2.545839999999999904e-11
4.849999999999999645e+00 2.465169999999999925e-11
4.870000000000000107e+00 2.387869999999999841e-11
4.889999999999999680e+00 2.314150000000000030e-11
4.910000000000000142e+00 2.244310000000000158e-11
4.929999999999999716e+00 2.178690000000000039e-11
4.950000000000000178e+00 2.117720000000000068e-11
4.969999999999999751e+00 2.061880000000000096e-11
4.990000000000000213e+00 2.011679999999999845e-11
5.009999999999999787e+00 1.967690000000000070e-11
5.030000000000000249e+00 1.930479999999999909e-11
5.049999999999999822e+00 1.900620000000000115e-11
5.070000000000000284e+00 1.878630000000000044e-11
5.089999999999999858e+00 1.865000000000000151e-11
5.110000000000000320e+00 1.860110000000000078e-11
5.129999999999999893e+00 1.864239999999999900e-11
5.150000000000000355e+00 1.877549999999999891e-11
5.169999999999999929e+00 1.900030000000000094e-11
5.190000000000000391e+00 1.931529999999999869e-11
5.209999999999999964e+00 1.971720000000000004e-11
5.230000000000000426e+00 2.020100000000000086e-11
5.250000000000000000e+00 2.076020000000000034e-11
5.269999999999999574e+00 2.138680000000000092e-11
5.290000000000000036e+00 2.207140000000000145e-11
5.309999999999999609e+00 2.280339999999999955e-11
5.330000000000000071e+00 2.357149999999999907e-11
5.349999999999999645e+00 2.436360000000000092e-11
5.370000000000000107e+00 2.516740000000000038e-11
5.389999999999999680e+00 2.597049999999999965e-11
5.410000000000000142e+00 2.676070000000000006e-11
5.429999999999999716e+00 2.752630000000000076e-11
5.450000000000000178e+00 2.825620000000000152e-11
5.469999999999999751e+00 2.894030000000000099e-11
5.490000000000000213e+00 2.956929999999999761e-11
5.509999999999999787e+00 3.013559999999999854e-11
5.530000000000000249e+00 3.063239999999999779e-11
5.549999999999999822e+00 3.105439999999999902e-11
5.570000000000000284e+00 3.139760000000000023e-11
5.589999999999999858e+00 3.165939999999999978e-11
5.610000000000000320e+00 3.183890000000000159e-11
5.629999999999999893e+00 3.193619999999999876e-11
5.650000000000000355e+00 3.195289999999999726e-11
5.669999999999999929e+00 3.189199999999999699e-11
5.690000000000000391e+00 3.175740000000000037e-11
5.709999999999999964e+00 3.155439999999999730e-11
5.730000000000000426e+00 3.128919999999999960e-11
5.750000000000000000e+00 3.096900000000000183e-11
5.769999999999999574e+00 3.060150000000000284e-11
5.790000000000000036e+00 3.019550000000000316e-11
5.809999999999999609e+00 2.975969999999999728e-11
5.830000000000000071e+00 2.930340000000000295e-11
5.849999999999999645e+00 2.883579999999999957e-11
5.870000000000000107e+00 2.836619999999999842e-11
5.889999999999999680e+00 2.790320000000000090e-11
5.910000000000000142e+00 2.745500000000000045e-11
5.929999999999999716e+00 2.702910000000000001e-11
5.950000000000000178e+00 2.663190000000000085e-11
5.969999999999999751e+00 2.626869999999999933e-11
5.990000000000000213e+00 2.594379999999999937e-11
6.009999999999999787e+00 2.566010000000000130e-11
6.030000000000000249e+00 2.541920000000000139e-11
6.049999999999999822e+00 2.522129999999999877e-11
6.070000000000000284e+00 2.506540000000000102e-11
6.089999999999999858e+00 2.494919999999999874e-11
6.110000000000000320e+00 2.486980000000000132e-11
6.129999999999999893e+00 2.482290000000000159e-11
6.150000000000000355e+00 2.480329999999999954e-11
6.169999999999999929e+00 2.480549999999999967e-11
6.190000000000000391e+00 2.482349999999999899e-11
6.209999999999999964e+00 2.485109999999999859e-11
6.230000000000000426e+00 2.488190000000000043e-11
6.250000000000000000e+00 2.490979999999999873e-11
6.269999999999999574e+00 2.492870000000000060e-11
6.290000000000000036e+00 2.493320000000000043e-11
6.309999999999999609e+00 2.491810000000000143e-11
6.330000000000000071e+00 2.487890000000000055e-11
6.349999999999999645e+00 2.481169999999999857e-11
6.370000000000000107e+00 2.471310000000000059e-11
6.389999999999999680e+00 2.458080000000000044e-11
6.410000000000000142e+00 2.441270000000000078e-11
6.429999999999999716e+00 2.420769999999999993e-11
6.450000000000000178e+00 2.396530000000000008e-11
6.469999999999999751e+00 2.368529999999999885e-11
6.490000000000000213e+00 2.336870000000000159e-11
6.509999999999999787e+00 2.301650000000000073e-11
6.530000000000000249e+00 2.263029999999999900e-11
6.549999999999999822e+00 2.221190000000000151e-11
6.570000000000000284e+00 2.176380000000000062e-11
6.589999999999999858e+00 2.128829999999999927e-11
6.610000000000000320e+00 2.078809999999999863e-11
6.629999999999999893e+00 2.026619999999999860e-11
6.650000000000000355e+00 1.972530000000000037e-11
6.669999999999999929e+00 1.916840000000000060e-11
6.690000000000000391e+00 1.859830000000000003e-11
6.709999999999999964e+00 1.801810000000000135e-11
6.730000000000000426e+00 1.743030000000000016e-11
6.750000000000000000e+00 1.683780000000000001e-11
6.769999999999999574e+00 1.624300000000000016e-11
6.790000000000000036e+00 1.564820000000000031e-11
6.809999999999999609e+00 1.505579999999999972e-11
6.830000000000000071e+00 1.446790000000000058e-11
6.849999999999999645e+00 1.388610000000000078e-11
6.870000000000000107e+00 1.331230000000000013e-11
6.889999999999999680e+00 1.274800000000000021e-11
6.910000000000000142e+00 1.219440000000000063e-11
6.929999999999999716e+00 1.165290000000000016e-11
6.950000000000000178e+00 1.112430000000000017e-11
6.969999999999999751e+00 1.060959999999999954e-11
6.990000000000000213e+00 1.010940000000000052e-11
7.009999999999999787e+00 9.624359999999999594e-12
7.030000000000000249e+00 9.154839999999999389e-12
7.049999999999999822e+00 8.701190000000000005e-12
7.070000000000000284e+00 8.263009999999999947e-12
7.089999999999999858e+00 7.841450000000000681e-12
7.110000000000000320e+00 7.436040000000000695e-12
7.129999999999999893e+00 7.046740000000000324e-12
7.150000000000000355e+00 6.673429999999999767e-12
7.169999999999999929e+00 6.315950000000000366e-12
7.190000000000000391e+00 5.974039999999999857e-12
7.209999999999999964e+00 5.647400000000000352e-12
7.230000000000000426e+00 5.335680000000000141e-12
7.259999999999999787e+00 5.038529999999999938e-12
7.280000000000000249e+00 4.755529999999999629e-12
7.299999999999999822e+00 4.486270000000000028e-12
7.320000000000000284e+00 4.230299999999999857e-12
7.339999999999999858e+00 3.987180000000000384e-12
7.360000000000000320e+00 3.756450000000000215e-12
7.379999999999999893e+00 3.537639999999999858e-12
7.400000000000000355e+00 3.330289999999999939e-12
7.419999999999999929e+00 3.133930000000000158e-12
7.440000000000000391e+00 2.948120000000000165e-12
7.459999999999999964e+00 2.772430000000000133e-12
7.480000000000000426e+00 2.606339999999999979e-12
7.500000000000000000e+00 2.449440000000000113e-12
7.519999999999999574e+00 2.301320000000000134e-12
7.540000000000000036e+00 2.161559999999999930e-12
7.559999999999999609e+00 2.029740000000000195e-12
7.580000000000000071e+00 1.905480000000000076e-12
7.599999999999999645e+00 1.788390000000000016e-12
7.620000000000000107e+00 1.678110000000000006e-12
7.639999999999999680e+00 1.574289999999999949e-12
7.660000000000000142e+00 1.476570000000000038e-12
7.679999999999999716e+00 1.384640000000000045e-12
7.700000000000000178e+00 1.298189999999999944e-12
7.719999999999999751e+00 1.216909999999999911e-12
7.740000000000000213e+00 1.140520000000000072e-12
7.759999999999999787e+00 1.068750000000000066e-12
7.780000000000000249e+00 1.001329999999999935e-12
7.799999999999999822e+00 9.380159999999999887e-13
7.820000000000000284e+00 8.785790000000000068e-13
7.839999999999999858e+00 8.227920000000000144e-13
7.860000000000000320e+00 7.704439999999999834e-13
7.879999999999999893e+00 7.213319999999999601e-13
7.900000000000000355e+00 6.752679999999999657e-13
7.919999999999999929e+00 6.320699999999999512e-13
7.940000000000000391e+00 5.915680000000000295e-13
7.959999999999999964e+00 5.536009999999999551e-13
7.980000000000000426e+00 5.180170000000000332e-13
8.000000000000000000e+00 4.846709999999999651e-13
8.019999999999999574e+00 4.534289999999999958e-13
8.039999999999999147e+00 4.241619999999999752e-13
8.060000000000000497e+00 3.968159999999999825e-13
8.080000000000000071e+00 3.711449999999999801e-13
8.099999999999999645e+00 3.471149999999999805e-13
8.119999999999999218e+00 3.246260000000000144e-13
8.140000000000000568e+00 3.035830000000000202e-13
8.160000000000000142e+00 2.838950000000000237e-13
8.179999999999999716e+00 2.654799999999999957e-13
8.199999999999999289e+00 2.482549999999999857e-13
8.220000000000000639e+00 2.321479999999999818e-13
8.240000000000000213e+00 2.170879999999999934e-13
8.259999999999999787e+00 2.030089999999999885e-13
8.279999999999999361e+00 1.898489999999999971e-13
8.300000000000000711e+00 1.775510000000000075e-13
8.320000000000000284e+00 1.660590000000000046e-13
8.339999999999999858e+00 1.553249999999999970e-13
8.359999999999999432e+00 1.452990000000000002e-13
8.380000000000000782e+00 1.359380000000000060e-13
8.400000000000000355e+00 1.272000000000000033e-13
8.419999999999999929e+00 1.190449999999999991e-13
8.439999999999999503e+00 1.114379999999999968e-13
8.460000000000000853e+00 1.043430000000000028e-13
8.480000000000000426e+00 9.772860000000000324e-14
8.500000000000000000e+00 9.156450000000000076e-14
