# log10(T) rate(cm^3/s)
# RecombRates
3.500000000000000000e+00 4.642819999999999897e-10
3.520000000000000018e+00 4.512990000000000253e-10
3.540000000000000036e+00 4.386689999999999872e-10
3.560000000000000053e+00 4.263799999999999793e-10
3.580000000000000071e+00 4.144249999999999932e-10
3.600000000000000089e+00 4.027939999999999948e-10
3.620000000000000107e+00 3.914790000000000189e-10
3.640000000000000124e+00 3.804709999999999882e-10
3.660000000000000142e+00 3.697640000000000065e-10
3.680000000000000160e+00 3.593489999999999964e-10
3.700000000000000178e+00 3.492210000000000186e-10
3.720000000000000195e+00 3.393709999999999957e-10
3.740000000000000213e+00 3.297960000000000055e-10
3.759999999999999787e+00 3.204910000000000051e-10
3.779999999999999805e+00 3.114530000000000204e-10
3.799999999999999822e+00 3.026799999999999825e-10
3.819999999999999840e+00 2.941719999999999950e-10
3.839999999999999858e+00 2.859300000000000145e-10
3.859999999999999876e+00 2.779589999999999807e-10
3.879999999999999893e+00 2.702639999999999882e-10
3.899999999999999911e+00 2.628530000000000021e-10
3.919999999999999929e+00 2.557360000000000049e-10
3.939999999999999947e+00 2.489249999999999960e-10
3.959999999999999964e+00 2.424319999999999751e-10
3.979999999999999982e+00 2.362720000000000191e-10
4.000000000000000000e+00 2.304569999999999984e-10
4.019999999999999574e+00 2.250029999999999984e-10
4.040000000000000036e+00 2.199200000000000016e-10
4.059999999999999609e+00 2.152200000000000075e-10
4.080000000000000071e+00 2.109110000000000071e-10
4.099999999999999645e+00 2.069979999999999918e-10
4.120000000000000107e+00 2.034809999999999873e-10
4.139999999999999680e+00 2.003590000000000109e-10
4.160000000000000142e+00 1.976239999999999940e-10
4.179999999999999716e+00 1.952639999999999887e-10
4.200000000000000178e+00 1.932639999999999956e-10
4.219999999999999751e+00 1.916050000000000068e-10
4.240000000000000213e+00 1.902629999999999974e-10
4.259999999999999787e+00 1.892130000000000113e-10
4.280000000000000249e+00 1.884239999999999896e-10
4.299999999999999822e+00 1.878669999999999935e-10
4.320000000000000284e+00 1.875079999999999898e-10
4.339999999999999858e+00 1.873159999999999971e-10
4.360000000000000320e+00 1.872570000000000080e-10
4.379999999999999893e+00 1.872990000000000064e-10
4.400000000000000355e+00 1.874110000000000107e-10
4.419999999999999929e+00 1.875619999999999878e-10
4.440000000000000391e+00 1.877249999999999902e-10
4.459999999999999964e+00 1.878740000000000018e-10
4.480000000000000426e+00 1.879849999999999976e-10
4.500000000000000000e+00 1.880380000000000128e-10
4.519999999999999574e+00 1.880130000000000051e-10
4.540000000000000036e+00 1.878969999999999923e-10
4.559999999999999609e+00 1.876760000000000093e-10
4.580000000000000071e+00 1.873410000000000048e-10
4.599999999999999645e+00 1.868849999999999962e-10
4.620000000000000107e+00 1.863029999999999924e-10
4.639999999999999680e+00 1.855949999999999934e-10
4.660000000000000142e+00 1.847620000000000078e-10
4.679999999999999716e+00 1.838070000000000095e-10
4.700000000000000178e+00 1.827370000000000070e-10
4.719999999999999751e+00 1.815590000000000086e-10
4.740000000000000213e+00 1.802840000000000053e-10
4.769999999999999574e+00 1.789220000000000052e-10
4.790000000000000036e+00 1.774869999999999993e-10
4.809999999999999609e+00 1.759889999999999958e-10
4.830000000000000071e+00 1.744440000000000027e-10
4.849999999999999645e+00 1.728620000000000024e-10
4.870000000000000107e+00 1.712560000000000029e-10
4.889999999999999680e+00 1.696360000000000127e-10
4.910000000000000142e+00 1.680110000000000054e-10
4.929999999999999716e+00 1.663879999999999894e-10
4.950000000000000178e+00 1.647729999999999903e-10
4.969999999999999751e+00 1.631669999999999909e-10
4.990000000000000213e+00 1.615709999999999997e-10
5.009999999999999787e+00 1.599849999999999909e-10
5.030000000000000249e+00 1.584029999999999906e-10
5.049999999999999822e+00 1.568200000000000075e-10
5.070000000000000284e+00 1.552290000000000075e-10
5.089999999999999858e+00 1.536209999999999909e-10
5.110000000000000320e+00 1.519879999999999926e-10
5.129999999999999893e+00 1.503200000000000041e-10
5.150000000000000355e+00 1.486069999999999915e-10
5.169999999999999929e+00 1.468379999999999897e-10
5.190000000000000391e+00 1.450059999999999902e-10
5.209999999999999964e+00 1.431019999999999935e-10
5.230000000000000426e+00 1.411180000000000084e-10
5.250000000000000000e+00 1.390500000000000006e-10
5.269999999999999574e+00 1.368919999999999963e-10
5.290000000000000036e+00 1.346420000000000041e-10
5.309999999999999609e+00 1.322980000000000068e-10
5.330000000000000071e+00 1.298619999999999958e-10
5.349999999999999645e+00 1.273339999999999968e-10
5.370000000000000107e+00 1.247190000000000012e-10
5.389999999999999680e+00 1.220200000000000088e-10
5.410000000000000142e+00 1.192440000000000020e-10
5.429999999999999716e+00 1.163980000000000022e-10
5.450000000000000178e+00 1.134900000000000005e-10
5.469999999999999751e+00 1.105280000000000008e-10
5.490000000000000213e+00 1.075199999999999942e-10
5.509999999999999787e+00 1.044780000000000062e-10
5.530000000000000249e+00 1.014109999999999975e-10
5.549999999999999822e+00 9.832990000000000493e-11
5.570000000000000284e+00 9.524370000000000219e-11
5.589999999999999858e+00 9.216250000000000357e-11
5.610000000000000320e+00 8.909549999999999493e-11
5.629999999999999893e+00 8.605159999999999575e-11
5.650000000000000355e+00 8.303950000000000054e-11
5.669999999999999929e+00 8.006680000000000210e-11
5.690000000000000391e+00 7.714049999999999588e-11
5.709999999999999964e+00 7.426729999999999799e-11
5.730000000000000426e+00 7.145299999999999614e-11
5.750000000000000000e+00 6.870279999999999358e-11
5.769999999999999574e+00 6.602100000000000393e-11
5.790000000000000036e+00 6.341159999999999690e-11
5.809999999999999609e+00 6.087830000000000162e-11
5.830000000000000071e+00 5.842369999999999389e-11
5.849999999999999645e+00 5.605000000000000290e-11
5.870000000000000107e+00 5.375930000000000015e-11
5.889999999999999680e+00 5.155329999999999764e-11
5.910000000000000142e+00 4.943309999999999704e-11
5.929999999999999716e+00 4.739980000000000004e-11
5.950000000000000178e+00 4.545389999999999800e-11
5.969999999999999751e+00 4.359590000000000167e-11
5.990000000000000213e+00 4.182549999999999944e-11
6.009999999999999787e+00 4.014249999999999864e-11
6.030000000000000249e+00 3.854630000000000187e-11
6.049999999999999822e+00 3.703580000000000098e-11
6.070000000000000284e+00 3.560950000000000250e-11
6.089999999999999858e+00 3.426560000000000133e-11
6.110000000000000320e+00 3.300180000000000100e-11
6.129999999999999893e+00 3.181540000000000032e-11
6.150000000000000355e+00 3.070329999999999984e-11
6.169999999999999929e+00 2.966220000000000098e-11
6.190000000000000391e+00 2.868820000000000129e-11
6.209999999999999964e+00 2.777709999999999965e-11
6.230000000000000426e+00 2.692480000000000095e-11
6.250000000000000000e+00 2.612650000000000020e-11
6.269999999999999574e+00 2.537770000000000081e-11
6.290000000000000036e+00 2.467370000000000057e-11
6.309999999999999609e+00 2.400970000000000098e-11
6.330000000000000071e+00 2.338119999999999896e-11
6.349999999999999645e+00 2.278360000000000159e-11
6.370000000000000107e+00 2.221280000000000083e-11
6.389999999999999680e+00 2.166420000000000052e-11
6.410000000000000142e+00 2.113490000000000035e-11
6.429999999999999716e+00 2.062120000000000022e-11
6.450000000000000178e+00 2.011980000000000157e-11
6.469999999999999751e+00 1.962809999999999954e-11
6.490000000000000213e+00 1.914359999999999852e-11
6.509999999999999787e+00 1.866440000000000032e-11
6.530000000000000249e+00 1.818889999999999896e-11
6.549999999999999822e+00 1.771570000000000054e-11
6.570000000000000284e+00 1.724409999999999839e-11
6.589999999999999858e+00 1.677319999999999966e-11
6.610000000000000320e+00 1.630269999999999919e-11
6.629999999999999893e+00 1.583260000000000021e-11
6.650000000000000355e+00 1.536270000000000036e-11
6.669999999999999929e+00 1.489350000000000071e-11
6.690000000000000391e+00 1.442520000000000037e-11
6.709999999999999964e+00 1.395839999999999998e-11
6.730000000000000426e+00 1.349360000000000058e-11
6.750000000000000000e+00 1.303169999999999990e-11
6.769999999999999574e+00 1.257280000000000071e-11
6.790000000000000036e+00 1.211879999999999962e-11
6.809999999999999609e+00 1.166960000000000028e-11
6.830000000000000071e+00 1.122610000000000040e-11
6.849999999999999645e+00 1.078919999999999930e-11
6.870000000000000107e+00 1.035960000000000041e-11
6.889999999999999680e+00 9.937840000000000395e-12
6.910000000000000142e+00 9.524610000000000145e-12
6.929999999999999716e+00 9.120449999999999573e-12
6.950000000000000178e+00 8.725879999999999973e-12
6.969999999999999751e+00 8.341319999999999843e-12
6.990000000000000213e+00 7.967170000000000675e-12
7.009999999999999787e+00 7.603720000000000239e-12
7.030000000000000249e+00 7.251250000000000228e-12
7.049999999999999822e+00 6.909930000000000224e-12
7.070000000000000284e+00 6.579910000000000384e-12
7.089999999999999858e+00 6.261270000000000037e-12
7.110000000000000320e+00 5.954049999999999656e-12
7.129999999999999893e+00 5.658229999999999812e-12
7.150000000000000355e+00 5.373730000000000368e-12
7.169999999999999929e+00 5.100470000000000379e-12
7.190000000000000391e+00 4.838319999999999926e-12
7.209999999999999964e+00 4.587100000000000114e-12
7.230000000000000426e+00 4.346610000000000197e-12
7.259999999999999787e+00 4.116640000000000117e-12
7.280000000000000249e+00 3.896940000000000155e-12
7.299999999999999822e+00 3.687249999999999662e-12
7.320000000000000284e+00 3.487290000000000179e-12
7.339999999999999858e+00 3.296780000000000014e-12
7.360000000000000320e+00 3.115420000000000068e-12
7.379999999999999893e+00 2.942079999999999920e-12
7.400000000000000355e+00 2.777909999999999823e-12
7.419999999999999929e+00 2.621859999999999897e-12
7.440000000000000391e+00 2.473699999999999850e-12
7.459999999999999964e+00 2.333150000000000009e-12
7.480000000000000426e+00 2.199889999999999828e-12
7.500000000000000000e+00 2.073629999999999920e-12
7.519999999999999574e+00 1.954080000000000091e-12
7.540000000000000036e+00 1.840929999999999912e-12
7.559999999999999609e+00 1.733889999999999996e-12
7.580000000000000071e+00 1.632669999999999949e-12
7.599999999999999645e+00 1.536990000000000098e-12
7.620000000000000107e+00 1.446589999999999998e-12
7.639999999999999680e+00 1.361210000000000013e-12
7.660000000000000142e+00 1.280600000000000016e-12
7.679999999999999716e+00 1.204520000000000001e-12
7.700000000000000178e+00 1.132740000000000079e-12
7.719999999999999751e+00 1.065040000000000074e-12
7.740000000000000213e+00 1.001200000000000015e-12
7.759999999999999787e+00 9.410960000000000120e-13
7.780000000000000249e+00 8.843749999999999551e-13
7.799999999999999822e+00 8.309719999999999856e-13
7.820000000000000284e+00 7.806820000000000050e-13
7.839999999999999858e+00 7.333350000000000251e-13
7.860000000000000320e+00 6.887700000000000025e-13
7.879999999999999893e+00 6.468329999999999965e-13
7.900000000000000355e+00 6.073780000000000399e-13
7.919999999999999929e+00 5.702640000000000225e-13
7.940000000000000391e+00 5.353599999999999524e-13
7.959999999999999964e+00 5.025399999999999973e-13
7.980000000000000426e+00 4.716850000000000243e-13
8.000000000000000000e+00 4.426810000000000097e-13
8.019999999999999574e+00 4.154209999999999825e-13
8.039999999999999147e+00 3.898040000000000019e-13
8.060000000000000497e+00 3.657339999999999843e-13
8.080000000000000071e+00 3.431209999999999775e-13
8.099999999999999645e+00 3.218770000000000228e-13
8.119999999999999218e+00 3.019249999999999984e-13
8.140000000000000568e+00 2.831839999999999978e-13
8.160000000000000142e+00 2.655850000000000240e-13
8.179999999999999716e+00 2.490589999999999791e-13
8.199999999999999289e+00 2.335419999999999756e-13
8.220000000000000639e+00 2.189750000000000085e-13
8.240000000000000213e+00 2.052999999999999936e-13
8.259999999999999787e+00 1.924640000000000067e-13
8.279999999999999361e+00 1.804169999999999874e-13
8.300000000000000711e+00 1.691109999999999950e-13
8.320000000000000284e+00 1.585019999999999995e-13
8.339999999999999858e+00 1.485490000000000115e-13
8.359999999999999432e+00 1.393040000000000090e-13
8.380000000000000782e+00 1.305440000000000040e-13
8.400000000000000355e+00 1.223379999999999933e-13
8.419999999999999929e+00 1.146540000000000080e-13
8.439999999999999503e+00 1.074619999999999969e-13
8.460000000000000853e+00 1.007310000000000001e-13
8.480000000000000426e+00 9.443299999999999758e-14
8.500000000000000000e+00 8.854179999999999841e-14
