# log10(T) rate(cm^3/s)
# RecombRates
3.500000000000000000e+00 5.872430000000000575e-11
3.520000000000000018e+00 5.794209999999999966e-11
3.540000000000000036e+00 5.704330000000000272e-11
3.560000000000000053e+00 5.603879999999999988e-11
3.580000000000000071e+00 5.493919999999999677e-11
3.600000000000000089e+00 5.375549999999999728e-11
3.620000000000000107e+00 5.249859999999999927e-11
3.640000000000000124e+00 5.117920000000000148e-11
3.660000000000000142e+00 4.980779999999999705e-11
3.680000000000000160e+00 4.839450000000000023e-11
3.700000000000000178e+00 4.694880000000000206e-11
3.720000000000000195e+00 4.548010000000000045e-11
3.740000000000000213e+00 4.399689999999999724e-11
3.759999999999999787e+00 4.250730000000000246e-11
3.779999999999999805e+00 4.101900000000000202e-11
3.799999999999999822e+00 3.953909999999999739e-11
3.819999999999999840e+00 3.807409999999999909e-11
3.839999999999999858e+00 3.663039999999999869e-11
3.859999999999999876e+00 3.521379999999999683e-11
3.879999999999999893e+00 3.383029999999999975e-11
3.899999999999999911e+00 3.248560000000000205e-11
3.919999999999999929e+00 3.118569999999999706e-11
3.939999999999999947e+00 2.993700000000000219e-11
3.959999999999999964e+00 2.874620000000000125e-11
3.979999999999999982e+00 2.762070000000000084e-11
4.000000000000000000e+00 2.656909999999999914e-11
4.019999999999999574e+00 2.560039999999999904e-11
4.040000000000000036e+00 2.472449999999999951e-11
4.059999999999999609e+00 2.395209999999999929e-11
4.080000000000000071e+00 2.329429999999999860e-11
4.099999999999999645e+00 2.276249999999999959e-11
4.120000000000000107e+00 2.236830000000000032e-11
4.139999999999999680e+00 2.212249999999999909e-11
4.160000000000000142e+00 2.203510000000000089e-11
4.179999999999999716e+00 2.211470000000000067e-11
4.200000000000000178e+00 2.236810000000000119e-11
4.219999999999999751e+00 2.279979999999999904e-11
4.240000000000000213e+00 2.341130000000000062e-11
4.259999999999999787e+00 2.420160000000000060e-11
4.280000000000000249e+00 2.516619999999999913e-11
4.299999999999999822e+00 2.629730000000000105e-11
4.320000000000000284e+00 2.758430000000000071e-11
4.339999999999999858e+00 2.901289999999999889e-11
4.360000000000000320e+00 3.056630000000000073e-11
4.379999999999999893e+00 3.222520000000000288e-11
4.400000000000000355e+00 3.396830000000000098e-11
4.419999999999999929e+00 3.577259999999999804e-11
4.440000000000000391e+00 3.761410000000000146e-11
4.459999999999999964e+00 3.946840000000000094e-11
4.480000000000000426e+00 4.131109999999999913e-11
4.500000000000000000e+00 4.311830000000000298e-11
4.519999999999999574e+00 4.486710000000000216e-11
4.540000000000000036e+00 4.653619999999999875e-11
4.559999999999999609e+00 4.810609999999999997e-11
4.580000000000000071e+00 4.955909999999999872e-11
4.599999999999999645e+00 5.088010000000000248e-11
4.620000000000000107e+00 5.205640000000000182e-11
4.639999999999999680e+00 5.307780000000000230e-11
4.660000000000000142e+00 5.393669999999999816e-11
4.679999999999999716e+00 5.462779999999999953e-11
4.700000000000000178e+00 5.514839999999999875e-11
4.719999999999999751e+00 5.549809999999999755e-11
4.740000000000000213e+00 5.567830000000000278e-11
4.769999999999999574e+00 5.569259999999999879e-11
4.790000000000000036e+00 5.554620000000000176e-11
4.809999999999999609e+00 5.524560000000000282e-11
4.830000000000000071e+00 5.479879999999999951e-11
4.849999999999999645e+00 5.421449999999999926e-11
4.870000000000000107e+00 5.350249999999999826e-11
4.889999999999999680e+00 5.267289999999999783e-11
4.910000000000000142e+00 5.173640000000000319e-11
4.929999999999999716e+00 5.070389999999999926e-11
4.950000000000000178e+00 4.958609999999999770e-11
4.969999999999999751e+00 4.839379999999999681e-11
4.990000000000000213e+00 4.713760000000000222e-11
5.009999999999999787e+00 4.582780000000000148e-11
5.030000000000000249e+00 4.447409999999999767e-11
5.049999999999999822e+00 4.308610000000000076e-11
5.070000000000000284e+00 4.167239999999999922e-11
5.089999999999999858e+00 4.024140000000000178e-11
5.110000000000000320e+00 3.880070000000000127e-11
5.129999999999999893e+00 3.735739999999999913e-11
5.150000000000000355e+00 3.591799999999999942e-11
5.169999999999999929e+00 3.448840000000000236e-11
5.190000000000000391e+00 3.307369999999999871e-11
5.209999999999999964e+00 3.167860000000000034e-11
5.230000000000000426e+00 3.030710000000000280e-11
5.250000000000000000e+00 2.896299999999999927e-11
5.269999999999999574e+00 2.764910000000000019e-11
5.290000000000000036e+00 2.636810000000000030e-11
5.309999999999999609e+00 2.512219999999999972e-11
5.330000000000000071e+00 2.391300000000000120e-11
5.349999999999999645e+00 2.274200000000000144e-11
5.370000000000000107e+00 2.161000000000000021e-11
5.389999999999999680e+00 2.051780000000000048e-11
5.410000000000000142e+00 1.946580000000000052e-11
5.429999999999999716e+00 1.845419999999999946e-11
5.450000000000000178e+00 1.748280000000000140e-11
5.469999999999999751e+00 1.655150000000000031e-11
5.490000000000000213e+00 1.565969999999999880e-11
5.509999999999999787e+00 1.480699999999999860e-11
5.530000000000000249e+00 1.399239999999999923e-11
5.549999999999999822e+00 1.321530000000000004e-11
5.570000000000000284e+00 1.247470000000000055e-11
5.589999999999999858e+00 1.176960000000000026e-11
5.610000000000000320e+00 1.109900000000000027e-11
5.629999999999999893e+00 1.046169999999999934e-11
5.650000000000000355e+00 9.856659999999999725e-12
5.669999999999999929e+00 9.282689999999999496e-12
5.690000000000000391e+00 8.738609999999999254e-12
5.709999999999999964e+00 8.223250000000000529e-12
5.730000000000000426e+00 7.735460000000000241e-12
5.750000000000000000e+00 7.274059999999999804e-12
5.769999999999999574e+00 6.837879999999999940e-12
5.790000000000000036e+00 6.425819999999999775e-12
5.809999999999999609e+00 6.036749999999999697e-12
5.830000000000000071e+00 5.669589999999999877e-12
5.849999999999999645e+00 5.323290000000000029e-12
5.870000000000000107e+00 4.996680000000000071e-12
5.889999999999999680e+00 4.689030000000000266e-12
5.910000000000000142e+00 4.399239999999999741e-12
5.929999999999999716e+00 4.126409999999999984e-12
5.950000000000000178e+00 3.869650000000000177e-12
5.969999999999999751e+00 3.628109999999999976e-12
5.990000000000000213e+00 3.400970000000000199e-12
6.009999999999999787e+00 3.187439999999999997e-12
6.030000000000000249e+00 2.986779999999999921e-12
6.049999999999999822e+00 2.798269999999999950e-12
6.070000000000000284e+00 2.621220000000000013e-12
6.089999999999999858e+00 2.454989999999999821e-12
6.110000000000000320e+00 2.298960000000000132e-12
6.129999999999999893e+00 2.152529999999999917e-12
6.150000000000000355e+00 2.015149999999999951e-12
6.169999999999999929e+00 1.886290000000000033e-12
6.190000000000000391e+00 1.765460000000000032e-12
6.209999999999999964e+00 1.652159999999999899e-12
6.230000000000000426e+00 1.545960000000000008e-12
6.250000000000000000e+00 1.446440000000000045e-12
6.269999999999999574e+00 1.353169999999999979e-12
6.290000000000000036e+00 1.265799999999999918e-12
6.309999999999999609e+00 1.183950000000000019e-12
6.330000000000000071e+00 1.107290000000000021e-12
6.349999999999999645e+00 1.035520000000000014e-12
6.370000000000000107e+00 9.683149999999999993e-13
6.389999999999999680e+00 9.054020000000000027e-13
6.410000000000000142e+00 8.465139999999999814e-13
6.429999999999999716e+00 7.914000000000000407e-13
6.450000000000000178e+00 7.398229999999999870e-13
6.469999999999999751e+00 6.915630000000000492e-13
6.490000000000000213e+00 6.464110000000000413e-13
6.509999999999999787e+00 6.041719999999999827e-13
6.530000000000000249e+00 5.646600000000000396e-13
6.549999999999999822e+00 5.277029999999999780e-13
6.570000000000000284e+00 4.931399999999999566e-13
6.589999999999999858e+00 4.608180000000000060e-13
6.610000000000000320e+00 4.305930000000000010e-13
6.629999999999999893e+00 4.023320000000000067e-13
6.650000000000000355e+00 3.759089999999999889e-13
6.669999999999999929e+00 3.512070000000000099e-13
6.690000000000000391e+00 3.281139999999999891e-13
6.709999999999999964e+00 3.065280000000000142e-13
6.730000000000000426e+00 2.863510000000000084e-13
6.750000000000000000e+00 2.674919999999999976e-13
6.769999999999999574e+00 2.498659999999999877e-13
6.790000000000000036e+00 2.333940000000000150e-13
6.809999999999999609e+00 2.180010000000000018e-13
6.830000000000000071e+00 2.036170000000000047e-13
6.849999999999999645e+00 1.901919999999999887e-13
6.870000000000000107e+00 1.776330000000000116e-13
6.889999999999999680e+00 1.659010000000000016e-13
6.910000000000000142e+00 1.549419999999999874e-13
6.929999999999999716e+00 1.447060000000000096e-13
6.950000000000000178e+00 1.351459999999999979e-13
6.969999999999999751e+00 1.262179999999999980e-13
6.990000000000000213e+00 1.178799999999999985e-13
7.009999999999999787e+00 1.100940000000000002e-13
7.030000000000000249e+00 1.028239999999999969e-13
7.049999999999999822e+00 9.603530000000000076e-14
7.070000000000000284e+00 8.969749999999999468e-14
7.089999999999999858e+00 8.378069999999999762e-14
7.110000000000000320e+00 7.825769999999999682e-14
7.129999999999999893e+00 7.310259999999999791e-14
7.150000000000000355e+00 6.829129999999999801e-14
7.169999999999999929e+00 6.380160000000000554e-14
7.190000000000000391e+00 5.961250000000000221e-14
7.209999999999999964e+00 5.570430000000000075e-14
7.230000000000000426e+00 5.205880000000000255e-14
7.259999999999999787e+00 4.865869999999999844e-14
7.280000000000000249e+00 4.548840000000000134e-14
7.299999999999999822e+00 4.253279999999999725e-14
7.320000000000000284e+00 3.977790000000000133e-14
7.339999999999999858e+00 3.721049999999999831e-14
7.360000000000000320e+00 3.481869999999999758e-14
7.379999999999999893e+00 3.259079999999999781e-14
7.400000000000000355e+00 3.051620000000000153e-14
7.419999999999999929e+00 2.858499999999999886e-14
7.440000000000000391e+00 2.678790000000000127e-14
7.459999999999999964e+00 2.511609999999999963e-14
7.480000000000000426e+00 2.356129999999999890e-14
7.500000000000000000e+00 2.211620000000000072e-14
7.519999999999999574e+00 2.077339999999999949e-14
7.540000000000000036e+00 1.952640000000000112e-14
7.559999999999999609e+00 1.836879999999999982e-14
7.580000000000000071e+00 1.729489999999999947e-14
7.599999999999999645e+00 1.629930000000000041e-14
7.620000000000000107e+00 1.537670000000000076e-14
7.639999999999999680e+00 1.452240000000000106e-14
7.660000000000000142e+00 1.373209999999999924e-14
7.679999999999999716e+00 1.300149999999999956e-14
7.700000000000000178e+00 1.232659999999999957e-14
7.719999999999999751e+00 1.170389999999999993e-14
7.740000000000000213e+00 1.113000000000000060e-14
7.759999999999999787e+00 1.060159999999999935e-14
7.780000000000000249e+00 1.011569999999999988e-14
7.799999999999999822e+00 9.669639999999999882e-15
7.820000000000000284e+00 9.260699999999999985e-15
7.839999999999999858e+00 8.886439999999999304e-15
7.860000000000000320e+00 8.542949999999999712e-15
7.879999999999999893e+00 8.231110000000000545e-15
7.900000000000000355e+00 7.947549999999999543e-15
7.919999999999999929e+00 7.690369999999999572e-15
7.940000000000000391e+00 7.457820000000000162e-15
7.959999999999999964e+00 7.248240000000000412e-15
7.980000000000000426e+00 7.060089999999999909e-15
8.000000000000000000e+00 6.891920000000000176e-15
8.019999999999999574e+00 6.742369999999999945e-15
8.039999999999999147e+00 6.610169999999999887e-15
8.060000000000000497e+00 6.494140000000000248e-15
8.080000000000000071e+00 6.393150000000000159e-15
8.099999999999999645e+00 6.306159999999999903e-15
8.119999999999999218e+00 6.232190000000000005e-15
8.140000000000000568e+00 6.170309999999999875e-15
8.160000000000000142e+00 6.119670000000000299e-15
8.179999999999999716e+00 6.079470000000000158e-15
8.199999999999999289e+00 6.048930000000000257e-15
8.220000000000000639e+00 6.027349999999999619e-15
8.240000000000000213e+00 6.014070000000000318e-15
8.259999999999999787e+00 6.008459999999999819e-15
8.279999999999999361e+00 6.009919999999999649e-15
8.300000000000000711e+00 6.017930000000000345e-15
8.320000000000000284e+00 6.031939999999999956e-15
8.339999999999999858e+00 6.051490000000000047e-15
8.359999999999999432e+00 6.076119999999999818e-15
8.380000000000000782e+00 6.105400000000000167e-15
8.400000000000000355e+00 6.138919999999999970e-15
8.419999999999999929e+00 6.176329999999999922e-15
8.439999999999999503e+00 6.217260000000000372e-15
8.460000000000000853e+00 6.261389999999999769e-15
8.480000000000000426e+00 6.308399999999999719e-15
8.500000000000000000e+00 6.358010000000000144e-15
