# log10(T) rate(cm^3/s)
# RecombRates
3.500000000000000000e+00 5.584200000000000217e-11
3.520000000000000018e+00 5.427419999999999829e-11
3.540000000000000036e+00 5.274910000000000270e-11
3.560000000000000053e+00 5.126540000000000166e-11
3.580000000000000071e+00 4.982209999999999952e-11
3.600000000000000089e+00 4.841810000000000106e-11
3.620000000000000107e+00 4.705239999999999770e-11
3.640000000000000124e+00 4.572400000000000025e-11
3.660000000000000142e+00 4.443170000000000100e-11
3.680000000000000160e+00 4.317480000000000299e-11
3.700000000000000178e+00 4.195229999999999765e-11
3.720000000000000195e+00 4.076310000000000268e-11
3.740000000000000213e+00 3.960660000000000130e-11
3.759999999999999787e+00 3.848169999999999828e-11
3.779999999999999805e+00 3.738759999999999712e-11
3.799999999999999822e+00 3.632360000000000085e-11
3.819999999999999840e+00 3.528870000000000088e-11
3.839999999999999858e+00 3.428239999999999941e-11
3.859999999999999876e+00 3.330360000000000119e-11
3.879999999999999893e+00 3.235180000000000196e-11
3.899999999999999911e+00 3.142629999999999828e-11
3.919999999999999929e+00 3.052620000000000053e-11
3.939999999999999947e+00 2.965089999999999839e-11
3.959999999999999964e+00 2.879990000000000050e-11
3.979999999999999982e+00 2.797230000000000108e-11
4.000000000000000000e+00 2.716759999999999907e-11
4.019999999999999574e+00 2.638520000000000030e-11
4.040000000000000036e+00 2.562440000000000136e-11
4.059999999999999609e+00 2.488480000000000076e-11
4.080000000000000071e+00 2.416559999999999873e-11
4.099999999999999645e+00 2.346649999999999982e-11
4.120000000000000107e+00 2.278670000000000104e-11
4.139999999999999680e+00 2.212590000000000046e-11
4.160000000000000142e+00 2.148350000000000070e-11
4.179999999999999716e+00 2.085890000000000112e-11
4.200000000000000178e+00 2.025179999999999980e-11
4.219999999999999751e+00 1.966159999999999934e-11
4.240000000000000213e+00 1.908790000000000150e-11
4.259999999999999787e+00 1.853030000000000153e-11
4.280000000000000249e+00 1.798819999999999882e-11
4.299999999999999822e+00 1.746140000000000070e-11
4.320000000000000284e+00 1.694930000000000009e-11
4.339999999999999858e+00 1.645160000000000151e-11
4.360000000000000320e+00 1.596790000000000025e-11
4.379999999999999893e+00 1.549769999999999848e-11
4.400000000000000355e+00 1.504089999999999986e-11
4.419999999999999929e+00 1.459680000000000097e-11
4.440000000000000391e+00 1.416530000000000064e-11
4.459999999999999964e+00 1.374600000000000060e-11
4.480000000000000426e+00 1.333860000000000054e-11
4.500000000000000000e+00 1.294259999999999940e-11
4.519999999999999574e+00 1.255789999999999923e-11
4.540000000000000036e+00 1.218410000000000016e-11
4.559999999999999609e+00 1.182080000000000068e-11
4.580000000000000071e+00 1.146789999999999963e-11
4.599999999999999645e+00 1.112509999999999992e-11
4.620000000000000107e+00 1.079200000000000006e-11
4.639999999999999680e+00 1.046839999999999930e-11
4.660000000000000142e+00 1.015400000000000056e-11
4.679999999999999716e+00 9.848570000000000312e-12
4.700000000000000178e+00 9.551900000000000123e-12
4.719999999999999751e+00 9.263719999999999224e-12
4.740000000000000213e+00 8.983789999999999629e-12
4.769999999999999574e+00 8.711890000000000353e-12
4.790000000000000036e+00 8.447809999999999725e-12
4.809999999999999609e+00 8.191320000000000684e-12
4.830000000000000071e+00 7.942209999999999941e-12
4.849999999999999645e+00 7.700270000000000671e-12
4.870000000000000107e+00 7.465320000000000748e-12
4.889999999999999680e+00 7.237160000000000234e-12
4.910000000000000142e+00 7.015600000000000116e-12
4.929999999999999716e+00 6.800449999999999765e-12
4.950000000000000178e+00 6.591539999999999598e-12
4.969999999999999751e+00 6.388700000000000030e-12
4.990000000000000213e+00 6.191749999999999744e-12
5.009999999999999787e+00 6.000530000000000080e-12
5.030000000000000249e+00 5.814890000000000075e-12
5.049999999999999822e+00 5.634660000000000146e-12
5.070000000000000284e+00 5.459700000000000253e-12
5.089999999999999858e+00 5.289860000000000242e-12
5.110000000000000320e+00 5.125000000000000074e-12
5.129999999999999893e+00 4.964970000000000401e-12
5.150000000000000355e+00 4.809639999999999689e-12
5.169999999999999929e+00 4.658889999999999750e-12
5.190000000000000391e+00 4.512569999999999623e-12
5.209999999999999964e+00 4.370569999999999622e-12
5.230000000000000426e+00 4.232759999999999828e-12
5.250000000000000000e+00 4.099039999999999869e-12
5.269999999999999574e+00 3.969269999999999706e-12
5.290000000000000036e+00 3.843359999999999892e-12
5.309999999999999609e+00 3.721179999999999700e-12
5.330000000000000071e+00 3.602649999999999800e-12
5.349999999999999645e+00 3.487649999999999987e-12
5.370000000000000107e+00 3.376079999999999888e-12
5.389999999999999680e+00 3.267839999999999937e-12
5.410000000000000142e+00 3.162849999999999998e-12
5.429999999999999716e+00 3.061010000000000101e-12
5.450000000000000178e+00 2.962219999999999872e-12
5.469999999999999751e+00 2.866410000000000102e-12
5.490000000000000213e+00 2.773490000000000130e-12
5.509999999999999787e+00 2.683370000000000106e-12
5.530000000000000249e+00 2.595980000000000011e-12
5.549999999999999822e+00 2.511229999999999994e-12
5.570000000000000284e+00 2.429060000000000153e-12
5.589999999999999858e+00 2.349379999999999830e-12
5.610000000000000320e+00 2.272129999999999932e-12
5.629999999999999893e+00 2.197240000000000036e-12
5.650000000000000355e+00 2.124640000000000123e-12
5.669999999999999929e+00 2.054260000000000175e-12
5.690000000000000391e+00 1.986030000000000172e-12
5.709999999999999964e+00 1.919910000000000046e-12
5.730000000000000426e+00 1.855820000000000063e-12
5.750000000000000000e+00 1.793710000000000038e-12
5.769999999999999574e+00 1.733509999999999951e-12
5.790000000000000036e+00 1.675190000000000054e-12
5.809999999999999609e+00 1.618670000000000008e-12
5.830000000000000071e+00 1.563909999999999947e-12
5.849999999999999645e+00 1.510849999999999969e-12
5.870000000000000107e+00 1.459450000000000006e-12
5.889999999999999680e+00 1.409660000000000074e-12
5.910000000000000142e+00 1.361429999999999986e-12
5.929999999999999716e+00 1.314720000000000077e-12
5.950000000000000178e+00 1.269470000000000042e-12
5.969999999999999751e+00 1.225660000000000050e-12
5.990000000000000213e+00 1.183229999999999998e-12
6.009999999999999787e+00 1.142140000000000018e-12
6.030000000000000249e+00 1.102359999999999960e-12
6.049999999999999822e+00 1.063849999999999955e-12
6.070000000000000284e+00 1.026560000000000020e-12
6.089999999999999858e+00 9.904689999999999471e-13
6.110000000000000320e+00 9.555349999999999265e-13
6.129999999999999893e+00 9.217250000000000938e-13
6.150000000000000355e+00 8.890019999999999918e-13
6.169999999999999929e+00 8.573370000000000454e-13
6.190000000000000391e+00 8.266990000000000300e-13
6.209999999999999964e+00 7.970549999999999798e-13
6.230000000000000426e+00 7.683750000000000455e-13
6.250000000000000000e+00 7.406319999999999889e-13
6.269999999999999574e+00 7.137980000000000045e-13
6.290000000000000036e+00 6.878440000000000123e-13
6.309999999999999609e+00 6.627440000000000485e-13
6.330000000000000071e+00 6.384720000000000486e-13
6.349999999999999645e+00 6.150039999999999915e-13
6.370000000000000107e+00 5.923140000000000144e-13
6.389999999999999680e+00 5.703800000000000394e-13
6.410000000000000142e+00 5.491780000000000456e-13
6.429999999999999716e+00 5.286870000000000271e-13
6.450000000000000178e+00 5.088829999999999633e-13
6.469999999999999751e+00 4.897460000000000217e-13
6.490000000000000213e+00 4.712570000000000386e-13
6.509999999999999787e+00 4.533950000000000083e-13
6.530000000000000249e+00 4.361399999999999975e-13
6.549999999999999822e+00 4.194740000000000158e-13
6.570000000000000284e+00 4.033790000000000223e-13
6.589999999999999858e+00 3.878369999999999760e-13
6.610000000000000320e+00 3.728299999999999876e-13
6.629999999999999893e+00 3.583429999999999807e-13
6.650000000000000355e+00 3.443600000000000089e-13
6.669999999999999929e+00 3.308629999999999807e-13
6.690000000000000391e+00 3.178390000000000152e-13
6.709999999999999964e+00 3.052720000000000143e-13
6.730000000000000426e+00 2.931480000000000248e-13
6.750000000000000000e+00 2.814529999999999923e-13
6.769999999999999574e+00 2.701739999999999855e-13
6.790000000000000036e+00 2.592970000000000007e-13
6.809999999999999609e+00 2.488090000000000054e-13
6.830000000000000071e+00 2.386990000000000111e-13
6.849999999999999645e+00 2.289539999999999855e-13
6.870000000000000107e+00 2.195619999999999938e-13
6.889999999999999680e+00 2.105129999999999937e-13
6.910000000000000142e+00 2.017949999999999999e-13
6.929999999999999716e+00 1.933969999999999988e-13
6.950000000000000178e+00 1.853099999999999950e-13
6.969999999999999751e+00 1.775230000000000000e-13
6.990000000000000213e+00 1.700259999999999967e-13
7.009999999999999787e+00 1.628099999999999899e-13
7.030000000000000249e+00 1.558660000000000096e-13
7.049999999999999822e+00 1.491850000000000100e-13
7.070000000000000284e+00 1.427579999999999961e-13
7.089999999999999858e+00 1.365769999999999945e-13
7.110000000000000320e+00 1.306340000000000066e-13
7.129999999999999893e+00 1.249210000000000086e-13
7.150000000000000355e+00 1.194309999999999987e-13
7.169999999999999929e+00 1.141550000000000068e-13
7.190000000000000391e+00 1.090870000000000026e-13
7.209999999999999964e+00 1.042199999999999967e-13
7.230000000000000426e+00 9.954620000000000501e-14
7.259999999999999787e+00 9.506040000000000458e-14
7.280000000000000249e+00 9.075570000000000072e-14
7.299999999999999822e+00 8.662610000000000082e-14
7.320000000000000284e+00 8.266539999999999782e-14
7.339999999999999858e+00 7.886789999999999557e-14
7.360000000000000320e+00 7.522809999999999981e-14
7.379999999999999893e+00 7.174050000000000365e-14
7.400000000000000355e+00 6.839980000000000204e-14
7.419999999999999929e+00 6.520099999999999905e-14
7.440000000000000391e+00 6.213909999999999874e-14
7.459999999999999964e+00 5.920929999999999440e-14
7.480000000000000426e+00 5.640689999999999919e-14
7.500000000000000000e+00 5.372740000000000288e-14
7.519999999999999574e+00 5.116669999999999896e-14
7.540000000000000036e+00 4.872039999999999706e-14
7.559999999999999609e+00 4.638420000000000142e-14
7.580000000000000071e+00 4.415459999999999848e-14
7.599999999999999645e+00 4.202729999999999880e-14
7.620000000000000107e+00 3.999899999999999698e-14
7.639999999999999680e+00 3.806580000000000098e-14
7.660000000000000142e+00 3.622429999999999818e-14
7.679999999999999716e+00 3.447120000000000209e-14
7.700000000000000178e+00 3.280330000000000195e-14
7.719999999999999751e+00 3.121719999999999773e-14
7.740000000000000213e+00 2.971010000000000131e-14
7.759999999999999787e+00 2.827889999999999967e-14
7.780000000000000249e+00 2.692070000000000059e-14
7.799999999999999822e+00 2.563289999999999888e-14
7.820000000000000284e+00 2.441270000000000007e-14
7.839999999999999858e+00 2.325740000000000120e-14
7.860000000000000320e+00 2.216480000000000076e-14
7.879999999999999893e+00 2.113219999999999893e-14
7.900000000000000355e+00 2.015729999999999959e-14
7.919999999999999929e+00 1.923790000000000126e-14
7.940000000000000391e+00 1.837179999999999928e-14
7.959999999999999964e+00 1.755679999999999846e-14
7.980000000000000426e+00 1.679100000000000009e-14
8.000000000000000000e+00 1.607230000000000047e-14
8.019999999999999574e+00 1.539869999999999993e-14
8.039999999999999147e+00 1.476859999999999942e-14
8.060000000000000497e+00 1.417989999999999993e-14
8.080000000000000071e+00 1.363119999999999951e-14
8.099999999999999645e+00 1.312050000000000011e-14
8.119999999999999218e+00 1.264650000000000069e-14
8.140000000000000568e+00 1.220740000000000032e-14
8.160000000000000142e+00 1.180169999999999927e-14
8.179999999999999716e+00 1.142809999999999967e-14
8.199999999999999289e+00 1.108519999999999956e-14
8.220000000000000639e+00 1.077139999999999986e-14
8.240000000000000213e+00 1.048570000000000076e-14
8.259999999999999787e+00 1.022659999999999937e-14
8.279999999999999361e+00 9.993030000000000587e-15
8.300000000000000711e+00 9.783719999999999558e-15
8.320000000000000284e+00 9.597589999999999825e-15
8.339999999999999858e+00 9.433529999999999285e-15
8.359999999999999432e+00 9.290479999999999456e-15
8.380000000000000782e+00 9.167430000000000740e-15
8.400000000000000355e+00 9.063399999999999718e-15
8.419999999999999929e+00 8.977430000000000413e-15
8.439999999999999503e+00 8.908640000000000335e-15
8.460000000000000853e+00 8.856130000000000592e-15
8.480000000000000426e+00 8.819049999999999603e-15
8.500000000000000000e+00 8.796599999999999406e-15
