# log10(T) rate(cm^3/s)
# RecombRates
3.500000000000000000e+00 2.804279999999999841e-12
3.520000000000000018e+00 2.709800000000000025e-12
3.540000000000000036e+00 2.618250000000000077e-12
3.560000000000000053e+00 2.529540000000000145e-12
3.580000000000000071e+00 2.443569999999999856e-12
3.600000000000000089e+00 2.360310000000000067e-12
3.620000000000000107e+00 2.277930000000000170e-12
3.640000000000000124e+00 2.199850000000000163e-12
3.660000000000000142e+00 2.124220000000000010e-12
3.680000000000000160e+00 2.050940000000000145e-12
3.700000000000000178e+00 1.979970000000000095e-12
3.720000000000000195e+00 1.911220000000000009e-12
3.740000000000000213e+00 1.844649999999999819e-12
3.759999999999999787e+00 1.780170000000000078e-12
3.779999999999999805e+00 1.717750000000000026e-12
3.799999999999999822e+00 1.657300000000000016e-12
3.819999999999999840e+00 1.598779999999999979e-12
3.839999999999999858e+00 1.542130000000000013e-12
3.859999999999999876e+00 1.487299999999999933e-12
3.879999999999999893e+00 1.434230000000000039e-12
3.899999999999999911e+00 1.382919999999999927e-12
3.919999999999999929e+00 1.333220000000000048e-12
3.939999999999999947e+00 1.285250000000000001e-12
3.959999999999999964e+00 1.239009999999999988e-12
3.979999999999999982e+00 1.194590000000000063e-12
4.000000000000000000e+00 1.152259999999999979e-12
4.019999999999999574e+00 1.112409999999999902e-12
4.040000000000000036e+00 1.075810000000000038e-12
4.059999999999999609e+00 1.043739999999999953e-12
4.080000000000000071e+00 1.018229999999999994e-12
4.099999999999999645e+00 1.002330000000000032e-12
4.120000000000000107e+00 1.000540000000000097e-12
4.139999999999999680e+00 1.019269999999999957e-12
4.160000000000000142e+00 1.067360000000000008e-12
4.179999999999999716e+00 1.156619999999999973e-12
4.200000000000000178e+00 1.302470000000000003e-12
4.219999999999999751e+00 1.524370000000000097e-12
4.240000000000000213e+00 1.846280000000000086e-12
4.259999999999999787e+00 2.296929999999999988e-12
4.280000000000000249e+00 2.909770000000000030e-12
4.299999999999999822e+00 3.722759999999999780e-12
4.320000000000000284e+00 4.777789999999999981e-12
4.339999999999999858e+00 6.119710000000000386e-12
4.360000000000000320e+00 7.795210000000000668e-12
4.379999999999999893e+00 9.851109999999999612e-12
4.400000000000000355e+00 1.233289999999999968e-11
4.419999999999999929e+00 1.528240000000000039e-11
4.440000000000000391e+00 1.873640000000000082e-11
4.459999999999999964e+00 2.272399999999999890e-11
4.480000000000000426e+00 2.726579999999999879e-11
4.500000000000000000e+00 3.237150000000000035e-11
4.519999999999999574e+00 3.803930000000000170e-11
4.540000000000000036e+00 4.425499999999999995e-11
4.559999999999999609e+00 5.099239999999999909e-11
4.580000000000000071e+00 5.821169999999999762e-11
4.599999999999999645e+00 6.586250000000000133e-11
4.620000000000000107e+00 7.388259999999999620e-11
4.639999999999999680e+00 8.220109999999999958e-11
4.660000000000000142e+00 9.073960000000000324e-11
4.679999999999999716e+00 9.941330000000000090e-11
4.700000000000000178e+00 1.081340000000000011e-10
4.719999999999999751e+00 1.168119999999999995e-10
4.740000000000000213e+00 1.253580000000000028e-10
4.769999999999999574e+00 1.336840000000000059e-10
4.790000000000000036e+00 1.417080000000000032e-10
4.809999999999999609e+00 1.493530000000000063e-10
4.830000000000000071e+00 1.565480000000000006e-10
4.849999999999999645e+00 1.632299999999999885e-10
4.870000000000000107e+00 1.693469999999999892e-10
4.889999999999999680e+00 1.748540000000000044e-10
4.910000000000000142e+00 1.797159999999999923e-10
4.929999999999999716e+00 1.839090000000000057e-10
4.950000000000000178e+00 1.874149999999999934e-10
4.969999999999999751e+00 1.902299999999999986e-10
4.990000000000000213e+00 1.923539999999999956e-10
5.009999999999999787e+00 1.937960000000000099e-10
5.030000000000000249e+00 1.945730000000000063e-10
5.049999999999999822e+00 1.947069999999999926e-10
5.070000000000000284e+00 1.942260000000000022e-10
5.089999999999999858e+00 1.931619999999999995e-10
5.110000000000000320e+00 1.915500000000000003e-10
5.129999999999999893e+00 1.894300000000000117e-10
5.150000000000000355e+00 1.868410000000000065e-10
5.169999999999999929e+00 1.838250000000000089e-10
5.190000000000000391e+00 1.804249999999999999e-10
5.209999999999999964e+00 1.766830000000000040e-10
5.230000000000000426e+00 1.726400000000000108e-10
5.250000000000000000e+00 1.683379999999999930e-10
5.269999999999999574e+00 1.638170000000000093e-10
5.290000000000000036e+00 1.591139999999999894e-10
5.309999999999999609e+00 1.542650000000000096e-10
5.330000000000000071e+00 1.493050000000000081e-10
5.349999999999999645e+00 1.442660000000000010e-10
5.370000000000000107e+00 1.391759999999999958e-10
5.389999999999999680e+00 1.340619999999999916e-10
5.410000000000000142e+00 1.289509999999999872e-10
5.429999999999999716e+00 1.238640000000000078e-10
5.450000000000000178e+00 1.188209999999999922e-10
5.469999999999999751e+00 1.138410000000000001e-10
5.490000000000000213e+00 1.089390000000000050e-10
5.509999999999999787e+00 1.041280000000000022e-10
5.530000000000000249e+00 9.942130000000000491e-11
5.549999999999999822e+00 9.482820000000000502e-11
5.570000000000000284e+00 9.035739999999999705e-11
5.589999999999999858e+00 8.601539999999999798e-11
5.610000000000000320e+00 8.180770000000000330e-11
5.629999999999999893e+00 7.773840000000000165e-11
5.650000000000000355e+00 7.381039999999999980e-11
5.669999999999999929e+00 7.002550000000000288e-11
5.690000000000000391e+00 6.638449999999999446e-11
5.709999999999999964e+00 6.288740000000000040e-11
5.730000000000000426e+00 5.953370000000000350e-11
5.750000000000000000e+00 5.632179999999999776e-11
5.769999999999999574e+00 5.324969999999999836e-11
5.790000000000000036e+00 5.031500000000000280e-11
5.809999999999999609e+00 4.751499999999999696e-11
5.830000000000000071e+00 4.484610000000000295e-11
5.849999999999999645e+00 4.230510000000000237e-11
5.870000000000000107e+00 3.988829999999999837e-11
5.889999999999999680e+00 3.759170000000000187e-11
5.910000000000000142e+00 3.541119999999999839e-11
5.929999999999999716e+00 3.334269999999999928e-11
5.950000000000000178e+00 3.138199999999999694e-11
5.969999999999999751e+00 2.952500000000000273e-11
5.990000000000000213e+00 2.776739999999999980e-11
6.009999999999999787e+00 2.610499999999999994e-11
6.030000000000000249e+00 2.453370000000000157e-11
6.049999999999999822e+00 2.304949999999999948e-11
6.070000000000000284e+00 2.164819999999999898e-11
6.089999999999999858e+00 2.032600000000000043e-11
6.110000000000000320e+00 1.907910000000000097e-11
6.129999999999999893e+00 1.790390000000000008e-11
6.150000000000000355e+00 1.679660000000000135e-11
6.169999999999999929e+00 1.575389999999999975e-11
6.190000000000000391e+00 1.477240000000000034e-11
6.209999999999999964e+00 1.384889999999999928e-11
6.230000000000000426e+00 1.298039999999999990e-11
6.250000000000000000e+00 1.216379999999999953e-11
6.269999999999999574e+00 1.139630000000000062e-11
6.290000000000000036e+00 1.067520000000000040e-11
6.309999999999999609e+00 9.997970000000000463e-12
6.330000000000000071e+00 9.362069999999999911e-12
6.349999999999999645e+00 8.765200000000000658e-12
6.370000000000000107e+00 8.205089999999999322e-12
6.389999999999999680e+00 7.679610000000000636e-12
6.410000000000000142e+00 7.186769999999999678e-12
6.429999999999999716e+00 6.724630000000000195e-12
6.450000000000000178e+00 6.291390000000000317e-12
6.469999999999999751e+00 5.885319999999999807e-12
6.490000000000000213e+00 5.504819999999999964e-12
6.509999999999999787e+00 5.148350000000000373e-12
6.530000000000000249e+00 4.814420000000000401e-12
6.549999999999999822e+00 4.501690000000000380e-12
6.570000000000000284e+00 4.208860000000000304e-12
6.589999999999999858e+00 3.934710000000000306e-12
6.610000000000000320e+00 3.678089999999999729e-12
6.629999999999999893e+00 3.437909999999999838e-12
6.650000000000000355e+00 3.213149999999999895e-12
6.669999999999999929e+00 3.002859999999999990e-12
6.690000000000000391e+00 2.806120000000000164e-12
6.709999999999999964e+00 2.622080000000000072e-12
6.730000000000000426e+00 2.449950000000000077e-12
6.750000000000000000e+00 2.288979999999999805e-12
6.769999999999999574e+00 2.138450000000000041e-12
6.790000000000000036e+00 1.997699999999999859e-12
6.809999999999999609e+00 1.866120000000000130e-12
6.830000000000000071e+00 1.743110000000000032e-12
6.849999999999999645e+00 1.628130000000000051e-12
6.870000000000000107e+00 1.520670000000000022e-12
6.889999999999999680e+00 1.420230000000000099e-12
6.910000000000000142e+00 1.326380000000000049e-12
6.929999999999999716e+00 1.238679999999999928e-12
6.950000000000000178e+00 1.156730000000000060e-12
6.969999999999999751e+00 1.080179999999999947e-12
6.990000000000000213e+00 1.008660000000000066e-12
7.009999999999999787e+00 9.418409999999999245e-13
7.030000000000000249e+00 8.794319999999999629e-13
7.049999999999999822e+00 8.211390000000000012e-13
7.070000000000000284e+00 7.666929999999999523e-13
7.089999999999999858e+00 7.158439999999999939e-13
7.110000000000000320e+00 6.683580000000000487e-13
7.129999999999999893e+00 6.240150000000000426e-13
7.150000000000000355e+00 5.826069999999999630e-13
7.169999999999999929e+00 5.439430000000000179e-13
7.190000000000000391e+00 5.078450000000000439e-13
7.209999999999999964e+00 4.741419999999999804e-13
7.230000000000000426e+00 4.426760000000000012e-13
7.259999999999999787e+00 4.133009999999999875e-13
7.280000000000000249e+00 3.858809999999999892e-13
7.299999999999999822e+00 3.602850000000000143e-13
7.320000000000000284e+00 3.363930000000000086e-13
7.339999999999999858e+00 3.140920000000000212e-13
7.360000000000000320e+00 2.932790000000000168e-13
7.379999999999999893e+00 2.738539999999999759e-13
7.400000000000000355e+00 2.557250000000000034e-13
7.419999999999999929e+00 2.388079999999999756e-13
7.440000000000000391e+00 2.230209999999999895e-13
7.459999999999999964e+00 2.082899999999999889e-13
7.480000000000000426e+00 1.945450000000000056e-13
7.500000000000000000e+00 1.817200000000000072e-13
7.519999999999999574e+00 1.697539999999999954e-13
7.540000000000000036e+00 1.585910000000000055e-13
7.559999999999999609e+00 1.481769999999999905e-13
7.580000000000000071e+00 1.384619999999999910e-13
7.599999999999999645e+00 1.294000000000000090e-13
7.620000000000000107e+00 1.209480000000000113e-13
7.639999999999999680e+00 1.130639999999999992e-13
7.660000000000000142e+00 1.057120000000000043e-13
7.679999999999999716e+00 9.885479999999999697e-14
7.700000000000000178e+00 9.246059999999999732e-14
7.719999999999999751e+00 8.649809999999999874e-14
7.740000000000000213e+00 8.093860000000000612e-14
7.759999999999999787e+00 7.575529999999999781e-14
7.780000000000000249e+00 7.092300000000000486e-14
7.799999999999999822e+00 6.641820000000000471e-14
7.820000000000000284e+00 6.221920000000000412e-14
7.839999999999999858e+00 5.830540000000000115e-14
7.860000000000000320e+00 5.465780000000000238e-14
7.879999999999999893e+00 5.125860000000000032e-14
7.900000000000000355e+00 4.809129999999999951e-14
7.919999999999999929e+00 4.514009999999999842e-14
7.940000000000000391e+00 4.239070000000000308e-14
7.959999999999999964e+00 3.982950000000000083e-14
7.980000000000000426e+00 3.744400000000000181e-14
8.000000000000000000e+00 3.522230000000000280e-14
8.019999999999999574e+00 3.315340000000000265e-14
8.039999999999999147e+00 3.122710000000000131e-14
8.060000000000000497e+00 2.943369999999999705e-14
8.080000000000000071e+00 2.776450000000000062e-14
8.099999999999999645e+00 2.621080000000000063e-14
8.119999999999999218e+00 2.476510000000000004e-14
8.140000000000000568e+00 2.341989999999999861e-14
8.160000000000000142e+00 2.216850000000000040e-14
8.179999999999999716e+00 2.100460000000000056e-14
8.199999999999999289e+00 1.992230000000000110e-14
8.220000000000000639e+00 1.891600000000000051e-14
8.240000000000000213e+00 1.798059999999999876e-14
8.259999999999999787e+00 1.711120000000000084e-14
8.279999999999999361e+00 1.630350000000000154e-14
8.300000000000000711e+00 1.555310000000000102e-14
8.320000000000000284e+00 1.485619999999999871e-14
8.339999999999999858e+00 1.420909999999999969e-14
8.359999999999999432e+00 1.360839999999999922e-14
8.380000000000000782e+00 1.305100000000000006e-14
8.400000000000000355e+00 1.253389999999999961e-14
8.419999999999999929e+00 1.205430000000000026e-14
8.439999999999999503e+00 1.160959999999999995e-14
8.460000000000000853e+00 1.119740000000000008e-14
8.480000000000000426e+00 1.081550000000000072e-14
8.500000000000000000e+00 1.046179999999999972e-14
