# log10(T) rate(cm^3/s)
# RecombRates
3.500000000000000000e+00 1.530320000000000047e-11
3.520000000000000018e+00 1.482600000000000004e-11
3.540000000000000036e+00 1.436280000000000015e-11
3.560000000000000053e+00 1.391309999999999976e-11
3.580000000000000071e+00 1.347660000000000015e-11
3.600000000000000089e+00 1.305280000000000028e-11
3.620000000000000107e+00 1.264160000000000058e-11
3.640000000000000124e+00 1.224240000000000042e-11
3.660000000000000142e+00 1.185500000000000068e-11
3.680000000000000160e+00 1.147899999999999986e-11
3.700000000000000178e+00 1.111420000000000044e-11
3.720000000000000195e+00 1.076009999999999976e-11
3.740000000000000213e+00 1.041659999999999986e-11
3.759999999999999787e+00 1.008319999999999969e-11
3.779999999999999805e+00 9.759779999999999435e-12
3.799999999999999822e+00 9.445999999999999938e-12
3.819999999999999840e+00 9.141570000000000194e-12
3.839999999999999858e+00 8.846269999999999221e-12
3.859999999999999876e+00 8.559799999999999938e-12
3.879999999999999893e+00 8.281950000000000672e-12
3.899999999999999911e+00 8.012439999999999734e-12
3.919999999999999929e+00 7.751060000000000296e-12
3.939999999999999947e+00 7.497569999999999525e-12
3.959999999999999964e+00 7.251749999999999670e-12
3.979999999999999982e+00 7.013369999999999630e-12
4.000000000000000000e+00 6.782249999999999702e-12
4.019999999999999574e+00 6.558140000000000165e-12
4.040000000000000036e+00 6.340879999999999937e-12
4.059999999999999609e+00 6.130259999999999771e-12
4.080000000000000071e+00 5.926079999999999726e-12
4.099999999999999645e+00 5.728180000000000337e-12
4.120000000000000107e+00 5.536349999999999931e-12
4.139999999999999680e+00 5.350450000000000087e-12
4.160000000000000142e+00 5.170280000000000058e-12
4.179999999999999716e+00 4.995660000000000142e-12
4.200000000000000178e+00 4.826500000000000083e-12
4.219999999999999751e+00 4.658590000000000247e-12
4.240000000000000213e+00 4.499989999999999690e-12
4.259999999999999787e+00 4.346379999999999904e-12
4.280000000000000249e+00 4.197679999999999942e-12
4.299999999999999822e+00 4.053879999999999686e-12
4.320000000000000284e+00 3.915089999999999628e-12
4.339999999999999858e+00 3.781569999999999607e-12
4.360000000000000320e+00 3.653889999999999893e-12
4.379999999999999893e+00 3.533029999999999941e-12
4.400000000000000355e+00 3.420590000000000069e-12
4.419999999999999929e+00 3.319080000000000030e-12
4.440000000000000391e+00 3.232229999999999850e-12
4.459999999999999964e+00 3.165379999999999988e-12
4.480000000000000426e+00 3.125960000000000142e-12
4.500000000000000000e+00 3.123959999999999949e-12
4.519999999999999574e+00 3.172389999999999976e-12
4.540000000000000036e+00 3.287860000000000088e-12
4.559999999999999609e+00 3.490749999999999843e-12
4.580000000000000071e+00 3.805560000000000195e-12
4.599999999999999645e+00 4.260920000000000387e-12
4.620000000000000107e+00 4.889319999999999608e-12
4.639999999999999680e+00 5.726699999999999822e-12
4.660000000000000142e+00 6.811690000000000028e-12
4.679999999999999716e+00 8.184460000000000449e-12
4.700000000000000178e+00 9.885420000000000099e-12
4.719999999999999751e+00 1.195390000000000059e-11
4.740000000000000213e+00 1.442619999999999926e-11
4.769999999999999574e+00 1.733440000000000013e-11
4.790000000000000036e+00 2.070389999999999946e-11
4.809999999999999609e+00 2.455279999999999934e-11
4.830000000000000071e+00 2.889019999999999902e-11
4.849999999999999645e+00 3.371499999999999679e-11
4.870000000000000107e+00 3.901539999999999873e-11
4.889999999999999680e+00 4.476910000000000156e-11
4.910000000000000142e+00 5.094290000000000096e-11
4.929999999999999716e+00 5.749319999999999901e-11
4.950000000000000178e+00 6.436690000000000031e-11
4.969999999999999751e+00 7.150319999999999768e-11
4.990000000000000213e+00 7.883459999999999368e-11
5.009999999999999787e+00 8.628789999999999627e-11
5.030000000000000249e+00 9.378740000000000485e-11
5.049999999999999822e+00 1.012550000000000034e-10
5.070000000000000284e+00 1.086139999999999958e-10
5.089999999999999858e+00 1.157889999999999995e-10
5.110000000000000320e+00 1.227070000000000086e-10
5.129999999999999893e+00 1.293019999999999998e-10
5.150000000000000355e+00 1.355130000000000055e-10
5.169999999999999929e+00 1.412840000000000107e-10
5.190000000000000391e+00 1.465709999999999998e-10
5.209999999999999964e+00 1.513330000000000088e-10
5.230000000000000426e+00 1.555409999999999957e-10
5.250000000000000000e+00 1.591719999999999959e-10
5.269999999999999574e+00 1.622119999999999926e-10
5.290000000000000036e+00 1.646559999999999947e-10
5.309999999999999609e+00 1.665029999999999936e-10
5.330000000000000071e+00 1.677610000000000062e-10
5.349999999999999645e+00 1.684450000000000061e-10
5.370000000000000107e+00 1.685729999999999927e-10
5.389999999999999680e+00 1.681689999999999908e-10
5.410000000000000142e+00 1.672599999999999994e-10
5.429999999999999716e+00 1.658780000000000087e-10
5.450000000000000178e+00 1.640540000000000003e-10
5.469999999999999751e+00 1.618250000000000073e-10
5.490000000000000213e+00 1.592250000000000111e-10
5.509999999999999787e+00 1.562920000000000017e-10
5.530000000000000249e+00 1.530620000000000035e-10
5.549999999999999822e+00 1.495709999999999894e-10
5.570000000000000284e+00 1.458550000000000097e-10
5.589999999999999858e+00 1.419479999999999941e-10
5.610000000000000320e+00 1.378829999999999932e-10
5.629999999999999893e+00 1.336909999999999884e-10
5.650000000000000355e+00 1.294009999999999960e-10
5.669999999999999929e+00 1.250420000000000062e-10
5.690000000000000391e+00 1.206379999999999922e-10
5.709999999999999964e+00 1.162130000000000049e-10
5.730000000000000426e+00 1.117890000000000004e-10
5.750000000000000000e+00 1.073859999999999950e-10
5.769999999999999574e+00 1.030199999999999968e-10
5.790000000000000036e+00 9.870709999999999408e-11
5.809999999999999609e+00 9.446179999999999479e-11
5.830000000000000071e+00 9.029530000000000199e-11
5.849999999999999645e+00 8.621830000000000149e-11
5.870000000000000107e+00 8.223939999999999469e-11
5.889999999999999680e+00 7.836600000000000111e-11
5.910000000000000142e+00 7.460380000000000246e-11
5.929999999999999716e+00 7.095760000000000372e-11
5.950000000000000178e+00 6.743120000000000130e-11
5.969999999999999751e+00 6.402690000000000459e-11
5.990000000000000213e+00 6.074629999999999370e-11
6.009999999999999787e+00 5.759019999999999749e-11
6.030000000000000249e+00 5.455880000000000215e-11
6.049999999999999822e+00 5.165139999999999779e-11
6.070000000000000284e+00 4.886659999999999698e-11
6.089999999999999858e+00 4.620299999999999932e-11
6.110000000000000320e+00 4.365830000000000189e-11
6.129999999999999893e+00 4.123020000000000177e-11
6.150000000000000355e+00 3.891589999999999819e-11
6.169999999999999929e+00 3.671219999999999860e-11
6.190000000000000391e+00 3.461610000000000312e-11
6.209999999999999964e+00 3.262420000000000068e-11
6.230000000000000426e+00 3.073290000000000044e-11
6.250000000000000000e+00 2.893870000000000149e-11
6.269999999999999574e+00 2.723800000000000006e-11
6.290000000000000036e+00 2.562709999999999932e-11
6.309999999999999609e+00 2.410229999999999919e-11
6.330000000000000071e+00 2.266009999999999873e-11
6.349999999999999645e+00 2.129690000000000067e-11
6.370000000000000107e+00 2.000920000000000081e-11
6.389999999999999680e+00 1.879329999999999910e-11
6.410000000000000142e+00 1.764609999999999930e-11
6.429999999999999716e+00 1.656420000000000004e-11
6.450000000000000178e+00 1.554439999999999907e-11
6.469999999999999751e+00 1.458350000000000061e-11
6.490000000000000213e+00 1.367870000000000067e-11
6.509999999999999787e+00 1.282689999999999980e-11
6.530000000000000249e+00 1.202549999999999960e-11
6.549999999999999822e+00 1.127169999999999932e-11
6.570000000000000284e+00 1.056290000000000056e-11
6.589999999999999858e+00 9.896809999999999710e-12
6.610000000000000320e+00 9.270940000000000480e-12
6.629999999999999893e+00 8.683080000000000196e-12
6.650000000000000355e+00 8.131120000000000597e-12
6.669999999999999929e+00 7.612990000000000663e-12
6.690000000000000391e+00 7.126760000000000220e-12
6.709999999999999964e+00 6.670580000000000037e-12
6.730000000000000426e+00 6.242729999999999997e-12
6.750000000000000000e+00 5.841520000000000337e-12
6.769999999999999574e+00 5.465370000000000167e-12
6.790000000000000036e+00 5.112820000000000018e-12
6.809999999999999609e+00 4.782439999999999966e-12
6.830000000000000071e+00 4.472909999999999769e-12
6.849999999999999645e+00 4.182949999999999660e-12
6.870000000000000107e+00 3.911390000000000361e-12
6.889999999999999680e+00 3.657099999999999836e-12
6.910000000000000142e+00 3.419020000000000107e-12
6.929999999999999716e+00 3.196140000000000152e-12
6.950000000000000178e+00 2.987540000000000011e-12
6.969999999999999751e+00 2.792330000000000078e-12
6.990000000000000213e+00 2.609670000000000128e-12
7.009999999999999787e+00 2.438770000000000119e-12
7.030000000000000249e+00 2.278899999999999912e-12
7.049999999999999822e+00 2.129369999999999842e-12
7.070000000000000284e+00 1.989510000000000072e-12
7.089999999999999858e+00 1.858730000000000098e-12
7.110000000000000320e+00 1.736460000000000055e-12
7.129999999999999893e+00 1.622130000000000076e-12
7.150000000000000355e+00 1.515239999999999913e-12
7.169999999999999929e+00 1.415329999999999988e-12
7.190000000000000391e+00 1.321939999999999919e-12
7.209999999999999964e+00 1.234659999999999911e-12
7.230000000000000426e+00 1.153100000000000004e-12
7.259999999999999787e+00 1.076879999999999951e-12
7.280000000000000249e+00 1.005659999999999978e-12
7.299999999999999822e+00 9.391220000000000852e-13
7.320000000000000284e+00 8.769570000000000164e-13
7.339999999999999858e+00 8.188819999999999836e-13
7.360000000000000320e+00 7.646350000000000028e-13
7.379999999999999893e+00 7.139640000000000060e-13
7.400000000000000355e+00 6.666359999999999879e-13
7.419999999999999929e+00 6.224349999999999625e-13
7.440000000000000391e+00 5.811560000000000331e-13
7.459999999999999964e+00 5.426089999999999753e-13
7.480000000000000426e+00 5.066139999999999858e-13
7.500000000000000000e+00 4.730049999999999621e-13
7.519999999999999574e+00 4.416260000000000208e-13
7.540000000000000036e+00 4.123309999999999926e-13
7.559999999999999609e+00 3.849830000000000066e-13
7.580000000000000071e+00 3.594530000000000134e-13
7.599999999999999645e+00 3.356230000000000028e-13
7.620000000000000107e+00 3.133820000000000171e-13
7.639999999999999680e+00 2.926229999999999841e-13
7.660000000000000142e+00 2.732509999999999935e-13
7.679999999999999716e+00 2.551720000000000056e-13
7.700000000000000178e+00 2.383030000000000197e-13
7.719999999999999751e+00 2.225639999999999996e-13
7.740000000000000213e+00 2.078789999999999970e-13
7.759999999999999787e+00 1.941800000000000117e-13
7.780000000000000249e+00 1.813999999999999894e-13
7.799999999999999822e+00 1.694800000000000008e-13
7.820000000000000284e+00 1.583630000000000089e-13
7.839999999999999858e+00 1.479949999999999919e-13
7.860000000000000320e+00 1.383270000000000123e-13
7.879999999999999893e+00 1.293119999999999997e-13
7.900000000000000355e+00 1.209079999999999933e-13
7.919999999999999929e+00 1.130729999999999944e-13
7.940000000000000391e+00 1.057700000000000002e-13
7.959999999999999964e+00 9.896420000000000305e-14
7.980000000000000426e+00 9.262199999999999398e-14
8.000000000000000000e+00 8.671269999999999714e-14
8.019999999999999574e+00 8.120740000000000292e-14
8.039999999999999147e+00 7.607939999999999690e-14
8.060000000000000497e+00 7.130369999999999939e-14
8.080000000000000071e+00 6.685709999999999691e-14
8.099999999999999645e+00 6.271710000000000142e-14
8.119999999999999218e+00 5.886140000000000150e-14
8.140000000000000568e+00 5.527500000000000302e-14
8.160000000000000142e+00 5.193819999999999976e-14
8.179999999999999716e+00 4.883430000000000074e-14
8.199999999999999289e+00 4.594790000000000180e-14
8.220000000000000639e+00 4.326429999999999898e-14
8.240000000000000213e+00 4.077020000000000131e-14
8.259999999999999787e+00 3.845260000000000167e-14
8.279999999999999361e+00 3.629989999999999964e-14
8.300000000000000711e+00 3.430089999999999852e-14
8.320000000000000284e+00 3.244539999999999825e-14
8.339999999999999858e+00 3.072369999999999711e-14
8.359999999999999432e+00 2.912669999999999897e-14
8.380000000000000782e+00 2.764620000000000025e-14
8.400000000000000355e+00 2.627440000000000111e-14
8.419999999999999929e+00 2.500370000000000041e-14
8.439999999999999503e+00 2.382739999999999902e-14
8.460000000000000853e+00 2.273910000000000064e-14
8.480000000000000426e+00 2.173280000000000005e-14
8.500000000000000000e+00 2.080289999999999888e-14
