# log10(T) rate(cm^3/s)
# RecombRates
3.500000000000000000e+00 1.035630000000000021e-10
3.520000000000000018e+00 1.005369999999999962e-10
3.540000000000000036e+00 9.759500000000000006e-11
3.560000000000000053e+00 9.473569999999999991e-11
3.580000000000000071e+00 9.195629999999999501e-11
3.600000000000000089e+00 8.925459999999999492e-11
3.620000000000000107e+00 8.662870000000000144e-11
3.640000000000000124e+00 8.407650000000000430e-11
3.660000000000000142e+00 8.159590000000000616e-11
3.680000000000000160e+00 7.918499999999999591e-11
3.700000000000000178e+00 7.684190000000000117e-11
3.720000000000000195e+00 7.456480000000000394e-11
3.740000000000000213e+00 7.235189999999999910e-11
3.759999999999999787e+00 7.020139999999999448e-11
3.779999999999999805e+00 6.811169999999999704e-11
3.799999999999999822e+00 6.608109999999999476e-11
3.819999999999999840e+00 6.410790000000000151e-11
3.839999999999999858e+00 6.219069999999999753e-11
3.859999999999999876e+00 6.032779999999999665e-11
3.879999999999999893e+00 5.851789999999999807e-11
3.899999999999999911e+00 5.675940000000000228e-11
3.919999999999999929e+00 5.505090000000000244e-11
3.939999999999999947e+00 5.339119999999999731e-11
3.959999999999999964e+00 5.177879999999999986e-11
3.979999999999999982e+00 5.021240000000000281e-11
4.000000000000000000e+00 4.869089999999999804e-11
4.019999999999999574e+00 4.721279999999999851e-11
4.040000000000000036e+00 4.577720000000000168e-11
4.059999999999999609e+00 4.438280000000000027e-11
4.080000000000000071e+00 4.302839999999999950e-11
4.099999999999999645e+00 4.171309999999999681e-11
4.120000000000000107e+00 4.043549999999999830e-11
4.139999999999999680e+00 3.919490000000000054e-11
4.160000000000000142e+00 3.799000000000000271e-11
4.179999999999999716e+00 3.682010000000000141e-11
4.200000000000000178e+00 3.568400000000000183e-11
4.219999999999999751e+00 3.458080000000000145e-11
4.240000000000000213e+00 3.350969999999999726e-11
4.259999999999999787e+00 3.246970000000000007e-11
4.280000000000000249e+00 3.146000000000000045e-11
4.299999999999999822e+00 3.047970000000000229e-11
4.320000000000000284e+00 2.952810000000000218e-11
4.339999999999999858e+00 2.860430000000000081e-11
4.360000000000000320e+00 2.770760000000000121e-11
4.379999999999999893e+00 2.683720000000000039e-11
4.400000000000000355e+00 2.599250000000000097e-11
4.419999999999999929e+00 2.517279999999999953e-11
4.440000000000000391e+00 2.437739999999999910e-11
4.459999999999999964e+00 2.360590000000000143e-11
4.480000000000000426e+00 2.285769999999999943e-11
4.500000000000000000e+00 2.213250000000000086e-11
4.519999999999999574e+00 2.143000000000000057e-11
4.540000000000000036e+00 2.075009999999999900e-11
4.559999999999999609e+00 2.009269999999999980e-11
4.580000000000000071e+00 1.945820000000000124e-11
4.599999999999999645e+00 1.884700000000000158e-11
4.620000000000000107e+00 1.825970000000000145e-11
4.639999999999999680e+00 1.769759999999999842e-11
4.660000000000000142e+00 1.716190000000000021e-11
4.679999999999999716e+00 1.665490000000000005e-11
4.700000000000000178e+00 1.617929999999999913e-11
4.719999999999999751e+00 1.573899999999999988e-11
4.740000000000000213e+00 1.533919999999999910e-11
4.769999999999999574e+00 1.498730000000000017e-11
4.790000000000000036e+00 1.469280000000000056e-11
4.809999999999999609e+00 1.446910000000000021e-11
4.830000000000000071e+00 1.433309999999999999e-11
4.849999999999999645e+00 1.430709999999999989e-11
4.870000000000000107e+00 1.441930000000000016e-11
4.889999999999999680e+00 1.470429999999999905e-11
4.910000000000000142e+00 1.520420000000000099e-11
4.929999999999999716e+00 1.595639999999999853e-11
4.950000000000000178e+00 1.704179999999999873e-11
4.969999999999999751e+00 1.851130000000000009e-11
4.990000000000000213e+00 2.043380000000000044e-11
5.009999999999999787e+00 2.288229999999999914e-11
5.030000000000000249e+00 2.593109999999999964e-11
5.049999999999999822e+00 2.965379999999999871e-11
5.070000000000000284e+00 3.412029999999999952e-11
5.089999999999999858e+00 3.939329999999999775e-11
5.110000000000000320e+00 4.552560000000000303e-11
5.129999999999999893e+00 5.255689999999999792e-11
5.150000000000000355e+00 6.051140000000000003e-11
5.169999999999999929e+00 6.939550000000000092e-11
5.190000000000000391e+00 7.919630000000000496e-11
5.209999999999999964e+00 8.988069999999999445e-11
5.230000000000000426e+00 1.013950000000000024e-10
5.250000000000000000e+00 1.136669999999999938e-10
5.269999999999999574e+00 1.266060000000000072e-10
5.290000000000000036e+00 1.401030000000000124e-10
5.309999999999999609e+00 1.540390000000000096e-10
5.330000000000000071e+00 1.682800000000000124e-10
5.349999999999999645e+00 1.826860000000000090e-10
5.370000000000000107e+00 1.971139999999999875e-10
5.389999999999999680e+00 2.114179999999999879e-10
5.410000000000000142e+00 2.254530000000000072e-10
5.429999999999999716e+00 2.390819999999999815e-10
5.450000000000000178e+00 2.521729999999999935e-10
5.469999999999999751e+00 2.646049999999999874e-10
5.490000000000000213e+00 2.762700000000000189e-10
5.509999999999999787e+00 2.870690000000000144e-10
5.530000000000000249e+00 2.969230000000000199e-10
5.549999999999999822e+00 3.057640000000000207e-10
5.570000000000000284e+00 3.135389999999999758e-10
5.589999999999999858e+00 3.202129999999999984e-10
5.610000000000000320e+00 3.257629999999999948e-10
5.629999999999999893e+00 3.301799999999999910e-10
5.650000000000000355e+00 3.334689999999999783e-10
5.669999999999999929e+00 3.356459999999999905e-10
5.690000000000000391e+00 3.367390000000000094e-10
5.709999999999999964e+00 3.367830000000000249e-10
5.730000000000000426e+00 3.358240000000000182e-10
5.750000000000000000e+00 3.339120000000000046e-10
5.769999999999999574e+00 3.311060000000000248e-10
5.790000000000000036e+00 3.274650000000000164e-10
5.809999999999999609e+00 3.230549999999999768e-10
5.830000000000000071e+00 3.179420000000000070e-10
5.849999999999999645e+00 3.121920000000000010e-10
5.870000000000000107e+00 3.058749999999999906e-10
5.889999999999999680e+00 2.990560000000000166e-10
5.910000000000000142e+00 2.918019999999999814e-10
5.929999999999999716e+00 2.841760000000000121e-10
5.950000000000000178e+00 2.762400000000000201e-10
5.969999999999999751e+00 2.680509999999999773e-10
5.990000000000000213e+00 2.596660000000000109e-10
6.009999999999999787e+00 2.511359999999999897e-10
6.030000000000000249e+00 2.425109999999999807e-10
6.049999999999999822e+00 2.338349999999999995e-10
6.070000000000000284e+00 2.251480000000000015e-10
6.089999999999999858e+00 2.164899999999999938e-10
6.110000000000000320e+00 2.078940000000000009e-10
6.129999999999999893e+00 1.993899999999999960e-10
6.150000000000000355e+00 1.910060000000000123e-10
6.169999999999999929e+00 1.827649999999999887e-10
6.190000000000000391e+00 1.746880000000000021e-10
6.209999999999999964e+00 1.667929999999999998e-10
6.230000000000000426e+00 1.590959999999999901e-10
6.250000000000000000e+00 1.516070000000000070e-10
6.269999999999999574e+00 1.443390000000000069e-10
6.290000000000000036e+00 1.372970000000000068e-10
6.309999999999999609e+00 1.304889999999999978e-10
6.330000000000000071e+00 1.239189999999999885e-10
6.349999999999999645e+00 1.175889999999999958e-10
6.370000000000000107e+00 1.114989999999999941e-10
6.389999999999999680e+00 1.056510000000000005e-10
6.410000000000000142e+00 1.000410000000000064e-10
6.429999999999999716e+00 9.466749999999999905e-11
6.450000000000000178e+00 8.952730000000000526e-11
6.469999999999999751e+00 8.461600000000000538e-11
6.490000000000000213e+00 7.992879999999999441e-11
6.509999999999999787e+00 7.546029999999999583e-11
6.530000000000000249e+00 7.120460000000000297e-11
6.549999999999999822e+00 6.715550000000000400e-11
6.570000000000000284e+00 6.330669999999999398e-11
6.589999999999999858e+00 5.965140000000000248e-11
6.610000000000000320e+00 5.618260000000000175e-11
6.629999999999999893e+00 5.289360000000000153e-11
6.650000000000000355e+00 4.977749999999999949e-11
6.669999999999999929e+00 4.682720000000000064e-11
6.690000000000000391e+00 4.403570000000000309e-11
6.709999999999999964e+00 4.139629999999999719e-11
6.730000000000000426e+00 3.890229999999999914e-11
6.750000000000000000e+00 3.654699999999999927e-11
6.769999999999999574e+00 3.432380000000000042e-11
6.790000000000000036e+00 3.222659999999999680e-11
6.809999999999999609e+00 3.024879999999999769e-11
6.830000000000000071e+00 2.838519999999999986e-11
6.849999999999999645e+00 2.662970000000000072e-11
6.870000000000000107e+00 2.497659999999999921e-11
6.889999999999999680e+00 2.342080000000000134e-11
6.910000000000000142e+00 2.195710000000000062e-11
6.929999999999999716e+00 2.058059999999999896e-11
6.950000000000000178e+00 1.928650000000000107e-11
6.969999999999999751e+00 1.807030000000000066e-11
6.990000000000000213e+00 1.692770000000000026e-11
7.009999999999999787e+00 1.585460000000000153e-11
7.030000000000000249e+00 1.484709999999999880e-11
7.049999999999999822e+00 1.390140000000000052e-11
7.070000000000000284e+00 1.301389999999999971e-11
7.089999999999999858e+00 1.218140000000000058e-11
7.110000000000000320e+00 1.140050000000000014e-11
7.129999999999999893e+00 1.066829999999999969e-11
7.150000000000000355e+00 9.981780000000000711e-12
7.169999999999999929e+00 9.338360000000000207e-12
7.190000000000000391e+00 8.735410000000000237e-12
7.209999999999999964e+00 8.170539999999999232e-12
7.230000000000000426e+00 7.641349999999999545e-12
7.259999999999999787e+00 7.145720000000000373e-12
7.280000000000000249e+00 6.681620000000000362e-12
7.299999999999999822e+00 6.247089999999999789e-12
7.320000000000000284e+00 5.840309999999999779e-12
7.339999999999999858e+00 5.459560000000000215e-12
7.360000000000000320e+00 5.103250000000000091e-12
7.379999999999999893e+00 4.769829999999999680e-12
7.400000000000000355e+00 4.457869999999999866e-12
7.419999999999999929e+00 4.166020000000000054e-12
7.440000000000000391e+00 3.893040000000000141e-12
7.459999999999999964e+00 3.637709999999999855e-12
7.480000000000000426e+00 3.398929999999999937e-12
7.500000000000000000e+00 3.175629999999999869e-12
7.519999999999999574e+00 2.966850000000000025e-12
7.540000000000000036e+00 2.771649999999999807e-12
7.559999999999999609e+00 2.589159999999999844e-12
7.580000000000000071e+00 2.418579999999999980e-12
7.599999999999999645e+00 2.259120000000000172e-12
7.620000000000000107e+00 2.110089999999999948e-12
7.639999999999999680e+00 1.970810000000000162e-12
7.660000000000000142e+00 1.840640000000000122e-12
7.679999999999999716e+00 1.719009999999999963e-12
7.700000000000000178e+00 1.605350000000000021e-12
7.719999999999999751e+00 1.499160000000000046e-12
7.740000000000000213e+00 1.399939999999999990e-12
7.759999999999999787e+00 1.307249999999999908e-12
7.780000000000000249e+00 1.220650000000000054e-12
7.799999999999999822e+00 1.139759999999999982e-12
7.820000000000000284e+00 1.064250000000000034e-12
7.839999999999999858e+00 9.936689999999999738e-13
7.860000000000000320e+00 9.277559999999999900e-13
7.879999999999999893e+00 8.661980000000000417e-13
7.900000000000000355e+00 8.087160000000000247e-13
7.919999999999999929e+00 7.550380000000000388e-13
7.940000000000000391e+00 7.049180000000000464e-13
7.959999999999999964e+00 6.581200000000000270e-13
7.980000000000000426e+00 6.144279999999999947e-13
8.000000000000000000e+00 5.736359999999999803e-13
8.019999999999999574e+00 5.355539999999999614e-13
8.039999999999999147e+00 5.000030000000000052e-13
8.060000000000000497e+00 4.668179999999999805e-13
8.080000000000000071e+00 4.358439999999999753e-13
8.099999999999999645e+00 4.069329999999999787e-13
8.119999999999999218e+00 3.799529999999999765e-13
8.140000000000000568e+00 3.547729999999999768e-13
8.160000000000000142e+00 3.312759999999999912e-13
8.179999999999999716e+00 3.093530000000000047e-13
8.199999999999999289e+00 2.888989999999999891e-13
8.220000000000000639e+00 2.698180000000000121e-13
8.240000000000000213e+00 2.520200000000000207e-13
8.259999999999999787e+00 2.354200000000000207e-13
8.279999999999999361e+00 2.199389999999999982e-13
8.300000000000000711e+00 2.055039999999999945e-13
8.320000000000000284e+00 1.920449999999999910e-13
8.339999999999999858e+00 1.794989999999999958e-13
8.359999999999999432e+00 1.678060000000000071e-13
8.380000000000000782e+00 1.569089999999999880e-13
8.400000000000000355e+00 1.467560000000000110e-13
8.419999999999999929e+00 1.372969999999999904e-13
8.439999999999999503e+00 1.284889999999999940e-13
8.460000000000000853e+00 1.202859999999999986e-13
8.480000000000000426e+00 1.126489999999999954e-13
8.500000000000000000e+00 1.055420000000000036e-13
