# log10(T) rate(cm^3/s)
# RecombRates
3.500000000000000000e+00 2.579059999999999958e-11
3.520000000000000018e+00 2.500049999999999874e-11
3.540000000000000036e+00 2.423309999999999940e-11
3.560000000000000053e+00 2.348790000000000052e-11
3.580000000000000071e+00 2.276430000000000146e-11
3.600000000000000089e+00 2.206149999999999924e-11
3.620000000000000107e+00 2.137919999999999841e-11
3.640000000000000124e+00 2.071669999999999876e-11
3.660000000000000142e+00 2.007339999999999967e-11
3.680000000000000160e+00 1.944889999999999965e-11
3.700000000000000178e+00 1.884260000000000132e-11
3.720000000000000195e+00 1.825390000000000081e-11
3.740000000000000213e+00 1.768249999999999943e-11
3.759999999999999787e+00 1.712779999999999978e-11
3.779999999999999805e+00 1.658940000000000038e-11
3.799999999999999822e+00 1.606670000000000060e-11
3.819999999999999840e+00 1.555950000000000130e-11
3.839999999999999858e+00 1.506719999999999864e-11
3.859999999999999876e+00 1.458940000000000082e-11
3.879999999999999893e+00 1.412569999999999988e-11
3.899999999999999911e+00 1.367580000000000035e-11
3.919999999999999929e+00 1.323919999999999957e-11
3.939999999999999947e+00 1.281549999999999926e-11
3.959999999999999964e+00 1.240450000000000031e-11
3.979999999999999982e+00 1.200570000000000003e-11
4.000000000000000000e+00 1.161879999999999973e-11
4.019999999999999574e+00 1.124350000000000071e-11
4.040000000000000036e+00 1.087939999999999987e-11
4.059999999999999609e+00 1.052620000000000012e-11
4.080000000000000071e+00 1.018370000000000072e-11
4.099999999999999645e+00 9.851459999999999707e-12
4.120000000000000107e+00 9.529259999999999323e-12
4.139999999999999680e+00 9.216799999999999259e-12
4.160000000000000142e+00 8.913810000000000365e-12
4.179999999999999716e+00 8.620009999999999335e-12
4.200000000000000178e+00 8.335150000000000486e-12
4.219999999999999751e+00 8.058959999999999822e-12
4.240000000000000213e+00 7.791219999999999592e-12
4.259999999999999787e+00 7.531669999999999956e-12
4.280000000000000249e+00 7.280069999999999695e-12
4.299999999999999822e+00 7.036219999999999679e-12
4.320000000000000284e+00 6.799870000000000186e-12
4.339999999999999858e+00 6.570899999999999799e-12
4.360000000000000320e+00 6.348830000000000121e-12
4.379999999999999893e+00 6.133739999999999671e-12
4.400000000000000355e+00 5.920430000000000048e-12
4.419999999999999929e+00 5.718790000000000111e-12
4.440000000000000391e+00 5.523489999999999924e-12
4.459999999999999964e+00 5.334400000000000373e-12
4.480000000000000426e+00 5.151449999999999825e-12
4.500000000000000000e+00 4.974639999999999894e-12
4.519999999999999574e+00 4.804080000000000266e-12
4.540000000000000036e+00 4.640019999999999852e-12
4.559999999999999609e+00 4.482940000000000283e-12
4.580000000000000071e+00 4.333569999999999679e-12
4.599999999999999645e+00 4.193029999999999956e-12
4.620000000000000107e+00 4.062859999999999916e-12
4.639999999999999680e+00 3.945129999999999771e-12
4.660000000000000142e+00 3.842729999999999722e-12
4.679999999999999716e+00 3.758959999999999969e-12
4.700000000000000178e+00 3.698120000000000402e-12
4.719999999999999751e+00 3.665200000000000175e-12
4.740000000000000213e+00 3.666350000000000024e-12
4.769999999999999574e+00 3.708269999999999910e-12
4.790000000000000036e+00 3.798440000000000120e-12
4.809999999999999609e+00 3.945009999999999969e-12
4.830000000000000071e+00 4.156660000000000183e-12
4.849999999999999645e+00 4.442440000000000203e-12
4.870000000000000107e+00 4.811569999999999863e-12
4.889999999999999680e+00 5.273259999999999686e-12
4.910000000000000142e+00 5.836559999999999921e-12
4.929999999999999716e+00 6.510089999999999779e-12
4.950000000000000178e+00 7.301890000000000504e-12
4.969999999999999751e+00 8.219320000000000161e-12
4.990000000000000213e+00 9.268810000000000367e-12
5.009999999999999787e+00 1.045569999999999956e-11
5.030000000000000249e+00 1.178410000000000024e-11
5.049999999999999822e+00 1.325680000000000062e-11
5.070000000000000284e+00 1.487509999999999990e-11
5.089999999999999858e+00 1.663850000000000024e-11
5.110000000000000320e+00 1.854460000000000077e-11
5.129999999999999893e+00 2.058920000000000036e-11
5.150000000000000355e+00 2.276600000000000053e-11
5.169999999999999929e+00 2.506649999999999947e-11
5.190000000000000391e+00 2.747989999999999886e-11
5.209999999999999964e+00 2.999330000000000307e-11
5.230000000000000426e+00 3.259169999999999975e-11
5.250000000000000000e+00 3.525809999999999817e-11
5.269999999999999574e+00 3.797360000000000290e-11
5.290000000000000036e+00 4.071809999999999792e-11
5.309999999999999609e+00 4.346989999999999999e-11
5.330000000000000071e+00 4.620629999999999790e-11
5.349999999999999645e+00 4.890469999999999941e-11
5.370000000000000107e+00 5.154230000000000021e-11
5.389999999999999680e+00 5.409630000000000245e-11
5.410000000000000142e+00 5.654469999999999836e-11
5.429999999999999716e+00 5.886710000000000551e-11
5.450000000000000178e+00 6.104410000000000482e-11
5.469999999999999751e+00 6.305849999999999995e-11
5.490000000000000213e+00 6.489490000000000614e-11
5.509999999999999787e+00 6.654030000000000234e-11
5.530000000000000249e+00 6.798420000000000187e-11
5.549999999999999822e+00 6.921849999999999470e-11
5.570000000000000284e+00 7.023760000000000517e-11
5.589999999999999858e+00 7.103840000000000152e-11
5.610000000000000320e+00 7.162029999999999927e-11
5.629999999999999893e+00 7.198490000000000440e-11
5.650000000000000355e+00 7.213610000000000642e-11
5.669999999999999929e+00 7.207949999999999392e-11
5.690000000000000391e+00 7.182260000000000539e-11
5.709999999999999964e+00 7.137429999999999567e-11
5.730000000000000426e+00 7.074499999999999713e-11
5.750000000000000000e+00 6.994600000000000589e-11
5.769999999999999574e+00 6.898940000000000167e-11
5.790000000000000036e+00 6.788809999999999948e-11
5.809999999999999609e+00 6.665529999999999367e-11
5.830000000000000071e+00 6.530409999999999838e-11
5.849999999999999645e+00 6.384819999999999930e-11
5.870000000000000107e+00 6.230080000000000369e-11
5.889999999999999680e+00 6.067480000000000072e-11
5.910000000000000142e+00 5.898299999999999939e-11
5.929999999999999716e+00 5.723739999999999924e-11
5.950000000000000178e+00 5.544970000000000111e-11
5.969999999999999751e+00 5.363069999999999684e-11
5.990000000000000213e+00 5.179069999999999984e-11
6.009999999999999787e+00 4.993930000000000068e-11
6.030000000000000249e+00 4.808520000000000033e-11
6.049999999999999822e+00 4.623650000000000236e-11
6.070000000000000284e+00 4.440040000000000133e-11
6.089999999999999858e+00 4.258369999999999999e-11
6.110000000000000320e+00 4.079199999999999986e-11
6.129999999999999893e+00 3.903069999999999685e-11
6.150000000000000355e+00 3.730409999999999813e-11
6.169999999999999929e+00 3.561609999999999967e-11
6.190000000000000391e+00 3.397009999999999962e-11
6.209999999999999964e+00 3.236869999999999959e-11
6.230000000000000426e+00 3.081420000000000253e-11
6.250000000000000000e+00 2.930830000000000104e-11
6.269999999999999574e+00 2.785239999999999873e-11
6.290000000000000036e+00 2.644719999999999903e-11
6.309999999999999609e+00 2.509319999999999975e-11
6.330000000000000071e+00 2.379100000000000152e-11
6.349999999999999645e+00 2.254029999999999918e-11
6.370000000000000107e+00 2.134080000000000051e-11
6.389999999999999680e+00 2.019200000000000120e-11
6.410000000000000142e+00 1.909320000000000108e-11
6.429999999999999716e+00 1.804350000000000082e-11
6.450000000000000178e+00 1.704169999999999917e-11
6.469999999999999751e+00 1.608690000000000005e-11
6.490000000000000213e+00 1.517769999999999984e-11
6.509999999999999787e+00 1.431269999999999979e-11
6.530000000000000249e+00 1.349070000000000026e-11
6.549999999999999822e+00 1.271010000000000014e-11
6.570000000000000284e+00 1.196950000000000065e-11
6.589999999999999858e+00 1.126740000000000023e-11
6.610000000000000320e+00 1.060219999999999939e-11
6.629999999999999893e+00 9.972569999999999380e-12
6.650000000000000355e+00 9.376949999999999541e-12
6.669999999999999929e+00 8.813849999999999244e-12
6.690000000000000391e+00 8.281849999999999491e-12
6.709999999999999964e+00 7.779500000000000122e-12
6.730000000000000426e+00 7.305430000000000306e-12
6.750000000000000000e+00 6.858280000000000136e-12
6.769999999999999574e+00 6.436720000000000062e-12
6.790000000000000036e+00 6.039489999999999744e-12
6.809999999999999609e+00 5.665370000000000123e-12
6.830000000000000071e+00 5.313159999999999950e-12
6.849999999999999645e+00 4.981689999999999950e-12
6.870000000000000107e+00 4.669889999999999603e-12
6.889999999999999680e+00 4.376700000000000122e-12
6.910000000000000142e+00 4.101099999999999963e-12
6.929999999999999716e+00 3.842119999999999789e-12
6.950000000000000178e+00 3.598840000000000042e-12
6.969999999999999751e+00 3.370390000000000142e-12
6.990000000000000213e+00 3.155910000000000030e-12
7.009999999999999787e+00 2.954620000000000188e-12
7.030000000000000249e+00 2.765739999999999886e-12
7.049999999999999822e+00 2.588570000000000147e-12
7.070000000000000284e+00 2.422409999999999974e-12
7.089999999999999858e+00 2.266619999999999888e-12
7.110000000000000320e+00 2.120579999999999836e-12
7.129999999999999893e+00 1.983709999999999834e-12
7.150000000000000355e+00 1.855459999999999851e-12
7.169999999999999929e+00 1.735310000000000004e-12
7.190000000000000391e+00 1.622780000000000079e-12
7.209999999999999964e+00 1.517390000000000060e-12
7.230000000000000426e+00 1.418700000000000003e-12
7.259999999999999787e+00 1.326310000000000030e-12
7.280000000000000249e+00 1.239829999999999979e-12
7.299999999999999822e+00 1.158920000000000074e-12
7.320000000000000284e+00 1.083180000000000035e-12
7.339999999999999858e+00 1.012320000000000073e-12
7.360000000000000320e+00 9.460229999999999565e-13
7.379999999999999893e+00 8.840139999999999731e-13
7.400000000000000355e+00 8.260189999999999763e-13
7.419999999999999929e+00 7.717839999999999555e-13
7.440000000000000391e+00 7.210720000000000197e-13
7.459999999999999964e+00 6.736590000000000076e-13
7.480000000000000426e+00 6.293339999999999920e-13
7.500000000000000000e+00 5.879010000000000210e-13
7.519999999999999574e+00 5.491750000000000303e-13
7.540000000000000036e+00 5.129820000000000451e-13
7.559999999999999609e+00 4.791600000000000505e-13
7.580000000000000071e+00 4.475569999999999982e-13
7.599999999999999645e+00 4.180290000000000154e-13
7.620000000000000107e+00 3.904430000000000156e-13
7.639999999999999680e+00 3.646739999999999868e-13
7.660000000000000142e+00 3.406049999999999911e-13
7.679999999999999716e+00 3.181239999999999983e-13
7.700000000000000178e+00 2.971300000000000173e-13
7.719999999999999751e+00 2.775259999999999930e-13
7.740000000000000213e+00 2.592229999999999952e-13
7.759999999999999787e+00 2.421339999999999859e-13
7.780000000000000249e+00 2.261819999999999949e-13
7.799999999999999822e+00 2.112909999999999981e-13
7.820000000000000284e+00 1.973939999999999917e-13
7.839999999999999858e+00 1.844249999999999942e-13
7.860000000000000320e+00 1.723240000000000036e-13
7.879999999999999893e+00 1.610340000000000083e-13
7.900000000000000355e+00 1.505010000000000117e-13
7.919999999999999929e+00 1.406769999999999972e-13
7.940000000000000391e+00 1.315139999999999988e-13
7.959999999999999964e+00 1.229700000000000051e-13
7.980000000000000426e+00 1.150040000000000015e-13
8.000000000000000000e+00 1.075770000000000045e-13
8.019999999999999574e+00 1.006550000000000013e-13
8.039999999999999147e+00 9.420420000000000617e-14
8.060000000000000497e+00 8.819359999999999642e-14
8.080000000000000071e+00 8.259450000000000213e-14
8.099999999999999645e+00 7.737929999999999422e-14
8.119999999999999218e+00 7.252319999999999485e-14
8.140000000000000568e+00 6.800210000000000112e-14
8.160000000000000142e+00 6.379399999999999808e-14
8.179999999999999716e+00 5.987829999999999639e-14
8.199999999999999289e+00 5.623559999999999895e-14
8.220000000000000639e+00 5.284799999999999731e-14
8.240000000000000213e+00 4.969859999999999863e-14
8.259999999999999787e+00 4.677139999999999950e-14
8.279999999999999361e+00 4.405189999999999781e-14
8.300000000000000711e+00 4.152340000000000258e-14
8.320000000000000284e+00 3.917819999999999910e-14
8.339999999999999858e+00 3.700189999999999882e-14
8.359999999999999432e+00 3.498329999999999872e-14
8.380000000000000782e+00 3.311199999999999689e-14
8.400000000000000355e+00 3.137810000000000238e-14
8.419999999999999929e+00 2.977229999999999826e-14
8.439999999999999503e+00 2.828629999999999896e-14
8.460000000000000853e+00 2.691179999999999999e-14
8.480000000000000426e+00 2.564139999999999891e-14
8.500000000000000000e+00 2.446820000000000107e-14
