# log10(T) rate(cm^3/s)
# RecombRates
3.500000000000000000e+00 7.683729999999999532e-11
3.520000000000000018e+00 7.456149999999999890e-11
3.540000000000000036e+00 7.234980000000000177e-11
3.560000000000000053e+00 7.020039999999999883e-11
3.580000000000000071e+00 6.811180000000000306e-11
3.600000000000000089e+00 6.608210000000000334e-11
3.620000000000000107e+00 6.410990000000000575e-11
3.640000000000000124e+00 6.219349999999999828e-11
3.660000000000000142e+00 6.033139999999999393e-11
3.680000000000000160e+00 5.852219999999999877e-11
3.700000000000000178e+00 5.676439999999999994e-11
3.720000000000000195e+00 5.505649999999999749e-11
3.740000000000000213e+00 5.339730000000000311e-11
3.759999999999999787e+00 5.178539999999999702e-11
3.779999999999999805e+00 5.021949999999999781e-11
3.799999999999999822e+00 4.869839999999999776e-11
3.819999999999999840e+00 4.722070000000000295e-11
3.839999999999999858e+00 4.578539999999999835e-11
3.859999999999999876e+00 4.439120000000000254e-11
3.879999999999999893e+00 4.303710000000000046e-11
3.899999999999999911e+00 4.172189999999999734e-11
3.919999999999999929e+00 4.044449999999999796e-11
3.939999999999999947e+00 3.920399999999999976e-11
3.959999999999999964e+00 3.799920000000000150e-11
3.979999999999999982e+00 3.682930000000000020e-11
4.000000000000000000e+00 3.569320000000000062e-11
4.019999999999999574e+00 3.459000000000000024e-11
4.040000000000000036e+00 3.351880000000000294e-11
4.059999999999999609e+00 3.247869999999999973e-11
4.080000000000000071e+00 3.146890000000000054e-11
4.099999999999999645e+00 3.048850000000000282e-11
4.120000000000000107e+00 2.953659999999999755e-11
4.139999999999999680e+00 2.861260000000000028e-11
4.160000000000000142e+00 2.771570000000000155e-11
4.179999999999999716e+00 2.684499999999999880e-11
4.200000000000000178e+00 2.599980000000000156e-11
4.219999999999999751e+00 2.517949999999999949e-11
4.240000000000000213e+00 2.438329999999999931e-11
4.259999999999999787e+00 2.361060000000000039e-11
4.280000000000000249e+00 2.286069999999999931e-11
4.299999999999999822e+00 2.213299999999999869e-11
4.320000000000000284e+00 2.142680000000000156e-11
4.339999999999999858e+00 2.074160000000000040e-11
4.360000000000000320e+00 2.007670000000000148e-11
4.379999999999999893e+00 1.943160000000000053e-11
4.400000000000000355e+00 1.880579999999999970e-11
4.419999999999999929e+00 1.819859999999999881e-11
4.440000000000000391e+00 1.760959999999999961e-11
4.459999999999999964e+00 1.703830000000000102e-11
4.480000000000000426e+00 1.648409999999999920e-11
4.500000000000000000e+00 1.594659999999999912e-11
4.519999999999999574e+00 1.542529999999999971e-11
4.540000000000000036e+00 1.491969999999999993e-11
4.559999999999999609e+00 1.442949999999999945e-11
4.580000000000000071e+00 1.395420000000000046e-11
4.599999999999999645e+00 1.349349999999999940e-11
4.620000000000000107e+00 1.304699999999999964e-11
4.639999999999999680e+00 1.261469999999999955e-11
4.660000000000000142e+00 1.219670000000000032e-11
4.679999999999999716e+00 1.179330000000000065e-11
4.700000000000000178e+00 1.140570000000000016e-11
4.719999999999999751e+00 1.103570000000000073e-11
4.740000000000000213e+00 1.068670000000000050e-11
4.769999999999999574e+00 1.036379999999999992e-11
4.790000000000000036e+00 1.007480000000000065e-11
4.809999999999999609e+00 9.831149999999999766e-12
4.830000000000000071e+00 9.640849999999999658e-12
4.849999999999999645e+00 9.541170000000000228e-12
4.870000000000000107e+00 9.552270000000000454e-12
4.889999999999999680e+00 9.710200000000000367e-12
4.910000000000000142e+00 1.005970000000000004e-11
4.929999999999999716e+00 1.065499999999999933e-11
4.950000000000000178e+00 1.155929999999999983e-11
4.969999999999999751e+00 1.284570000000000049e-11
4.990000000000000213e+00 1.459479999999999997e-11
5.009999999999999787e+00 1.689400000000000132e-11
5.030000000000000249e+00 1.983530000000000051e-11
5.049999999999999822e+00 2.351189999999999961e-11
5.070000000000000284e+00 2.801589999999999900e-11
5.089999999999999858e+00 3.343339999999999929e-11
5.110000000000000320e+00 3.984229999999999796e-11
5.129999999999999893e+00 4.730669999999999754e-11
5.150000000000000355e+00 5.587589999999999701e-11
5.169999999999999929e+00 6.557930000000000431e-11
5.190000000000000391e+00 7.642530000000000232e-11
5.209999999999999964e+00 8.839869999999999894e-11
5.230000000000000426e+00 1.014609999999999999e-10
5.250000000000000000e+00 1.155509999999999999e-10
5.269999999999999574e+00 1.305810000000000116e-10
5.290000000000000036e+00 1.464480000000000044e-10
5.309999999999999609e+00 1.630249999999999876e-10
5.330000000000000071e+00 1.801720000000000009e-10
5.349999999999999645e+00 1.977329999999999985e-10
5.370000000000000107e+00 2.155490000000000122e-10
5.389999999999999680e+00 2.334500000000000055e-10
5.410000000000000142e+00 2.512650000000000107e-10
5.429999999999999716e+00 2.688280000000000254e-10
5.450000000000000178e+00 2.859739999999999784e-10
5.469999999999999751e+00 3.025489999999999961e-10
5.490000000000000213e+00 3.184070000000000152e-10
5.509999999999999787e+00 3.334149999999999803e-10
5.530000000000000249e+00 3.474550000000000166e-10
5.549999999999999822e+00 3.604230000000000074e-10
5.570000000000000284e+00 3.722329999999999904e-10
5.589999999999999858e+00 3.828130000000000201e-10
5.610000000000000320e+00 3.921100000000000036e-10
5.629999999999999893e+00 4.000869999999999854e-10
5.650000000000000355e+00 4.067200000000000183e-10
5.669999999999999929e+00 4.120019999999999903e-10
5.690000000000000391e+00 4.159419999999999788e-10
5.709999999999999964e+00 4.185579999999999830e-10
5.730000000000000426e+00 4.198810000000000103e-10
5.750000000000000000e+00 4.199540000000000162e-10
5.769999999999999574e+00 4.188280000000000244e-10
5.790000000000000036e+00 4.165600000000000070e-10
5.809999999999999609e+00 4.132160000000000132e-10
5.830000000000000071e+00 4.088650000000000145e-10
5.849999999999999645e+00 4.035810000000000253e-10
5.870000000000000107e+00 3.974400000000000255e-10
5.889999999999999680e+00 3.905190000000000036e-10
5.910000000000000142e+00 3.828970000000000169e-10
5.929999999999999716e+00 3.746530000000000193e-10
5.950000000000000178e+00 3.658629999999999907e-10
5.969999999999999751e+00 3.566020000000000058e-10
5.990000000000000213e+00 3.469430000000000188e-10
6.009999999999999787e+00 3.369550000000000012e-10
6.030000000000000249e+00 3.267069999999999762e-10
6.049999999999999822e+00 3.162600000000000018e-10
6.070000000000000284e+00 3.056740000000000241e-10
6.089999999999999858e+00 2.950029999999999893e-10
6.110000000000000320e+00 2.842999999999999902e-10
6.129999999999999893e+00 2.736099999999999992e-10
6.150000000000000355e+00 2.629760000000000233e-10
6.169999999999999929e+00 2.524369999999999835e-10
6.190000000000000391e+00 2.420270000000000163e-10
6.209999999999999964e+00 2.317780000000000086e-10
6.230000000000000426e+00 2.217160000000000024e-10
6.250000000000000000e+00 2.118639999999999882e-10
6.269999999999999574e+00 2.022429999999999912e-10
6.290000000000000036e+00 1.928689999999999933e-10
6.309999999999999609e+00 1.837569999999999942e-10
6.330000000000000071e+00 1.749170000000000020e-10
6.349999999999999645e+00 1.663589999999999991e-10
6.370000000000000107e+00 1.580880000000000025e-10
6.389999999999999680e+00 1.501090000000000035e-10
6.410000000000000142e+00 1.424239999999999933e-10
6.429999999999999716e+00 1.350349999999999892e-10
6.450000000000000178e+00 1.279389999999999911e-10
6.469999999999999751e+00 1.211340000000000079e-10
6.490000000000000213e+00 1.146190000000000051e-10
6.509999999999999787e+00 1.083870000000000001e-10
6.530000000000000249e+00 1.024339999999999975e-10
6.549999999999999822e+00 9.675329999999999406e-11
6.570000000000000284e+00 9.133850000000000465e-11
6.589999999999999858e+00 8.618239999999999596e-11
6.610000000000000320e+00 8.127720000000000187e-11
6.629999999999999893e+00 7.661490000000000547e-11
6.650000000000000355e+00 7.218770000000000188e-11
6.669999999999999929e+00 6.798680000000000349e-11
6.690000000000000391e+00 6.400390000000000115e-11
6.709999999999999964e+00 6.023010000000000122e-11
6.730000000000000426e+00 5.665779999999999795e-11
6.750000000000000000e+00 5.327809999999999772e-11
6.769999999999999574e+00 5.008249999999999869e-11
6.790000000000000036e+00 4.706299999999999687e-11
6.809999999999999609e+00 4.421160000000000116e-11
6.830000000000000071e+00 4.152040000000000067e-11
6.849999999999999645e+00 3.898180000000000258e-11
6.870000000000000107e+00 3.658820000000000115e-11
6.889999999999999680e+00 3.433260000000000095e-11
6.910000000000000142e+00 3.220790000000000052e-11
6.929999999999999716e+00 3.020740000000000314e-11
6.950000000000000178e+00 2.832449999999999871e-11
6.969999999999999751e+00 2.655329999999999996e-11
6.990000000000000213e+00 2.488749999999999871e-11
7.009999999999999787e+00 2.332149999999999993e-11
7.030000000000000249e+00 2.184990000000000124e-11
7.049999999999999822e+00 2.046739999999999981e-11
7.070000000000000284e+00 1.916889999999999842e-11
7.089999999999999858e+00 1.794980000000000092e-11
7.110000000000000320e+00 1.680560000000000101e-11
7.129999999999999893e+00 1.573189999999999843e-11
7.150000000000000355e+00 1.472460000000000130e-11
7.169999999999999929e+00 1.377990000000000028e-11
7.190000000000000391e+00 1.289410000000000016e-11
7.209999999999999964e+00 1.206369999999999998e-11
7.230000000000000426e+00 1.128539999999999955e-11
7.259999999999999787e+00 1.055609999999999942e-11
7.280000000000000249e+00 9.872799999999999695e-12
7.299999999999999822e+00 9.232769999999999644e-12
7.320000000000000284e+00 8.633350000000000165e-12
7.339999999999999858e+00 8.072070000000000359e-12
7.360000000000000320e+00 7.546590000000000058e-12
7.379999999999999893e+00 7.054689999999999700e-12
7.400000000000000355e+00 6.594289999999999763e-12
7.419999999999999929e+00 6.163439999999999837e-12
7.440000000000000391e+00 5.760300000000000002e-12
7.459999999999999964e+00 5.383140000000000022e-12
7.480000000000000426e+00 5.030309999999999798e-12
7.500000000000000000e+00 4.700289999999999958e-12
7.519999999999999574e+00 4.391639999999999652e-12
7.540000000000000036e+00 4.103009999999999902e-12
7.559999999999999609e+00 3.833120000000000130e-12
7.580000000000000071e+00 3.580790000000000134e-12
7.599999999999999645e+00 3.344880000000000183e-12
7.620000000000000107e+00 3.124359999999999826e-12
7.639999999999999680e+00 2.918220000000000060e-12
7.660000000000000142e+00 2.725570000000000068e-12
7.679999999999999716e+00 2.545510000000000126e-12
7.700000000000000178e+00 2.377259999999999909e-12
7.719999999999999751e+00 2.220069999999999849e-12
7.740000000000000213e+00 2.073160000000000024e-12
7.759999999999999787e+00 1.935909999999999977e-12
7.780000000000000249e+00 1.807680000000000028e-12
7.799999999999999822e+00 1.687899999999999906e-12
7.820000000000000284e+00 1.576010000000000067e-12
7.839999999999999858e+00 1.471499999999999940e-12
7.860000000000000320e+00 1.373900000000000033e-12
7.879999999999999893e+00 1.282729999999999927e-12
7.900000000000000355e+00 1.197600000000000067e-12
7.919999999999999929e+00 1.118089999999999934e-12
7.940000000000000391e+00 1.043850000000000040e-12
7.959999999999999964e+00 9.745279999999999446e-13
7.980000000000000426e+00 9.098029999999999352e-13
8.000000000000000000e+00 8.493719999999999880e-13
8.019999999999999574e+00 7.929529999999999837e-13
8.039999999999999147e+00 7.402829999999999668e-13
8.060000000000000497e+00 6.911150000000000293e-13
8.080000000000000071e+00 6.452229999999999660e-13
8.099999999999999645e+00 6.023849999999999621e-13
8.119999999999999218e+00 5.624049999999999649e-13
8.140000000000000568e+00 5.250919999999999804e-13
8.160000000000000142e+00 4.902699999999999900e-13
8.179999999999999716e+00 4.577769999999999789e-13
8.199999999999999289e+00 4.274579999999999846e-13
8.220000000000000639e+00 3.991700000000000046e-13
8.240000000000000213e+00 3.727789999999999810e-13
8.259999999999999787e+00 3.481600000000000028e-13
8.279999999999999361e+00 3.251959999999999807e-13
8.300000000000000711e+00 3.037760000000000074e-13
8.320000000000000284e+00 2.837989999999999906e-13
8.339999999999999858e+00 2.651689999999999983e-13
8.359999999999999432e+00 2.477989999999999925e-13
8.380000000000000782e+00 2.316030000000000078e-13
8.400000000000000355e+00 2.165059999999999915e-13
8.419999999999999929e+00 2.024319999999999951e-13
8.439999999999999503e+00 1.893160000000000084e-13
8.460000000000000853e+00 1.770929999999999957e-13
8.480000000000000426e+00 1.657030000000000059e-13
8.500000000000000000e+00 1.550929999999999885e-13
