# log10(T) rate(cm^3/s)
# RecombRates
3.500000000000000000e+00 3.950520000000000256e-11
3.520000000000000018e+00 3.831179999999999999e-11
3.540000000000000036e+00 3.715249999999999785e-11
3.560000000000000053e+00 3.602630000000000049e-11
3.580000000000000071e+00 3.493239999999999845e-11
3.600000000000000089e+00 3.386980000000000256e-11
3.620000000000000107e+00 3.283769999999999689e-11
3.640000000000000124e+00 3.183529999999999785e-11
3.660000000000000142e+00 3.086159999999999686e-11
3.680000000000000160e+00 2.991610000000000255e-11
3.700000000000000178e+00 2.899779999999999989e-11
3.720000000000000195e+00 2.810600000000000161e-11
3.740000000000000213e+00 2.724000000000000106e-11
3.759999999999999787e+00 2.639910000000000128e-11
3.779999999999999805e+00 2.558249999999999929e-11
3.799999999999999822e+00 2.478960000000000092e-11
3.819999999999999840e+00 2.401979999999999909e-11
3.839999999999999858e+00 2.327240000000000007e-11
3.859999999999999876e+00 2.254680000000000001e-11
3.879999999999999893e+00 2.184240000000000152e-11
3.899999999999999911e+00 2.115860000000000074e-11
3.919999999999999929e+00 2.049470000000000071e-11
3.939999999999999947e+00 1.985039999999999951e-11
3.959999999999999964e+00 1.922500000000000017e-11
3.979999999999999982e+00 1.861789999999999885e-11
4.000000000000000000e+00 1.802880000000000008e-11
4.019999999999999574e+00 1.745700000000000044e-11
4.040000000000000036e+00 1.690209999999999843e-11
4.059999999999999609e+00 1.636359999999999946e-11
4.080000000000000071e+00 1.584109999999999881e-11
4.099999999999999645e+00 1.533409999999999865e-11
4.120000000000000107e+00 1.484220000000000071e-11
4.139999999999999680e+00 1.436500000000000028e-11
4.160000000000000142e+00 1.390199999999999953e-11
4.179999999999999716e+00 1.345280000000000019e-11
4.200000000000000178e+00 1.301710000000000034e-11
4.219999999999999751e+00 1.259440000000000054e-11
4.240000000000000213e+00 1.218450000000000003e-11
4.259999999999999787e+00 1.178689999999999938e-11
4.280000000000000249e+00 1.140129999999999990e-11
4.299999999999999822e+00 1.102739999999999964e-11
4.320000000000000284e+00 1.066470000000000079e-11
4.339999999999999858e+00 1.031310000000000055e-11
4.360000000000000320e+00 9.972209999999999975e-12
4.379999999999999893e+00 9.641689999999999885e-12
4.400000000000000355e+00 9.321249999999999283e-12
4.419999999999999929e+00 9.010620000000000636e-12
4.440000000000000391e+00 8.709509999999999711e-12
4.459999999999999964e+00 8.417669999999999209e-12
4.480000000000000426e+00 8.134800000000000436e-12
4.500000000000000000e+00 7.860749999999999196e-12
4.519999999999999574e+00 7.594980000000000420e-12
4.540000000000000036e+00 7.337570000000000207e-12
4.559999999999999609e+00 7.082249999999999635e-12
4.580000000000000071e+00 6.840910000000000181e-12
4.599999999999999645e+00 6.607130000000000343e-12
4.620000000000000107e+00 6.380739999999999729e-12
4.639999999999999680e+00 6.161599999999999918e-12
4.660000000000000142e+00 5.949629999999999964e-12
4.679999999999999716e+00 5.744850000000000103e-12
4.700000000000000178e+00 5.547390000000000256e-12
4.719999999999999751e+00 5.357539999999999808e-12
4.740000000000000213e+00 5.175830000000000171e-12
4.769999999999999574e+00 5.003069999999999603e-12
4.790000000000000036e+00 4.840790000000000015e-12
4.809999999999999609e+00 4.690639999999999893e-12
4.830000000000000071e+00 4.555310000000000307e-12
4.849999999999999645e+00 4.438410000000000270e-12
4.870000000000000107e+00 4.344649999999999668e-12
4.889999999999999680e+00 4.279980000000000106e-12
4.910000000000000142e+00 4.252070000000000076e-12
4.929999999999999716e+00 4.270000000000000183e-12
4.950000000000000178e+00 4.344579999999999649e-12
4.969999999999999751e+00 4.488320000000000004e-12
4.990000000000000213e+00 4.715379999999999644e-12
5.009999999999999787e+00 5.041280000000000103e-12
5.030000000000000249e+00 5.482639999999999749e-12
5.049999999999999822e+00 6.056679999999999997e-12
5.070000000000000284e+00 6.780739999999999640e-12
5.089999999999999858e+00 7.671560000000000079e-12
5.110000000000000320e+00 8.744699999999999281e-12
5.129999999999999893e+00 1.001369999999999963e-11
5.150000000000000355e+00 1.148949999999999946e-11
5.169999999999999929e+00 1.317979999999999923e-11
5.190000000000000391e+00 1.508830000000000064e-11
5.209999999999999964e+00 1.721450000000000102e-11
5.230000000000000426e+00 1.955330000000000151e-11
5.250000000000000000e+00 2.209499999999999905e-11
5.269999999999999574e+00 2.482489999999999936e-11
5.290000000000000036e+00 2.772429999999999971e-11
5.309999999999999609e+00 3.077000000000000076e-11
5.330000000000000071e+00 3.393510000000000310e-11
5.349999999999999645e+00 3.719010000000000245e-11
5.370000000000000107e+00 4.050280000000000307e-11
5.389999999999999680e+00 4.383970000000000191e-11
5.410000000000000142e+00 4.716630000000000027e-11
5.429999999999999716e+00 5.044819999999999904e-11
5.450000000000000178e+00 5.365190000000000164e-11
5.469999999999999751e+00 5.674500000000000024e-11
5.490000000000000213e+00 5.969710000000000419e-11
5.509999999999999787e+00 6.248079999999999687e-11
5.530000000000000249e+00 6.507150000000000116e-11
5.549999999999999822e+00 6.744759999999999464e-11
5.570000000000000284e+00 6.959119999999999694e-11
5.589999999999999858e+00 7.148810000000000515e-11
5.610000000000000320e+00 7.312779999999999381e-11
5.629999999999999893e+00 7.450330000000000627e-11
5.650000000000000355e+00 7.561109999999999959e-11
5.669999999999999929e+00 7.645109999999999359e-11
5.690000000000000391e+00 7.702610000000000194e-11
5.709999999999999964e+00 7.734180000000000635e-11
5.730000000000000426e+00 7.740610000000000477e-11
5.750000000000000000e+00 7.722940000000000371e-11
5.769999999999999574e+00 7.682370000000000273e-11
5.790000000000000036e+00 7.620239999999999527e-11
5.809999999999999609e+00 7.538009999999999543e-11
5.830000000000000071e+00 7.437229999999999401e-11
5.849999999999999645e+00 7.319519999999999814e-11
5.870000000000000107e+00 7.186500000000000206e-11
5.889999999999999680e+00 7.039829999999999822e-11
5.910000000000000142e+00 6.881129999999999377e-11
5.929999999999999716e+00 6.712019999999999586e-11
5.950000000000000178e+00 6.534040000000000217e-11
5.969999999999999751e+00 6.348689999999999921e-11
5.990000000000000213e+00 6.157379999999999679e-11
6.009999999999999787e+00 5.961480000000000645e-11
6.030000000000000249e+00 5.762239999999999972e-11
6.049999999999999822e+00 5.560829999999999682e-11
6.070000000000000284e+00 5.358330000000000252e-11
6.089999999999999858e+00 5.155739999999999920e-11
6.110000000000000320e+00 4.953949999999999990e-11
6.129999999999999893e+00 4.753780000000000127e-11
6.150000000000000355e+00 4.555939999999999831e-11
6.169999999999999929e+00 4.361070000000000198e-11
6.190000000000000391e+00 4.169740000000000042e-11
6.209999999999999964e+00 3.982419999999999908e-11
6.230000000000000426e+00 3.799519999999999950e-11
6.250000000000000000e+00 3.621379999999999984e-11
6.269999999999999574e+00 3.448299999999999998e-11
6.290000000000000036e+00 3.280489999999999727e-11
6.309999999999999609e+00 3.118109999999999767e-11
6.330000000000000071e+00 2.961300000000000155e-11
6.349999999999999645e+00 2.810139999999999898e-11
6.370000000000000107e+00 2.664660000000000159e-11
6.389999999999999680e+00 2.524879999999999880e-11
6.410000000000000142e+00 2.390780000000000118e-11
6.429999999999999716e+00 2.262299999999999842e-11
6.450000000000000178e+00 2.139370000000000001e-11
6.469999999999999751e+00 2.021870000000000148e-11
6.490000000000000213e+00 1.909749999999999855e-11
6.509999999999999787e+00 1.802850000000000138e-11
6.530000000000000249e+00 1.701029999999999993e-11
6.549999999999999822e+00 1.604159999999999982e-11
6.570000000000000284e+00 1.512080000000000157e-11
6.589999999999999858e+00 1.424640000000000036e-11
6.610000000000000320e+00 1.341659999999999920e-11
6.629999999999999893e+00 1.262999999999999930e-11
6.650000000000000355e+00 1.188469999999999923e-11
6.669999999999999929e+00 1.117920000000000067e-11
6.690000000000000391e+00 1.051170000000000013e-11
6.709999999999999964e+00 9.880649999999999505e-12
6.730000000000000426e+00 9.284430000000000658e-12
6.750000000000000000e+00 8.721429999999999927e-12
6.769999999999999574e+00 8.190089999999999890e-12
6.790000000000000036e+00 7.688910000000000606e-12
6.809999999999999609e+00 7.216420000000000062e-12
6.830000000000000071e+00 6.771189999999999949e-12
6.849999999999999645e+00 6.351850000000000243e-12
6.870000000000000107e+00 5.957040000000000232e-12
6.889999999999999680e+00 5.585500000000000383e-12
6.910000000000000142e+00 5.235999999999999904e-12
6.929999999999999716e+00 4.907339999999999969e-12
6.950000000000000178e+00 4.598400000000000278e-12
6.969999999999999751e+00 4.308100000000000192e-12
6.990000000000000213e+00 4.035400000000000354e-12
7.009999999999999787e+00 3.779300000000000264e-12
7.030000000000000249e+00 3.538890000000000080e-12
7.049999999999999822e+00 3.313240000000000128e-12
7.070000000000000284e+00 3.101510000000000181e-12
7.089999999999999858e+00 2.902900000000000081e-12
7.110000000000000320e+00 2.716640000000000024e-12
7.129999999999999893e+00 2.541999999999999872e-12
7.150000000000000355e+00 2.378289999999999956e-12
7.169999999999999929e+00 2.224850000000000158e-12
7.190000000000000391e+00 2.081079999999999853e-12
7.209999999999999964e+00 1.946390000000000151e-12
7.230000000000000426e+00 1.820229999999999808e-12
7.259999999999999787e+00 1.702070000000000037e-12
7.280000000000000249e+00 1.591430000000000015e-12
7.299999999999999822e+00 1.487849999999999966e-12
7.320000000000000284e+00 1.390889999999999943e-12
7.339999999999999858e+00 1.300139999999999951e-12
7.360000000000000320e+00 1.215219999999999945e-12
7.379999999999999893e+00 1.135759999999999999e-12
7.400000000000000355e+00 1.061410000000000018e-12
7.419999999999999929e+00 9.918650000000000352e-13
7.440000000000000391e+00 9.268140000000000532e-13
7.459999999999999964e+00 8.660080000000000193e-13
7.480000000000000426e+00 8.091129999999999876e-13
7.500000000000000000e+00 7.559159999999999872e-13
7.519999999999999574e+00 7.061830000000000415e-13
7.540000000000000036e+00 6.596930000000000043e-13
7.559999999999999609e+00 6.162369999999999924e-13
7.580000000000000071e+00 5.756240000000000118e-13
7.599999999999999645e+00 5.376669999999999546e-13
7.620000000000000107e+00 5.021990000000000495e-13
7.639999999999999680e+00 4.690570000000000076e-13
7.660000000000000142e+00 4.380939999999999910e-13
7.679999999999999716e+00 4.091659999999999753e-13
7.700000000000000178e+00 3.821429999999999904e-13
7.719999999999999751e+00 3.569009999999999956e-13
7.740000000000000213e+00 3.333260000000000178e-13
7.759999999999999787e+00 3.113089999999999915e-13
7.780000000000000249e+00 2.907499999999999980e-13
7.799999999999999822e+00 2.715519999999999823e-13
7.820000000000000284e+00 2.536280000000000074e-13
7.839999999999999858e+00 2.368959999999999935e-13
7.860000000000000320e+00 2.212770000000000021e-13
7.879999999999999893e+00 2.066989999999999960e-13
7.900000000000000355e+00 1.930940000000000000e-13
7.919999999999999929e+00 1.803989999999999970e-13
7.940000000000000391e+00 1.685550000000000073e-13
7.959999999999999964e+00 1.575049999999999938e-13
7.980000000000000426e+00 1.471980000000000004e-13
8.000000000000000000e+00 1.375860000000000107e-13
8.019999999999999574e+00 1.286220000000000047e-13
8.039999999999999147e+00 1.202649999999999929e-13
8.060000000000000497e+00 1.124749999999999953e-13
8.080000000000000071e+00 1.052139999999999998e-13
8.099999999999999645e+00 9.844839999999999731e-14
8.119999999999999218e+00 9.214510000000000235e-14
8.140000000000000568e+00 8.627360000000000308e-14
8.160000000000000142e+00 8.080579999999999734e-14
8.179999999999999716e+00 7.571499999999999595e-14
8.199999999999999289e+00 7.097670000000000492e-14
8.220000000000000639e+00 6.656760000000000354e-14
8.240000000000000213e+00 6.246610000000000582e-14
8.259999999999999787e+00 5.865170000000000443e-14
8.279999999999999361e+00 5.510589999999999797e-14
8.300000000000000711e+00 5.181050000000000047e-14
8.320000000000000284e+00 4.874919999999999942e-14
8.339999999999999858e+00 4.590659999999999697e-14
8.359999999999999432e+00 4.326819999999999733e-14
8.380000000000000782e+00 4.082050000000000135e-14
8.400000000000000355e+00 3.855100000000000027e-14
8.419999999999999929e+00 3.644770000000000256e-14
8.439999999999999503e+00 3.449970000000000167e-14
8.460000000000000853e+00 3.269339999999999754e-14
8.480000000000000426e+00 3.102520000000000093e-14
8.500000000000000000e+00 2.948329999999999691e-14
