# log10(T) rate(cm^3/s)
# RecombRates
3.500000000000000000e+00 5.496440000000000098e-10
3.520000000000000018e+00 5.341169999999999868e-10
3.540000000000000036e+00 5.190139999999999822e-10
3.560000000000000053e+00 5.043229999999999965e-10
3.580000000000000071e+00 4.900330000000000386e-10
3.600000000000000089e+00 4.761330000000000142e-10
3.620000000000000107e+00 4.626129999999999926e-10
3.640000000000000124e+00 4.494629999999999915e-10
3.660000000000000142e+00 4.366729999999999768e-10
3.680000000000000160e+00 4.242330000000000176e-10
3.700000000000000178e+00 4.121349999999999939e-10
3.720000000000000195e+00 4.003680000000000179e-10
3.740000000000000213e+00 3.889249999999999779e-10
3.759999999999999787e+00 3.777959999999999949e-10
3.779999999999999805e+00 3.669730000000000003e-10
3.799999999999999822e+00 3.564479999999999772e-10
3.819999999999999840e+00 3.462120000000000034e-10
3.839999999999999858e+00 3.362589999999999759e-10
3.859999999999999876e+00 3.265809999999999810e-10
3.879999999999999893e+00 3.171700000000000018e-10
3.899999999999999911e+00 3.080189999999999783e-10
3.919999999999999929e+00 2.991210000000000055e-10
3.939999999999999947e+00 2.904699999999999802e-10
3.959999999999999964e+00 2.820579999999999890e-10
3.979999999999999982e+00 2.738799999999999889e-10
4.000000000000000000e+00 2.659280000000000147e-10
4.019999999999999574e+00 2.581970000000000236e-10
4.040000000000000036e+00 2.506820000000000242e-10
4.059999999999999609e+00 2.433749999999999997e-10
4.080000000000000071e+00 2.362729999999999760e-10
4.099999999999999645e+00 2.293679999999999880e-10
4.120000000000000107e+00 2.226549999999999926e-10
4.139999999999999680e+00 2.161309999999999901e-10
4.160000000000000142e+00 2.097879999999999894e-10
4.179999999999999716e+00 2.036239999999999991e-10
4.200000000000000178e+00 1.976320000000000109e-10
4.219999999999999751e+00 1.918070000000000078e-10
4.240000000000000213e+00 1.861469999999999984e-10
4.259999999999999787e+00 1.806450000000000002e-10
4.280000000000000249e+00 1.752979999999999875e-10
4.299999999999999822e+00 1.701020000000000036e-10
4.320000000000000284e+00 1.650520000000000055e-10
4.339999999999999858e+00 1.601449999999999934e-10
4.360000000000000320e+00 1.553760000000000019e-10
4.379999999999999893e+00 1.507420000000000053e-10
4.400000000000000355e+00 1.462389999999999951e-10
4.419999999999999929e+00 1.418629999999999887e-10
4.440000000000000391e+00 1.376119999999999948e-10
4.459999999999999964e+00 1.334809999999999964e-10
4.480000000000000426e+00 1.294680000000000021e-10
4.500000000000000000e+00 1.255690000000000034e-10
4.519999999999999574e+00 1.217810000000000006e-10
4.540000000000000036e+00 1.181009999999999937e-10
4.559999999999999609e+00 1.145259999999999957e-10
4.580000000000000071e+00 1.110540000000000024e-10
4.599999999999999645e+00 1.076799999999999968e-10
4.620000000000000107e+00 1.044029999999999961e-10
4.639999999999999680e+00 1.012209999999999961e-10
4.660000000000000142e+00 9.812940000000000392e-11
4.679999999999999716e+00 9.512699999999999886e-11
4.700000000000000178e+00 9.221109999999999914e-11
4.719999999999999751e+00 8.937919999999999623e-11
4.740000000000000213e+00 8.662909999999999970e-11
4.769999999999999574e+00 8.395850000000000015e-11
4.790000000000000036e+00 8.136549999999999939e-11
4.809999999999999609e+00 7.884789999999999404e-11
4.830000000000000071e+00 7.640390000000000486e-11
4.849999999999999645e+00 7.403179999999999399e-11
4.870000000000000107e+00 7.173010000000000028e-11
4.889999999999999680e+00 6.949780000000000221e-11
4.910000000000000142e+00 6.733410000000000326e-11
4.929999999999999716e+00 6.523860000000000517e-11
4.950000000000000178e+00 6.321179999999999930e-11
4.969999999999999751e+00 6.125460000000000114e-11
4.990000000000000213e+00 5.936880000000000286e-11
5.009999999999999787e+00 5.755709999999999918e-11
5.030000000000000249e+00 5.582319999999999987e-11
5.049999999999999822e+00 5.417169999999999787e-11
5.070000000000000284e+00 5.260800000000000202e-11
5.089999999999999858e+00 5.113859999999999699e-11
5.110000000000000320e+00 4.977029999999999847e-11
5.129999999999999893e+00 4.851079999999999884e-11
5.150000000000000355e+00 4.736749999999999825e-11
5.169999999999999929e+00 4.634810000000000200e-11
5.190000000000000391e+00 4.545959999999999908e-11
5.209999999999999964e+00 4.470800000000000216e-11
5.230000000000000426e+00 4.409820000000000288e-11
5.250000000000000000e+00 4.363349999999999982e-11
5.269999999999999574e+00 4.331529999999999982e-11
5.290000000000000036e+00 4.314279999999999990e-11
5.309999999999999609e+00 4.311309999999999973e-11
5.330000000000000071e+00 4.322059999999999781e-11
5.349999999999999645e+00 4.345770000000000131e-11
5.370000000000000107e+00 4.381420000000000288e-11
5.389999999999999680e+00 4.427799999999999692e-11
5.410000000000000142e+00 4.483499999999999950e-11
5.429999999999999716e+00 4.546979999999999998e-11
5.450000000000000178e+00 4.616560000000000031e-11
5.469999999999999751e+00 4.690489999999999899e-11
5.490000000000000213e+00 4.766959999999999713e-11
5.509999999999999787e+00 4.844190000000000102e-11
5.530000000000000249e+00 4.920399999999999754e-11
5.549999999999999822e+00 4.993920000000000111e-11
5.570000000000000284e+00 5.063149999999999726e-11
5.589999999999999858e+00 5.126619999999999818e-11
5.610000000000000320e+00 5.183040000000000178e-11
5.629999999999999893e+00 5.231259999999999986e-11
5.650000000000000355e+00 5.270300000000000272e-11
5.669999999999999929e+00 5.299389999999999859e-11
5.690000000000000391e+00 5.317930000000000060e-11
5.709999999999999964e+00 5.325500000000000118e-11
5.730000000000000426e+00 5.321869999999999739e-11
5.750000000000000000e+00 5.306949999999999960e-11
5.769999999999999574e+00 5.280850000000000303e-11
5.790000000000000036e+00 5.243789999999999813e-11
5.809999999999999609e+00 5.196130000000000155e-11
5.830000000000000071e+00 5.138339999999999934e-11
5.849999999999999645e+00 5.071019999999999773e-11
5.870000000000000107e+00 4.994830000000000034e-11
5.889999999999999680e+00 4.910539999999999955e-11
5.910000000000000142e+00 4.819020000000000281e-11
5.929999999999999716e+00 4.721159999999999726e-11
5.950000000000000178e+00 4.617909999999999980e-11
5.969999999999999751e+00 4.510289999999999838e-11
5.990000000000000213e+00 4.399369999999999822e-11
6.009999999999999787e+00 4.286239999999999718e-11
6.030000000000000249e+00 4.172049999999999696e-11
6.049999999999999822e+00 4.057930000000000017e-11
6.070000000000000284e+00 3.945050000000000118e-11
6.089999999999999858e+00 3.834540000000000259e-11
6.110000000000000320e+00 3.727500000000000182e-11
6.129999999999999893e+00 3.624999999999999760e-11
6.150000000000000355e+00 3.527990000000000036e-11
6.169999999999999929e+00 3.437380000000000283e-11
6.190000000000000391e+00 3.353909999999999873e-11
6.209999999999999964e+00 3.278219999999999899e-11
6.230000000000000426e+00 3.210780000000000259e-11
6.250000000000000000e+00 3.151910000000000208e-11
6.269999999999999574e+00 3.101739999999999827e-11
6.290000000000000036e+00 3.060229999999999936e-11
6.309999999999999609e+00 3.027180000000000113e-11
6.330000000000000071e+00 3.002210000000000069e-11
6.349999999999999645e+00 2.984800000000000126e-11
6.370000000000000107e+00 2.974289999999999921e-11
6.389999999999999680e+00 2.969879999999999700e-11
6.410000000000000142e+00 2.970719999999999927e-11
6.429999999999999716e+00 2.975850000000000250e-11
6.450000000000000178e+00 2.984279999999999801e-11
6.469999999999999751e+00 2.995009999999999695e-11
6.490000000000000213e+00 3.006999999999999930e-11
6.509999999999999787e+00 3.019339999999999936e-11
6.530000000000000249e+00 3.031060000000000052e-11
6.549999999999999822e+00 3.041280000000000224e-11
6.570000000000000284e+00 3.049190000000000097e-11
6.589999999999999858e+00 3.054090000000000126e-11
6.610000000000000320e+00 3.055369999999999733e-11
6.629999999999999893e+00 3.052519999999999841e-11
6.650000000000000355e+00 3.045130000000000294e-11
6.669999999999999929e+00 3.032889999999999853e-11
6.690000000000000391e+00 3.015600000000000035e-11
6.709999999999999964e+00 2.993140000000000068e-11
6.730000000000000426e+00 2.965499999999999996e-11
6.750000000000000000e+00 2.932720000000000291e-11
6.769999999999999574e+00 2.894930000000000065e-11
6.790000000000000036e+00 2.852340000000000022e-11
6.809999999999999609e+00 2.805180000000000130e-11
6.830000000000000071e+00 2.753740000000000098e-11
6.849999999999999645e+00 2.698309999999999960e-11
6.870000000000000107e+00 2.639330000000000064e-11
6.889999999999999680e+00 2.577129999999999945e-11
6.910000000000000142e+00 2.512099999999999848e-11
6.929999999999999716e+00 2.444649999999999928e-11
6.950000000000000178e+00 2.375149999999999871e-11
6.969999999999999751e+00 2.304020000000000112e-11
6.990000000000000213e+00 2.231610000000000101e-11
7.009999999999999787e+00 2.158310000000000080e-11
7.030000000000000249e+00 2.084449999999999908e-11
7.049999999999999822e+00 2.010360000000000089e-11
7.070000000000000284e+00 1.936349999999999923e-11
7.089999999999999858e+00 1.862700000000000131e-11
7.110000000000000320e+00 1.789659999999999949e-11
7.129999999999999893e+00 1.717479999999999907e-11
7.150000000000000355e+00 1.646350000000000149e-11
7.169999999999999929e+00 1.576470000000000128e-11
7.190000000000000391e+00 1.508000000000000117e-11
7.209999999999999964e+00 1.441079999999999995e-11
7.230000000000000426e+00 1.375830000000000046e-11
7.259999999999999787e+00 1.312349999999999997e-11
7.280000000000000249e+00 1.250710000000000029e-11
7.299999999999999822e+00 1.190989999999999957e-11
7.320000000000000284e+00 1.133219999999999972e-11
7.339999999999999858e+00 1.077440000000000062e-11
7.360000000000000320e+00 1.023669999999999979e-11
7.379999999999999893e+00 9.719170000000000480e-12
7.400000000000000355e+00 9.221700000000000581e-12
7.419999999999999929e+00 8.744199999999999839e-12
7.440000000000000391e+00 8.286450000000000502e-12
7.459999999999999964e+00 7.847269999999999944e-12
7.480000000000000426e+00 7.428039999999999922e-12
7.500000000000000000e+00 7.027310000000000275e-12
7.519999999999999574e+00 6.644769999999999766e-12
7.540000000000000036e+00 6.279979999999999662e-12
7.559999999999999609e+00 5.932439999999999711e-12
7.580000000000000071e+00 5.601659999999999781e-12
7.599999999999999645e+00 5.287079999999999722e-12
7.620000000000000107e+00 4.988140000000000190e-12
7.639999999999999680e+00 4.704259999999999990e-12
7.660000000000000142e+00 4.434869999999999661e-12
7.679999999999999716e+00 4.179399999999999741e-12
7.700000000000000178e+00 3.937279999999999961e-12
7.719999999999999751e+00 3.707940000000000051e-12
7.740000000000000213e+00 3.490840000000000098e-12
7.759999999999999787e+00 3.285430000000000067e-12
7.780000000000000249e+00 3.091189999999999877e-12
7.799999999999999822e+00 2.907590000000000135e-12
7.820000000000000284e+00 2.734150000000000017e-12
7.839999999999999858e+00 2.570359999999999965e-12
7.860000000000000320e+00 2.415850000000000051e-12
7.879999999999999893e+00 2.270009999999999937e-12
7.900000000000000355e+00 2.132479999999999815e-12
7.919999999999999929e+00 2.002829999999999858e-12
7.940000000000000391e+00 1.880669999999999902e-12
7.959999999999999964e+00 1.765589999999999952e-12
7.980000000000000426e+00 1.657239999999999914e-12
8.000000000000000000e+00 1.555239999999999944e-12
8.019999999999999574e+00 1.459250000000000068e-12
8.039999999999999147e+00 1.368949999999999938e-12
8.060000000000000497e+00 1.284020000000000016e-12
8.080000000000000071e+00 1.204169999999999907e-12
8.099999999999999645e+00 1.129110000000000022e-12
8.119999999999999218e+00 1.058570000000000002e-12
8.140000000000000568e+00 9.922970000000000076e-13
8.160000000000000142e+00 9.300440000000000304e-13
8.179999999999999716e+00 8.715800000000000081e-13
8.199999999999999289e+00 8.166870000000000117e-13
8.220000000000000639e+00 7.651559999999999559e-13
8.240000000000000213e+00 7.167930000000000336e-13
8.259999999999999787e+00 6.714080000000000205e-13
8.279999999999999361e+00 6.288280000000000141e-13
8.300000000000000711e+00 5.888819999999999539e-13
8.320000000000000284e+00 5.514169999999999717e-13
8.339999999999999858e+00 5.162839999999999840e-13
8.359999999999999432e+00 4.833419999999999816e-13
8.380000000000000782e+00 4.524600000000000229e-13
8.400000000000000355e+00 4.235140000000000168e-13
8.419999999999999929e+00 3.963849999999999816e-13
8.439999999999999503e+00 3.709640000000000034e-13
8.460000000000000853e+00 3.472489999999999878e-13
8.480000000000000426e+00 3.249370000000000118e-13
8.500000000000000000e+00 3.040480000000000086e-13
