# log10(T) rate(cm^3/s)
# RecombRates
3.500000000000000000e+00 9.950129999999999843e-10
3.520000000000000018e+00 9.675329999999999923e-10
3.540000000000000036e+00 9.407909999999999207e-10
3.560000000000000053e+00 9.147670000000000114e-10
3.580000000000000071e+00 8.894409999999999894e-10
3.600000000000000089e+00 8.647960000000000192e-10
3.620000000000000107e+00 8.408140000000000497e-10
3.640000000000000124e+00 8.174760000000000213e-10
3.660000000000000142e+00 7.947670000000000122e-10
3.680000000000000160e+00 7.726699999999999798e-10
3.700000000000000178e+00 7.511689999999999938e-10
3.720000000000000195e+00 7.302470000000000116e-10
3.740000000000000213e+00 7.098900000000000167e-10
3.759999999999999787e+00 6.900829999999999836e-10
3.779999999999999805e+00 6.708109999999999906e-10
3.799999999999999822e+00 6.520600000000000210e-10
3.819999999999999840e+00 6.338159999999999545e-10
3.839999999999999858e+00 6.160669999999999985e-10
3.859999999999999876e+00 5.987980000000000244e-10
3.879999999999999893e+00 5.819980000000000410e-10
3.899999999999999911e+00 5.656540000000000404e-10
3.919999999999999929e+00 5.497530000000000143e-10
3.939999999999999947e+00 5.342839999999999719e-10
3.959999999999999964e+00 5.192360000000000255e-10
3.979999999999999982e+00 5.045969999999999688e-10
4.000000000000000000e+00 4.903570000000000263e-10
4.019999999999999574e+00 4.765039999999999915e-10
4.040000000000000036e+00 4.630300000000000027e-10
4.059999999999999609e+00 4.499230000000000085e-10
4.080000000000000071e+00 4.371739999999999836e-10
4.099999999999999645e+00 4.247729999999999972e-10
4.120000000000000107e+00 4.127110000000000237e-10
4.139999999999999680e+00 4.009799999999999946e-10
4.160000000000000142e+00 3.895699999999999792e-10
4.179999999999999716e+00 3.784720000000000037e-10
4.200000000000000178e+00 3.676790000000000080e-10
4.219999999999999751e+00 3.571820000000000183e-10
4.240000000000000213e+00 3.469739999999999746e-10
4.259999999999999787e+00 3.370460000000000064e-10
4.280000000000000249e+00 3.273910000000000020e-10
4.299999999999999822e+00 3.180020000000000047e-10
4.320000000000000284e+00 3.088720000000000062e-10
4.339999999999999858e+00 2.999929999999999897e-10
4.360000000000000320e+00 2.913600000000000154e-10
4.379999999999999893e+00 2.829650000000000150e-10
4.400000000000000355e+00 2.748019999999999884e-10
4.419999999999999929e+00 2.668659999999999964e-10
4.440000000000000391e+00 2.591490000000000219e-10
4.459999999999999964e+00 2.516460000000000221e-10
4.480000000000000426e+00 2.443499999999999886e-10
4.500000000000000000e+00 2.372579999999999990e-10
4.519999999999999574e+00 2.303629999999999933e-10
4.540000000000000036e+00 2.236589999999999977e-10
4.559999999999999609e+00 2.171420000000000035e-10
4.580000000000000071e+00 2.108069999999999939e-10
4.599999999999999645e+00 2.046479999999999948e-10
4.620000000000000107e+00 1.986620000000000063e-10
4.639999999999999680e+00 1.928430000000000029e-10
4.660000000000000142e+00 1.871859999999999934e-10
4.679999999999999716e+00 1.816880000000000037e-10
4.700000000000000178e+00 1.763430000000000082e-10
4.719999999999999751e+00 1.711489999999999898e-10
4.740000000000000213e+00 1.661010000000000089e-10
4.769999999999999574e+00 1.611939999999999967e-10
4.790000000000000036e+00 1.564259999999999880e-10
4.809999999999999609e+00 1.517919999999999914e-10
4.830000000000000071e+00 1.472879999999999984e-10
4.849999999999999645e+00 1.429110000000000093e-10
4.870000000000000107e+00 1.386579999999999983e-10
4.889999999999999680e+00 1.345259999999999912e-10
4.910000000000000142e+00 1.305099999999999970e-10
4.929999999999999716e+00 1.266079999999999985e-10
4.950000000000000178e+00 1.228169999999999958e-10
4.969999999999999751e+00 1.191330000000000062e-10
4.990000000000000213e+00 1.155549999999999954e-10
5.009999999999999787e+00 1.120779999999999980e-10
5.030000000000000249e+00 1.086999999999999969e-10
5.049999999999999822e+00 1.054180000000000050e-10
5.070000000000000284e+00 1.022300000000000052e-10
5.089999999999999858e+00 9.913359999999999514e-11
5.110000000000000320e+00 9.612549999999999546e-11
5.129999999999999893e+00 9.320370000000000200e-11
5.150000000000000355e+00 9.036560000000000019e-11
5.169999999999999929e+00 8.760910000000000562e-11
5.190000000000000391e+00 8.493189999999999599e-11
5.209999999999999964e+00 8.233179999999999377e-11
5.230000000000000426e+00 7.980659999999999560e-11
5.250000000000000000e+00 7.735429999999999725e-11
5.269999999999999574e+00 7.497300000000000053e-11
5.290000000000000036e+00 7.266050000000000205e-11
5.309999999999999609e+00 7.041499999999999672e-11
5.330000000000000071e+00 6.823479999999999840e-11
5.349999999999999645e+00 6.611790000000000285e-11
5.370000000000000107e+00 6.406250000000000496e-11
5.389999999999999680e+00 6.206699999999999877e-11
5.410000000000000142e+00 6.012980000000000416e-11
5.429999999999999716e+00 5.824930000000000222e-11
5.450000000000000178e+00 5.642360000000000123e-11
5.469999999999999751e+00 5.465149999999999992e-11
5.490000000000000213e+00 5.293149999999999837e-11
5.509999999999999787e+00 5.126189999999999748e-11
5.530000000000000249e+00 4.964150000000000249e-11
5.549999999999999822e+00 4.806890000000000008e-11
5.570000000000000284e+00 4.654270000000000281e-11
5.589999999999999858e+00 4.506159999999999693e-11
5.610000000000000320e+00 4.362440000000000059e-11
5.629999999999999893e+00 4.222980000000000005e-11
5.650000000000000355e+00 4.087660000000000053e-11
5.669999999999999929e+00 3.956379999999999990e-11
5.690000000000000391e+00 3.828999999999999780e-11
5.709999999999999964e+00 3.705429999999999813e-11
5.730000000000000426e+00 3.585549999999999964e-11
5.750000000000000000e+00 3.469269999999999979e-11
5.769999999999999574e+00 3.356400000000000037e-11
5.790000000000000036e+00 3.246810000000000056e-11
5.809999999999999609e+00 3.140539999999999864e-11
5.830000000000000071e+00 3.037460000000000024e-11
5.849999999999999645e+00 2.937510000000000152e-11
5.870000000000000107e+00 2.840580000000000080e-11
5.889999999999999680e+00 2.746590000000000154e-11
5.910000000000000142e+00 2.655460000000000077e-11
5.929999999999999716e+00 2.567109999999999873e-11
5.950000000000000178e+00 2.481449999999999933e-11
5.969999999999999751e+00 2.398409999999999915e-11
5.990000000000000213e+00 2.317909999999999844e-11
6.009999999999999787e+00 2.239889999999999981e-11
6.030000000000000249e+00 2.164260000000000070e-11
6.049999999999999822e+00 2.090960000000000049e-11
6.070000000000000284e+00 2.019899999999999986e-11
6.089999999999999858e+00 1.951069999999999925e-11
6.110000000000000320e+00 1.884369999999999977e-11
6.129999999999999893e+00 1.819740000000000080e-11
6.150000000000000355e+00 1.757119999999999848e-11
6.169999999999999929e+00 1.696449999999999865e-11
6.190000000000000391e+00 1.637680000000000025e-11
6.209999999999999964e+00 1.580749999999999944e-11
6.230000000000000426e+00 1.525610000000000161e-11
6.250000000000000000e+00 1.472199999999999967e-11
6.269999999999999574e+00 1.420489999999999978e-11
6.290000000000000036e+00 1.370410000000000014e-11
6.309999999999999609e+00 1.321919999999999925e-11
6.330000000000000071e+00 1.274969999999999928e-11
6.349999999999999645e+00 1.229529999999999992e-11
6.370000000000000107e+00 1.185540000000000056e-11
6.389999999999999680e+00 1.142959999999999968e-11
6.410000000000000142e+00 1.101760000000000023e-11
6.429999999999999716e+00 1.061879999999999995e-11
6.450000000000000178e+00 1.023299999999999971e-11
6.469999999999999751e+00 9.859709999999999394e-12
6.490000000000000213e+00 9.498600000000000744e-12
6.509999999999999787e+00 9.149300000000000203e-12
6.530000000000000249e+00 8.811449999999999981e-12
6.549999999999999822e+00 8.484729999999999532e-12
6.570000000000000284e+00 8.168810000000000611e-12
6.589999999999999858e+00 7.863369999999999441e-12
6.610000000000000320e+00 7.568110000000000556e-12
6.629999999999999893e+00 7.282730000000000412e-12
6.650000000000000355e+00 7.006949999999999744e-12
6.669999999999999929e+00 6.740529999999999754e-12
6.690000000000000391e+00 6.482710000000000354e-12
6.709999999999999964e+00 6.234229999999999781e-12
6.730000000000000426e+00 5.994489999999999835e-12
6.750000000000000000e+00 5.763110000000000068e-12
6.769999999999999574e+00 5.539819999999999714e-12
6.790000000000000036e+00 5.324429999999999760e-12
6.809999999999999609e+00 5.116810000000000287e-12
6.830000000000000071e+00 4.916849999999999996e-12
6.849999999999999645e+00 4.724450000000000129e-12
6.870000000000000107e+00 4.539539999999999860e-12
6.889999999999999680e+00 4.362039999999999859e-12
6.910000000000000142e+00 4.191890000000000226e-12
6.929999999999999716e+00 4.029010000000000015e-12
6.950000000000000178e+00 3.873319999999999898e-12
6.969999999999999751e+00 3.724770000000000092e-12
6.990000000000000213e+00 3.583269999999999937e-12
7.009999999999999787e+00 3.448710000000000155e-12
7.030000000000000249e+00 3.321000000000000086e-12
7.049999999999999822e+00 3.199989999999999979e-12
7.070000000000000284e+00 3.085330000000000143e-12
7.089999999999999858e+00 2.977190000000000161e-12
7.110000000000000320e+00 2.875240000000000176e-12
7.129999999999999893e+00 2.779249999999999896e-12
7.150000000000000355e+00 2.688970000000000002e-12
7.169999999999999929e+00 2.604109999999999897e-12
7.190000000000000391e+00 2.524389999999999909e-12
7.209999999999999964e+00 2.449470000000000063e-12
7.230000000000000426e+00 2.378999999999999859e-12
7.259999999999999787e+00 2.312640000000000130e-12
7.280000000000000249e+00 2.250020000000000140e-12
7.299999999999999822e+00 2.190769999999999964e-12
7.320000000000000284e+00 2.134530000000000195e-12
7.339999999999999858e+00 2.080949999999999933e-12
7.360000000000000320e+00 2.029679999999999890e-12
7.379999999999999893e+00 1.980410000000000040e-12
7.400000000000000355e+00 1.932810000000000122e-12
7.419999999999999929e+00 1.886619999999999892e-12
7.440000000000000391e+00 1.841579999999999914e-12
7.459999999999999964e+00 1.797449999999999980e-12
7.480000000000000426e+00 1.754040000000000067e-12
7.500000000000000000e+00 1.711170000000000069e-12
7.519999999999999574e+00 1.668699999999999948e-12
7.540000000000000036e+00 1.626520000000000020e-12
7.559999999999999609e+00 1.584529999999999914e-12
7.580000000000000071e+00 1.542669999999999928e-12
7.599999999999999645e+00 1.500899999999999996e-12
7.620000000000000107e+00 1.459189999999999965e-12
7.639999999999999680e+00 1.417540000000000036e-12
7.660000000000000142e+00 1.375970000000000043e-12
7.679999999999999716e+00 1.333320000000000018e-12
7.700000000000000178e+00 1.291700000000000040e-12
7.719999999999999751e+00 1.250130000000000046e-12
7.740000000000000213e+00 1.208759999999999991e-12
7.759999999999999787e+00 1.167690000000000046e-12
7.780000000000000249e+00 1.126990000000000027e-12
7.799999999999999822e+00 1.086729999999999955e-12
7.820000000000000284e+00 1.046969999999999930e-12
7.839999999999999858e+00 1.007770000000000057e-12
7.860000000000000320e+00 9.691760000000000296e-13
7.879999999999999893e+00 9.312419999999999209e-13
7.900000000000000355e+00 8.940180000000000181e-13
7.919999999999999929e+00 8.575460000000000297e-13
7.940000000000000391e+00 8.218719999999999537e-13
7.959999999999999964e+00 7.870310000000000015e-13
7.980000000000000426e+00 7.530609999999999958e-13
8.000000000000000000e+00 7.199929999999999594e-13
8.019999999999999574e+00 6.878489999999999703e-13
8.039999999999999147e+00 6.566530000000000496e-13
8.060000000000000497e+00 6.265130000000000386e-13
8.080000000000000071e+00 5.972199999999999533e-13
8.099999999999999645e+00 5.689579999999999875e-13
8.119999999999999218e+00 5.416869999999999718e-13
8.140000000000000568e+00 5.154039999999999918e-13
8.160000000000000142e+00 4.901049999999999599e-13
8.179999999999999716e+00 4.657810000000000325e-13
8.199999999999999289e+00 4.424199999999999970e-13
8.220000000000000639e+00 4.200069999999999793e-13
8.240000000000000213e+00 3.985270000000000042e-13
8.259999999999999787e+00 3.779579999999999936e-13
8.279999999999999361e+00 3.582809999999999856e-13
8.300000000000000711e+00 3.394720000000000100e-13
8.320000000000000284e+00 3.215069999999999951e-13
8.339999999999999858e+00 3.043629999999999926e-13
8.359999999999999432e+00 2.880139999999999883e-13
8.380000000000000782e+00 2.724349999999999897e-13
8.400000000000000355e+00 2.575979999999999895e-13
8.419999999999999929e+00 2.434779999999999951e-13
8.439999999999999503e+00 2.300480000000000210e-13
8.460000000000000853e+00 2.172820000000000025e-13
8.480000000000000426e+00 2.051540000000000011e-13
8.500000000000000000e+00 1.936389999999999992e-13
