# log10(T) rate(cm^3/s)
# RecombRates
3.500000000000000000e+00 9.072230000000000217e-10
3.520000000000000018e+00 8.821379999999999992e-10
3.540000000000000036e+00 8.577259999999999599e-10
3.560000000000000053e+00 8.339699999999999646e-10
3.580000000000000071e+00 8.108529999999999709e-10
3.600000000000000089e+00 7.883580000000000398e-10
3.620000000000000107e+00 7.664680000000000254e-10
3.640000000000000124e+00 7.451669999999999973e-10
3.660000000000000142e+00 7.244410000000000422e-10
3.680000000000000160e+00 7.042730000000000143e-10
3.700000000000000178e+00 6.846490000000000001e-10
3.720000000000000195e+00 6.655549999999999831e-10
3.740000000000000213e+00 6.469770000000000500e-10
3.759999999999999787e+00 6.289009999999999772e-10
3.779999999999999805e+00 6.113149999999999719e-10
3.799999999999999822e+00 5.942040000000000090e-10
3.819999999999999840e+00 5.775559999999999854e-10
3.839999999999999858e+00 5.613600000000000136e-10
3.859999999999999876e+00 5.456029999999999821e-10
3.879999999999999893e+00 5.302740000000000033e-10
3.899999999999999911e+00 5.153609999999999743e-10
3.919999999999999929e+00 5.008540000000000160e-10
3.939999999999999947e+00 4.867400000000000170e-10
3.959999999999999964e+00 4.730110000000000119e-10
3.979999999999999982e+00 4.596560000000000100e-10
4.000000000000000000e+00 4.466649999999999770e-10
4.019999999999999574e+00 4.340279999999999823e-10
4.040000000000000036e+00 4.217370000000000089e-10
4.059999999999999609e+00 4.097800000000000056e-10
4.080000000000000071e+00 3.981510000000000244e-10
4.099999999999999645e+00 3.868399999999999794e-10
4.120000000000000107e+00 3.758390000000000088e-10
4.139999999999999680e+00 3.651379999999999751e-10
4.160000000000000142e+00 3.547319999999999906e-10
4.179999999999999716e+00 3.446100000000000125e-10
4.200000000000000178e+00 3.347669999999999980e-10
4.219999999999999751e+00 3.251940000000000249e-10
4.240000000000000213e+00 3.158849999999999902e-10
4.259999999999999787e+00 3.068310000000000233e-10
4.280000000000000249e+00 2.980269999999999780e-10
4.299999999999999822e+00 2.894660000000000011e-10
4.320000000000000284e+00 2.811409999999999807e-10
4.339999999999999858e+00 2.730460000000000206e-10
4.360000000000000320e+00 2.651740000000000089e-10
4.379999999999999893e+00 2.575210000000000147e-10
4.400000000000000355e+00 2.500790000000000212e-10
4.419999999999999929e+00 2.428429999999999854e-10
4.440000000000000391e+00 2.358080000000000195e-10
4.459999999999999964e+00 2.289679999999999945e-10
4.480000000000000426e+00 2.223190000000000054e-10
4.500000000000000000e+00 2.158539999999999920e-10
4.519999999999999574e+00 2.095689999999999977e-10
4.540000000000000036e+00 2.034590000000000054e-10
4.559999999999999609e+00 1.975189999999999980e-10
4.580000000000000071e+00 1.917449999999999929e-10
4.599999999999999645e+00 1.861330000000000075e-10
4.620000000000000107e+00 1.806769999999999904e-10
4.639999999999999680e+00 1.753739999999999933e-10
4.660000000000000142e+00 1.702200000000000078e-10
4.679999999999999716e+00 1.652090000000000082e-10
4.700000000000000178e+00 1.603400000000000119e-10
4.719999999999999751e+00 1.556069999999999932e-10
4.740000000000000213e+00 1.510080000000000125e-10
4.769999999999999574e+00 1.465380000000000010e-10
4.790000000000000036e+00 1.421940000000000107e-10
4.809999999999999609e+00 1.379720000000000070e-10
4.830000000000000071e+00 1.338689999999999903e-10
4.849999999999999645e+00 1.298829999999999950e-10
4.870000000000000107e+00 1.260090000000000040e-10
4.889999999999999680e+00 1.222450000000000002e-10
4.910000000000000142e+00 1.185880000000000097e-10
4.929999999999999716e+00 1.150339999999999979e-10
4.950000000000000178e+00 1.115819999999999953e-10
4.969999999999999751e+00 1.082269999999999976e-10
4.990000000000000213e+00 1.049679999999999962e-10
5.009999999999999787e+00 1.018020000000000042e-10
5.030000000000000249e+00 9.872680000000000539e-11
5.049999999999999822e+00 9.573909999999999461e-11
5.070000000000000284e+00 9.283680000000000040e-11
5.089999999999999858e+00 9.001769999999999356e-11
5.110000000000000320e+00 8.727930000000000434e-11
5.129999999999999893e+00 8.461969999999999576e-11
5.150000000000000355e+00 8.203639999999999807e-11
5.169999999999999929e+00 7.952750000000000015e-11
5.190000000000000391e+00 7.709079999999999863e-11
5.209999999999999964e+00 7.472450000000000133e-11
5.230000000000000426e+00 7.242649999999999800e-11
5.250000000000000000e+00 2.090199999999999927e-10
5.269999999999999574e+00 2.055690000000000115e-10
5.290000000000000036e+00 2.020709999999999891e-10
5.309999999999999609e+00 1.985240000000000116e-10
5.330000000000000071e+00 1.949260000000000101e-10
5.349999999999999645e+00 1.912770000000000106e-10
5.370000000000000107e+00 1.875749999999999959e-10
5.389999999999999680e+00 1.838190000000000091e-10
5.410000000000000142e+00 1.800100000000000070e-10
5.429999999999999716e+00 1.761470000000000070e-10
5.450000000000000178e+00 1.722339999999999917e-10
5.469999999999999751e+00 1.682719999999999955e-10
5.490000000000000213e+00 1.642639999999999923e-10
5.509999999999999787e+00 1.602149999999999994e-10
5.530000000000000249e+00 1.561289999999999992e-10
5.549999999999999822e+00 1.520119999999999916e-10
5.570000000000000284e+00 1.478719999999999935e-10
5.589999999999999858e+00 1.437150000000000047e-10
5.610000000000000320e+00 1.395489999999999903e-10
5.629999999999999893e+00 1.353819999999999932e-10
5.650000000000000355e+00 1.312220000000000045e-10
5.669999999999999929e+00 1.270790000000000065e-10
5.690000000000000391e+00 1.229609999999999903e-10
5.709999999999999964e+00 1.188770000000000073e-10
5.730000000000000426e+00 1.148349999999999969e-10
5.750000000000000000e+00 1.108430000000000018e-10
5.769999999999999574e+00 1.069090000000000002e-10
5.790000000000000036e+00 1.030430000000000003e-10
5.809999999999999609e+00 9.924959999999999505e-11
5.830000000000000071e+00 9.553669999999999539e-11
5.849999999999999645e+00 9.190979999999999678e-11
5.870000000000000107e+00 8.837410000000000246e-11
5.889999999999999680e+00 8.493390000000000022e-11
5.910000000000000142e+00 8.159269999999999422e-11
5.929999999999999716e+00 7.835360000000000331e-11
5.950000000000000178e+00 7.521869999999999896e-11
5.969999999999999751e+00 7.218960000000000009e-11
5.990000000000000213e+00 6.926699999999999717e-11
6.009999999999999787e+00 6.645119999999999538e-11
6.030000000000000249e+00 6.374210000000000160e-11
6.049999999999999822e+00 6.113840000000000210e-11
6.070000000000000284e+00 5.864000000000000378e-11
6.089999999999999858e+00 5.624480000000000284e-11
6.110000000000000320e+00 5.395119999999999977e-11
6.129999999999999893e+00 5.175730000000000283e-11
6.150000000000000355e+00 4.966100000000000175e-11
6.169999999999999929e+00 4.766009999999999964e-11
6.190000000000000391e+00 4.575239999999999960e-11
6.209999999999999964e+00 4.393549999999999914e-11
6.230000000000000426e+00 4.220669999999999705e-11
6.250000000000000000e+00 4.056359999999999732e-11
6.269999999999999574e+00 3.900359999999999831e-11
6.290000000000000036e+00 3.752370000000000014e-11
6.309999999999999609e+00 3.612110000000000206e-11
6.330000000000000071e+00 3.479269999999999815e-11
6.349999999999999645e+00 3.353560000000000101e-11
6.370000000000000107e+00 3.234620000000000045e-11
6.389999999999999680e+00 3.122119999999999787e-11
6.410000000000000142e+00 3.015700000000000246e-11
6.429999999999999716e+00 2.915009999999999713e-11
6.450000000000000178e+00 2.819659999999999882e-11
6.469999999999999751e+00 2.729280000000000100e-11
6.490000000000000213e+00 2.643500000000000035e-11
6.509999999999999787e+00 2.561930000000000091e-11
6.530000000000000249e+00 2.484199999999999936e-11
6.549999999999999822e+00 2.409960000000000123e-11
6.570000000000000284e+00 2.338859999999999911e-11
6.589999999999999858e+00 2.270570000000000088e-11
6.610000000000000320e+00 2.204770000000000106e-11
6.629999999999999893e+00 2.141189999999999846e-11
6.650000000000000355e+00 2.079479999999999859e-11
6.669999999999999929e+00 2.019529999999999979e-11
6.690000000000000391e+00 1.961070000000000084e-11
6.709999999999999964e+00 1.903919999999999990e-11
6.730000000000000426e+00 1.847889999999999874e-11
6.750000000000000000e+00 1.792849999999999979e-11
6.769999999999999574e+00 1.738700000000000094e-11
6.790000000000000036e+00 1.685349999999999963e-11
6.809999999999999609e+00 1.632729999999999890e-11
6.830000000000000071e+00 1.580800000000000050e-11
6.849999999999999645e+00 1.529539999999999882e-11
6.870000000000000107e+00 1.478940000000000078e-11
6.889999999999999680e+00 1.428990000000000033e-11
6.910000000000000142e+00 1.379719999999999941e-11
6.929999999999999716e+00 1.331129999999999963e-11
6.950000000000000178e+00 1.283249999999999969e-11
6.969999999999999751e+00 1.236130000000000065e-11
6.990000000000000213e+00 1.189790000000000002e-11
7.009999999999999787e+00 1.144269999999999930e-11
7.030000000000000249e+00 1.099600000000000040e-11
7.049999999999999822e+00 1.055840000000000073e-11
7.070000000000000284e+00 1.013020000000000060e-11
7.089999999999999858e+00 9.711779999999999640e-12
7.110000000000000320e+00 9.303480000000000259e-12
7.129999999999999893e+00 8.905590000000000224e-12
7.150000000000000355e+00 8.518360000000000066e-12
7.169999999999999929e+00 8.142029999999999386e-12
7.190000000000000391e+00 7.776789999999999622e-12
7.209999999999999964e+00 7.422769999999999884e-12
7.230000000000000426e+00 7.080069999999999739e-12
7.259999999999999787e+00 6.748749999999999895e-12
7.280000000000000249e+00 6.428829999999999780e-12
7.299999999999999822e+00 6.120310000000000202e-12
7.320000000000000284e+00 5.823100000000000098e-12
7.339999999999999858e+00 5.537130000000000257e-12
7.360000000000000320e+00 5.262280000000000070e-12
7.379999999999999893e+00 4.998400000000000189e-12
7.400000000000000355e+00 4.745299999999999985e-12
7.419999999999999929e+00 4.502789999999999638e-12
7.440000000000000391e+00 4.270659999999999899e-12
7.459999999999999964e+00 4.048650000000000121e-12
7.480000000000000426e+00 3.836509999999999775e-12
7.500000000000000000e+00 3.633989999999999947e-12
7.519999999999999574e+00 3.440789999999999922e-12
7.540000000000000036e+00 3.256640000000000147e-12
7.559999999999999609e+00 3.081239999999999904e-12
7.580000000000000071e+00 2.914290000000000096e-12
7.599999999999999645e+00 2.755500000000000123e-12
7.620000000000000107e+00 2.604559999999999961e-12
7.639999999999999680e+00 2.460080000000000156e-12
7.660000000000000142e+00 2.323710000000000001e-12
7.679999999999999716e+00 2.194160000000000013e-12
7.700000000000000178e+00 2.071250000000000085e-12
7.719999999999999751e+00 1.954709999999999857e-12
7.740000000000000213e+00 1.844300000000000128e-12
7.759999999999999787e+00 1.739740000000000017e-12
7.780000000000000249e+00 1.640780000000000002e-12
7.799999999999999822e+00 1.547130000000000093e-12
7.820000000000000284e+00 1.458550000000000081e-12
7.839999999999999858e+00 1.374790000000000042e-12
7.860000000000000320e+00 1.295600000000000053e-12
7.879999999999999893e+00 1.220759999999999940e-12
7.900000000000000355e+00 1.150049999999999931e-12
7.919999999999999929e+00 1.083259999999999970e-12
7.940000000000000391e+00 1.020180000000000001e-12
7.959999999999999964e+00 9.606229999999999145e-13
7.980000000000000426e+00 9.044109999999999517e-13
8.000000000000000000e+00 8.513670000000000214e-13
8.019999999999999574e+00 8.013220000000000059e-13
8.039999999999999147e+00 7.541690000000000351e-13
8.060000000000000497e+00 7.096659999999999571e-13
8.080000000000000071e+00 6.677139999999999759e-13
8.099999999999999645e+00 6.281729999999999528e-13
8.119999999999999218e+00 5.909129999999999682e-13
8.140000000000000568e+00 5.558070000000000166e-13
8.160000000000000142e+00 5.227370000000000374e-13
8.179999999999999716e+00 4.915889999999999564e-13
8.199999999999999289e+00 4.622560000000000046e-13
8.220000000000000639e+00 4.346360000000000172e-13
8.240000000000000213e+00 4.086330000000000118e-13
8.259999999999999787e+00 3.841529999999999990e-13
8.279999999999999361e+00 3.611109999999999847e-13
8.300000000000000711e+00 3.394229999999999967e-13
8.320000000000000284e+00 3.190109999999999924e-13
8.339999999999999858e+00 2.998030000000000101e-13
8.359999999999999432e+00 2.817280000000000088e-13
8.380000000000000782e+00 2.647209999999999784e-13
8.400000000000000355e+00 2.487200000000000247e-13
8.419999999999999929e+00 2.336669999999999877e-13
8.439999999999999503e+00 2.195060000000000039e-13
8.460000000000000853e+00 2.061849999999999944e-13
8.480000000000000426e+00 1.936549999999999963e-13
8.500000000000000000e+00 1.818710000000000083e-13
