# log10(T) rate(cm^3/s)
# RecombRates
3.500000000000000000e+00 7.627359999999999601e-10
3.520000000000000018e+00 7.413250000000000224e-10
3.540000000000000036e+00 7.204950000000000023e-10
3.560000000000000053e+00 7.002299999999999694e-10
3.580000000000000071e+00 6.805160000000000104e-10
3.600000000000000089e+00 6.613379999999999966e-10
3.620000000000000107e+00 6.426820000000000147e-10
3.640000000000000124e+00 6.245340000000000480e-10
3.660000000000000142e+00 6.068809999999999850e-10
3.680000000000000160e+00 5.897090000000000157e-10
3.700000000000000178e+00 5.730050000000000287e-10
3.720000000000000195e+00 5.567570000000000245e-10
3.740000000000000213e+00 5.409540000000000119e-10
3.759999999999999787e+00 5.255819999999999744e-10
3.779999999999999805e+00 5.106320000000000416e-10
3.799999999999999822e+00 4.960909999999999984e-10
3.819999999999999840e+00 4.819479999999999574e-10
3.839999999999999858e+00 4.681940000000000481e-10
3.859999999999999876e+00 4.548170000000000125e-10
3.879999999999999893e+00 4.418070000000000233e-10
3.899999999999999911e+00 4.291550000000000033e-10
3.919999999999999929e+00 4.168519999999999787e-10
3.939999999999999947e+00 4.048870000000000102e-10
3.959999999999999964e+00 3.932519999999999775e-10
3.979999999999999982e+00 3.819380000000000102e-10
4.000000000000000000e+00 3.709359999999999793e-10
4.019999999999999574e+00 3.602380000000000230e-10
4.040000000000000036e+00 3.498360000000000211e-10
4.059999999999999609e+00 3.397220000000000083e-10
4.080000000000000071e+00 3.298889999999999762e-10
4.099999999999999645e+00 3.203269999999999941e-10
4.120000000000000107e+00 3.110310000000000192e-10
4.139999999999999680e+00 3.019939999999999913e-10
4.160000000000000142e+00 2.932069999999999885e-10
4.179999999999999716e+00 2.846650000000000194e-10
4.200000000000000178e+00 2.763610000000000241e-10
4.219999999999999751e+00 2.682879999999999942e-10
4.240000000000000213e+00 2.604409999999999902e-10
4.259999999999999787e+00 2.528119999999999951e-10
4.280000000000000249e+00 2.453969999999999747e-10
4.299999999999999822e+00 2.381890000000000240e-10
4.320000000000000284e+00 2.311829999999999967e-10
4.339999999999999858e+00 2.243740000000000050e-10
4.360000000000000320e+00 2.177549999999999889e-10
4.379999999999999893e+00 2.113230000000000001e-10
4.400000000000000355e+00 2.050710000000000046e-10
4.419999999999999929e+00 1.989949999999999937e-10
4.440000000000000391e+00 1.930910000000000108e-10
4.459999999999999964e+00 1.873530000000000043e-10
4.480000000000000426e+00 1.817760000000000090e-10
4.500000000000000000e+00 4.302989999999999944e-10
4.519999999999999574e+00 4.202670000000000129e-10
4.540000000000000036e+00 4.109289999999999879e-10
4.559999999999999609e+00 4.022629999999999891e-10
4.580000000000000071e+00 3.942399999999999745e-10
4.599999999999999645e+00 3.868210000000000232e-10
4.620000000000000107e+00 3.799649999999999902e-10
4.639999999999999680e+00 3.736199999999999981e-10
4.660000000000000142e+00 3.677369999999999886e-10
4.679999999999999716e+00 3.622589999999999895e-10
4.700000000000000178e+00 3.571330000000000115e-10
4.719999999999999751e+00 3.523029999999999879e-10
4.740000000000000213e+00 3.477169999999999895e-10
4.769999999999999574e+00 3.433239999999999923e-10
4.790000000000000036e+00 3.390770000000000069e-10
4.809999999999999609e+00 3.349339999999999830e-10
4.830000000000000071e+00 3.308549999999999912e-10
4.849999999999999645e+00 3.268070000000000069e-10
4.870000000000000107e+00 3.227619999999999965e-10
4.889999999999999680e+00 3.186950000000000043e-10
4.910000000000000142e+00 3.145879999999999791e-10
4.929999999999999716e+00 3.104259999999999990e-10
4.950000000000000178e+00 3.061999999999999869e-10
4.969999999999999751e+00 3.019039999999999947e-10
4.990000000000000213e+00 2.975380000000000224e-10
5.009999999999999787e+00 2.931020000000000183e-10
5.030000000000000249e+00 2.886039999999999993e-10
5.049999999999999822e+00 2.840519999999999824e-10
5.070000000000000284e+00 2.794570000000000101e-10
5.089999999999999858e+00 2.748319999999999873e-10
5.110000000000000320e+00 2.701940000000000081e-10
5.129999999999999893e+00 2.655579999999999943e-10
5.150000000000000355e+00 2.609419999999999970e-10
5.169999999999999929e+00 2.563650000000000241e-10
5.190000000000000391e+00 2.518430000000000060e-10
5.209999999999999964e+00 2.473950000000000023e-10
5.230000000000000426e+00 2.430349999999999781e-10
5.250000000000000000e+00 2.387770000000000017e-10
5.269999999999999574e+00 2.346320000000000124e-10
5.290000000000000036e+00 2.306110000000000012e-10
5.309999999999999609e+00 2.267169999999999937e-10
5.330000000000000071e+00 2.229550000000000071e-10
5.349999999999999645e+00 2.193229999999999984e-10
5.370000000000000107e+00 2.158179999999999934e-10
5.389999999999999680e+00 2.124320000000000012e-10
5.410000000000000142e+00 2.091570000000000047e-10
5.429999999999999716e+00 2.059789999999999874e-10
5.450000000000000178e+00 2.028849999999999927e-10
5.469999999999999751e+00 1.998590000000000126e-10
5.490000000000000213e+00 1.968840000000000048e-10
5.509999999999999787e+00 1.939430000000000043e-10
5.530000000000000249e+00 1.910170000000000033e-10
5.549999999999999822e+00 1.880899999999999936e-10
5.570000000000000284e+00 1.851459999999999932e-10
5.589999999999999858e+00 1.821700000000000027e-10
5.610000000000000320e+00 1.791480000000000053e-10
5.629999999999999893e+00 1.760690000000000100e-10
5.650000000000000355e+00 1.729239999999999914e-10
5.669999999999999929e+00 1.697059999999999928e-10
5.690000000000000391e+00 1.664089999999999886e-10
5.709999999999999964e+00 1.630319999999999960e-10
5.730000000000000426e+00 1.595729999999999979e-10
5.750000000000000000e+00 1.560349999999999942e-10
5.769999999999999574e+00 1.524200000000000020e-10
5.790000000000000036e+00 1.487350000000000039e-10
5.809999999999999609e+00 1.449849999999999910e-10
5.830000000000000071e+00 1.411789999999999888e-10
5.849999999999999645e+00 1.373259999999999971e-10
5.870000000000000107e+00 1.334359999999999981e-10
5.889999999999999680e+00 1.295179999999999916e-10
5.910000000000000142e+00 1.255850000000000115e-10
5.929999999999999716e+00 1.216469999999999884e-10
5.950000000000000178e+00 1.177159999999999996e-10
5.969999999999999751e+00 1.138010000000000059e-10
5.990000000000000213e+00 1.099150000000000025e-10
6.009999999999999787e+00 1.060660000000000063e-10
6.030000000000000249e+00 1.022669999999999995e-10
6.049999999999999822e+00 9.852540000000000183e-11
6.070000000000000284e+00 9.485139999999999466e-11
6.089999999999999858e+00 9.125340000000000616e-11
6.110000000000000320e+00 8.773920000000000241e-11
6.129999999999999893e+00 8.431629999999999606e-11
6.150000000000000355e+00 8.099129999999999721e-11
6.169999999999999929e+00 7.777040000000000474e-11
6.190000000000000391e+00 7.465890000000000210e-11
6.209999999999999964e+00 7.166119999999999600e-11
6.230000000000000426e+00 6.878120000000000181e-11
6.250000000000000000e+00 6.602160000000000133e-11
6.269999999999999574e+00 6.338439999999999879e-11
6.290000000000000036e+00 6.087069999999999588e-11
6.309999999999999609e+00 5.848039999999999949e-11
6.330000000000000071e+00 5.621260000000000061e-11
6.349999999999999645e+00 5.406560000000000017e-11
6.370000000000000107e+00 5.203659999999999740e-11
6.389999999999999680e+00 5.012210000000000107e-11
6.410000000000000142e+00 4.831759999999999841e-11
6.429999999999999716e+00 4.661819999999999779e-11
6.450000000000000178e+00 4.501819999999999815e-11
6.469999999999999751e+00 4.351140000000000057e-11
6.490000000000000213e+00 4.209150000000000013e-11
6.509999999999999787e+00 4.075170000000000053e-11
6.530000000000000249e+00 3.948499999999999988e-11
6.549999999999999822e+00 3.828470000000000145e-11
6.570000000000000284e+00 3.714400000000000248e-11
6.589999999999999858e+00 3.605649999999999848e-11
6.610000000000000320e+00 3.501500000000000135e-11
6.629999999999999893e+00 3.401489999999999878e-11
6.650000000000000355e+00 3.305050000000000260e-11
6.669999999999999929e+00 3.211649999999999709e-11
6.690000000000000391e+00 3.120830000000000224e-11
6.709999999999999964e+00 3.032190000000000310e-11
6.730000000000000426e+00 2.945410000000000068e-11
6.750000000000000000e+00 2.860179999999999875e-11
6.769999999999999574e+00 2.776270000000000084e-11
6.790000000000000036e+00 2.693489999999999906e-11
6.809999999999999609e+00 2.611699999999999948e-11
6.830000000000000071e+00 2.530800000000000000e-11
6.849999999999999645e+00 2.450710000000000086e-11
6.870000000000000107e+00 2.371409999999999970e-11
6.889999999999999680e+00 2.292880000000000061e-11
6.910000000000000142e+00 2.215139999999999950e-11
6.929999999999999716e+00 2.138240000000000065e-11
6.950000000000000178e+00 2.062219999999999911e-11
6.969999999999999751e+00 1.987150000000000151e-11
6.990000000000000213e+00 1.913060000000000009e-11
7.009999999999999787e+00 1.840110000000000083e-11
7.030000000000000249e+00 1.768339999999999875e-11
7.049999999999999822e+00 1.697849999999999919e-11
7.070000000000000284e+00 1.628709999999999913e-11
7.089999999999999858e+00 1.561010000000000111e-11
7.110000000000000320e+00 1.494819999999999885e-11
7.129999999999999893e+00 1.430220000000000019e-11
7.150000000000000355e+00 1.367250000000000015e-11
7.169999999999999929e+00 1.305980000000000055e-11
7.190000000000000391e+00 1.246449999999999965e-11
7.209999999999999964e+00 1.188700000000000054e-11
7.230000000000000426e+00 1.132750000000000076e-11
7.259999999999999787e+00 1.078640000000000016e-11
7.280000000000000249e+00 1.026370000000000038e-11
7.299999999999999822e+00 9.759440000000000267e-12
7.320000000000000284e+00 9.273700000000000763e-12
7.339999999999999858e+00 8.806360000000000454e-12
7.360000000000000320e+00 8.357290000000000228e-12
7.379999999999999893e+00 7.926289999999999338e-12
7.400000000000000355e+00 7.513099999999999561e-12
7.419999999999999929e+00 7.117419999999999777e-12
7.440000000000000391e+00 6.738940000000000364e-12
7.459999999999999964e+00 6.377259999999999829e-12
7.480000000000000426e+00 6.031979999999999911e-12
7.500000000000000000e+00 5.702670000000000378e-12
7.519999999999999574e+00 5.388879999999999955e-12
7.540000000000000036e+00 5.090130000000000243e-12
7.559999999999999609e+00 4.805930000000000303e-12
7.580000000000000071e+00 4.535810000000000239e-12
7.599999999999999645e+00 4.278189999999999969e-12
7.620000000000000107e+00 4.034459999999999755e-12
7.639999999999999680e+00 3.803139999999999888e-12
7.660000000000000142e+00 3.583830000000000088e-12
7.679999999999999716e+00 3.376060000000000056e-12
7.700000000000000178e+00 3.179370000000000012e-12
7.719999999999999751e+00 2.993269999999999826e-12
7.740000000000000213e+00 2.817300000000000122e-12
7.759999999999999787e+00 2.650980000000000080e-12
7.780000000000000249e+00 2.493860000000000038e-12
7.799999999999999822e+00 2.345479999999999816e-12
7.820000000000000284e+00 2.205429999999999823e-12
7.839999999999999858e+00 2.073279999999999825e-12
7.860000000000000320e+00 1.948640000000000066e-12
7.879999999999999893e+00 1.831119999999999977e-12
7.900000000000000355e+00 1.720350000000000036e-12
7.919999999999999929e+00 1.615979999999999946e-12
7.940000000000000391e+00 1.517669999999999934e-12
7.959999999999999964e+00 1.425100000000000057e-12
7.980000000000000426e+00 1.337960000000000087e-12
8.000000000000000000e+00 1.256039999999999967e-12
8.019999999999999574e+00 1.178899999999999955e-12
8.039999999999999147e+00 1.106350000000000027e-12
8.060000000000000497e+00 1.038140000000000058e-12
8.080000000000000071e+00 9.740170000000000087e-13
8.099999999999999645e+00 9.137529999999999335e-13
8.119999999999999218e+00 8.571309999999999754e-13
8.140000000000000568e+00 8.039339999999999750e-13
8.160000000000000142e+00 7.539680000000000241e-13
8.179999999999999716e+00 7.070429999999999994e-13
8.199999999999999289e+00 6.629810000000000404e-13
8.220000000000000639e+00 6.216140000000000006e-13
8.240000000000000213e+00 5.827829999999999816e-13
8.259999999999999787e+00 5.463340000000000427e-13
8.279999999999999361e+00 5.121280000000000166e-13
8.300000000000000711e+00 4.800279999999999817e-13
8.320000000000000284e+00 4.499080000000000051e-13
8.339999999999999858e+00 4.216479999999999821e-13
8.359999999999999432e+00 3.951370000000000055e-13
8.380000000000000782e+00 3.702680000000000031e-13
8.400000000000000355e+00 3.469429999999999990e-13
8.419999999999999929e+00 3.250649999999999886e-13
8.439999999999999503e+00 3.045480000000000065e-13
8.460000000000000853e+00 2.853079999999999794e-13
8.480000000000000426e+00 2.672659999999999943e-13
8.500000000000000000e+00 2.503510000000000103e-13
