# log10(T) rate(cm^3/s)
# RecombRates
3.500000000000000000e+00 4.648419999999999695e-12
3.520000000000000018e+00 4.510720000000000393e-12
3.540000000000000036e+00 4.376910000000000179e-12
3.560000000000000053e+00 4.246890000000000294e-12
3.580000000000000071e+00 4.120560000000000367e-12
3.600000000000000089e+00 3.997809999999999906e-12
3.620000000000000107e+00 3.878540000000000152e-12
3.640000000000000124e+00 3.762660000000000044e-12
3.660000000000000142e+00 3.650080000000000134e-12
3.680000000000000160e+00 3.540700000000000049e-12
3.700000000000000178e+00 3.434450000000000174e-12
3.720000000000000195e+00 3.331220000000000017e-12
3.740000000000000213e+00 3.230950000000000081e-12
3.759999999999999787e+00 3.133539999999999995e-12
3.779999999999999805e+00 3.038929999999999856e-12
3.799999999999999822e+00 2.947020000000000099e-12
3.819999999999999840e+00 2.857760000000000134e-12
3.839999999999999858e+00 2.771060000000000109e-12
3.859999999999999876e+00 2.686850000000000007e-12
3.879999999999999893e+00 2.605069999999999925e-12
3.899999999999999911e+00 2.525649999999999845e-12
3.919999999999999929e+00 2.448520000000000153e-12
3.939999999999999947e+00 2.373620000000000139e-12
3.959999999999999964e+00 2.300889999999999902e-12
3.979999999999999982e+00 2.230259999999999829e-12
4.000000000000000000e+00 2.161689999999999849e-12
4.019999999999999574e+00 2.095099999999999827e-12
4.040000000000000036e+00 2.030450000000000098e-12
4.059999999999999609e+00 1.967690000000000070e-12
4.080000000000000071e+00 1.906759999999999844e-12
4.099999999999999645e+00 1.847599999999999923e-12
4.120000000000000107e+00 1.790179999999999951e-12
4.139999999999999680e+00 1.734440000000000029e-12
4.160000000000000142e+00 1.680329999999999970e-12
4.179999999999999716e+00 1.627809999999999907e-12
4.200000000000000178e+00 1.576830000000000057e-12
4.219999999999999751e+00 1.527349999999999949e-12
4.240000000000000213e+00 1.479340000000000036e-12
4.259999999999999787e+00 1.432740000000000012e-12
4.280000000000000249e+00 1.387519999999999928e-12
4.299999999999999822e+00 1.343639999999999917e-12
4.320000000000000284e+00 1.301049999999999995e-12
4.339999999999999858e+00 1.259740000000000042e-12
4.360000000000000320e+00 1.219649999999999958e-12
4.379999999999999893e+00 1.180759999999999908e-12
4.400000000000000355e+00 1.143019999999999910e-12
4.419999999999999929e+00 1.106420000000000045e-12
4.440000000000000391e+00 1.070900000000000011e-12
4.459999999999999964e+00 1.036460000000000008e-12
4.480000000000000426e+00 1.003039999999999935e-12
4.500000000000000000e+00 9.706370000000000776e-13
4.519999999999999574e+00 9.392049999999999345e-13
4.540000000000000036e+00 9.087220000000000330e-13
4.559999999999999609e+00 8.791589999999999902e-13
4.580000000000000071e+00 8.504910000000000158e-13
4.599999999999999645e+00 8.226930000000000166e-13
4.620000000000000107e+00 7.957390000000000286e-13
4.639999999999999680e+00 7.696050000000000311e-13
4.660000000000000142e+00 7.442679999999999746e-13
4.679999999999999716e+00 7.197040000000000401e-13
4.700000000000000178e+00 6.958920000000000200e-13
4.719999999999999751e+00 6.728089999999999658e-13
4.740000000000000213e+00 6.504350000000000452e-13
4.769999999999999574e+00 6.287489999999999495e-13
4.790000000000000036e+00 6.077329999999999914e-13
4.809999999999999609e+00 5.873649999999999918e-13
4.830000000000000071e+00 5.676259999999999888e-13
4.849999999999999645e+00 5.485000000000000357e-13
4.870000000000000107e+00 5.299679999999999689e-13
4.889999999999999680e+00 5.120129999999999712e-13
4.910000000000000142e+00 4.946180000000000236e-13
4.929999999999999716e+00 4.777660000000000061e-13
4.950000000000000178e+00 4.614420000000000446e-13
4.969999999999999751e+00 4.456310000000000123e-13
4.990000000000000213e+00 4.303170000000000131e-13
5.009999999999999787e+00 4.154859999999999928e-13
5.030000000000000249e+00 4.011220000000000047e-13
5.049999999999999822e+00 3.872149999999999813e-13
5.070000000000000284e+00 3.737480000000000045e-13
5.089999999999999858e+00 3.607090000000000133e-13
5.110000000000000320e+00 3.480859999999999973e-13
5.129999999999999893e+00 3.358669999999999965e-13
5.150000000000000355e+00 3.240389999999999787e-13
5.169999999999999929e+00 3.125910000000000056e-13
5.190000000000000391e+00 3.015110000000000165e-13
5.209999999999999964e+00 2.907889999999999941e-13
5.230000000000000426e+00 2.804129999999999786e-13
5.250000000000000000e+00 2.703749999999999965e-13
5.269999999999999574e+00 2.606620000000000156e-13
5.290000000000000036e+00 2.512660000000000120e-13
5.309999999999999609e+00 2.421770000000000191e-13
5.330000000000000071e+00 2.333870000000000132e-13
5.349999999999999645e+00 2.248850000000000056e-13
5.370000000000000107e+00 2.166629999999999978e-13
5.389999999999999680e+00 2.087129999999999913e-13
5.410000000000000142e+00 2.010269999999999875e-13
5.429999999999999716e+00 1.935959999999999912e-13
5.450000000000000178e+00 1.864130000000000005e-13
5.469999999999999751e+00 1.794699999999999916e-13
5.490000000000000213e+00 1.727599999999999878e-13
5.509999999999999787e+00 1.662749999999999907e-13
5.530000000000000249e+00 1.600099999999999917e-13
5.549999999999999822e+00 1.539559999999999955e-13
5.570000000000000284e+00 1.481079999999999935e-13
5.589999999999999858e+00 1.424600000000000059e-13
5.610000000000000320e+00 1.370040000000000087e-13
5.629999999999999893e+00 1.317359999999999902e-13
5.650000000000000355e+00 1.266489999999999988e-13
5.669999999999999929e+00 1.217380000000000009e-13
5.690000000000000391e+00 1.169969999999999911e-13
5.709999999999999964e+00 1.124209999999999988e-13
5.730000000000000426e+00 1.080050000000000028e-13
5.750000000000000000e+00 1.037439999999999945e-13
5.769999999999999574e+00 9.963250000000000486e-14
5.790000000000000036e+00 9.566640000000000220e-14
5.809999999999999609e+00 9.184090000000000502e-14
5.830000000000000071e+00 8.815150000000000309e-14
5.849999999999999645e+00 8.459399999999999527e-14
5.870000000000000107e+00 8.116420000000000569e-14
5.889999999999999680e+00 7.785809999999999719e-14
5.910000000000000142e+00 7.467160000000000112e-14
5.929999999999999716e+00 7.160100000000000207e-14
5.950000000000000178e+00 6.864259999999999723e-14
5.969999999999999751e+00 6.579269999999999642e-14
5.990000000000000213e+00 6.304779999999999869e-14
6.009999999999999787e+00 6.040449999999999773e-14
6.030000000000000249e+00 5.785969999999999629e-14
6.049999999999999822e+00 5.541000000000000068e-14
6.070000000000000284e+00 5.305230000000000104e-14
6.089999999999999858e+00 5.078370000000000201e-14
6.110000000000000320e+00 4.860120000000000096e-14
6.129999999999999893e+00 4.650209999999999807e-14
6.150000000000000355e+00 4.448339999999999704e-14
6.169999999999999929e+00 4.254270000000000082e-14
6.190000000000000391e+00 4.067729999999999698e-14
6.209999999999999964e+00 3.888470000000000015e-14
6.230000000000000426e+00 3.716250000000000068e-14
6.250000000000000000e+00 3.550830000000000153e-14
6.269999999999999574e+00 3.391990000000000120e-14
6.290000000000000036e+00 3.239499999999999727e-14
6.309999999999999609e+00 3.093140000000000086e-14
6.330000000000000071e+00 2.952720000000000064e-14
6.349999999999999645e+00 2.818020000000000144e-14
6.370000000000000107e+00 2.688859999999999914e-14
6.389999999999999680e+00 2.565040000000000044e-14
6.410000000000000142e+00 2.446380000000000124e-14
6.429999999999999716e+00 2.332700000000000059e-14
6.450000000000000178e+00 2.223829999999999850e-14
6.469999999999999751e+00 2.119600000000000127e-14
6.490000000000000213e+00 2.019850000000000034e-14
6.509999999999999787e+00 1.924430000000000073e-14
6.530000000000000249e+00 1.833169999999999927e-14
6.549999999999999822e+00 1.745929999999999875e-14
6.570000000000000284e+00 1.662579999999999970e-14
6.589999999999999858e+00 1.582970000000000082e-14
6.610000000000000320e+00 1.506959999999999859e-14
6.629999999999999893e+00 1.434439999999999856e-14
6.650000000000000355e+00 1.365259999999999943e-14
6.669999999999999929e+00 1.299319999999999980e-14
6.690000000000000391e+00 1.236490000000000022e-14
6.709999999999999964e+00 1.176659999999999994e-14
6.730000000000000426e+00 1.119710000000000045e-14
6.750000000000000000e+00 1.065549999999999969e-14
6.769999999999999574e+00 1.014060000000000073e-14
6.790000000000000036e+00 9.651569999999999965e-15
6.809999999999999609e+00 9.187319999999999570e-15
6.830000000000000071e+00 8.746939999999999305e-15
6.849999999999999645e+00 8.329510000000000724e-15
6.870000000000000107e+00 7.934169999999999313e-15
6.889999999999999680e+00 7.560069999999999802e-15
6.910000000000000142e+00 7.206380000000000162e-15
6.929999999999999716e+00 6.872309999999999844e-15
6.950000000000000178e+00 6.557079999999999650e-15
6.969999999999999751e+00 6.259969999999999837e-15
6.990000000000000213e+00 5.980250000000000096e-15
7.009999999999999787e+00 5.717209999999999671e-15
7.030000000000000249e+00 5.470189999999999850e-15
7.049999999999999822e+00 5.238549999999999896e-15
7.070000000000000284e+00 5.021649999999999863e-15
7.089999999999999858e+00 4.818889999999999700e-15
7.110000000000000320e+00 4.629670000000000147e-15
7.129999999999999893e+00 4.453440000000000043e-15
7.150000000000000355e+00 4.289649999999999801e-15
7.169999999999999929e+00 4.137759999999999615e-15
7.190000000000000391e+00 3.997280000000000140e-15
7.209999999999999964e+00 3.867700000000000113e-15
7.230000000000000426e+00 3.748539999999999968e-15
7.259999999999999787e+00 3.639350000000000258e-15
7.280000000000000249e+00 3.539690000000000134e-15
7.299999999999999822e+00 3.449130000000000098e-15
7.320000000000000284e+00 3.367250000000000038e-15
7.339999999999999858e+00 3.293650000000000183e-15
7.360000000000000320e+00 3.227960000000000096e-15
7.379999999999999893e+00 3.169790000000000178e-15
7.400000000000000355e+00 3.118800000000000113e-15
7.419999999999999929e+00 3.074630000000000028e-15
7.440000000000000391e+00 3.036959999999999950e-15
7.459999999999999964e+00 3.005460000000000129e-15
7.480000000000000426e+00 2.979830000000000144e-15
7.500000000000000000e+00 2.959760000000000195e-15
7.519999999999999574e+00 2.944969999999999810e-15
7.540000000000000036e+00 2.935189999999999876e-15
7.559999999999999609e+00 2.930139999999999922e-15
7.580000000000000071e+00 2.929580000000000166e-15
7.599999999999999645e+00 2.933250000000000085e-15
7.620000000000000107e+00 2.940920000000000070e-15
7.639999999999999680e+00 2.952349999999999942e-15
7.660000000000000142e+00 2.967339999999999817e-15
7.679999999999999716e+00 2.985660000000000083e-15
7.700000000000000178e+00 3.007119999999999844e-15
7.719999999999999751e+00 3.031520000000000004e-15
7.740000000000000213e+00 3.058670000000000060e-15
7.759999999999999787e+00 3.088399999999999855e-15
7.780000000000000249e+00 3.120520000000000069e-15
7.799999999999999822e+00 3.154869999999999928e-15
7.820000000000000284e+00 3.191300000000000009e-15
7.839999999999999858e+00 3.229649999999999932e-15
7.860000000000000320e+00 3.269769999999999882e-15
7.879999999999999893e+00 3.311519999999999820e-15
7.900000000000000355e+00 3.354769999999999882e-15
7.919999999999999929e+00 3.399389999999999807e-15
7.940000000000000391e+00 3.445239999999999950e-15
7.959999999999999964e+00 3.492229999999999950e-15
7.980000000000000426e+00 3.540220000000000164e-15
8.000000000000000000e+00 3.589120000000000229e-15
8.019999999999999574e+00 3.638820000000000228e-15
8.039999999999999147e+00 3.689209999999999850e-15
8.060000000000000497e+00 3.740210000000000087e-15
8.080000000000000071e+00 3.791720000000000011e-15
8.099999999999999645e+00 3.843650000000000048e-15
8.119999999999999218e+00 3.895930000000000180e-15
8.140000000000000568e+00 3.948470000000000043e-15
8.160000000000000142e+00 4.001199999999999620e-15
8.179999999999999716e+00 4.054049999999999680e-15
8.199999999999999289e+00 4.106950000000000205e-15
8.220000000000000639e+00 4.159840000000000163e-15
8.240000000000000213e+00 4.212639999999999759e-15
8.259999999999999787e+00 4.265309999999999883e-15
8.279999999999999361e+00 4.317790000000000294e-15
8.300000000000000711e+00 4.370029999999999739e-15
8.320000000000000284e+00 4.421970000000000342e-15
8.339999999999999858e+00 4.473579999999999617e-15
8.359999999999999432e+00 4.524789999999999910e-15
8.380000000000000782e+00 4.575580000000000091e-15
8.400000000000000355e+00 4.625899999999999694e-15
8.419999999999999929e+00 4.675720000000000176e-15
8.439999999999999503e+00 4.724990000000000284e-15
8.460000000000000853e+00 4.773689999999999675e-15
8.480000000000000426e+00 4.821789999999999806e-15
8.500000000000000000e+00 4.869249999999999990e-15
