# log10(T) rate(cm^3/s)
# RecombRates
3.500000000000000000e+00 3.305500000000000001e-12
3.520000000000000018e+00 3.199000000000000000e-12
3.540000000000000036e+00 3.095690000000000111e-12
3.560000000000000053e+00 2.995480000000000076e-12
3.580000000000000071e+00 2.898259999999999810e-12
3.600000000000000089e+00 2.803990000000000051e-12
3.620000000000000107e+00 2.712209999999999810e-12
3.640000000000000124e+00 2.623170000000000020e-12
3.660000000000000142e+00 2.536829999999999804e-12
3.680000000000000160e+00 2.453119999999999952e-12
3.700000000000000178e+00 2.371940000000000089e-12
3.720000000000000195e+00 2.293240000000000031e-12
3.740000000000000213e+00 2.216940000000000043e-12
3.759999999999999787e+00 2.142970000000000107e-12
3.779999999999999805e+00 2.071269999999999918e-12
3.799999999999999822e+00 2.001760000000000146e-12
3.819999999999999840e+00 1.934439999999999985e-12
3.839999999999999858e+00 1.869160000000000085e-12
3.859999999999999876e+00 1.805870000000000059e-12
3.879999999999999893e+00 1.744550000000000074e-12
3.899999999999999911e+00 1.685160000000000061e-12
3.919999999999999929e+00 1.627539999999999949e-12
3.939999999999999947e+00 1.571759999999999959e-12
3.959999999999999964e+00 1.517739999999999953e-12
3.979999999999999982e+00 1.465420000000000030e-12
4.000000000000000000e+00 1.414729999999999971e-12
4.019999999999999574e+00 1.365619999999999991e-12
4.040000000000000036e+00 1.318050000000000023e-12
4.059999999999999609e+00 1.271970000000000082e-12
4.080000000000000071e+00 1.227340000000000100e-12
4.099999999999999645e+00 1.184120000000000007e-12
4.120000000000000107e+00 1.142269999999999938e-12
4.139999999999999680e+00 1.101750000000000026e-12
4.160000000000000142e+00 1.062529999999999916e-12
4.179999999999999716e+00 1.024560000000000029e-12
4.200000000000000178e+00 9.878059999999999210e-13
4.219999999999999751e+00 9.522390000000000181e-13
4.240000000000000213e+00 9.178239999999999068e-13
4.259999999999999787e+00 8.845250000000000100e-13
4.280000000000000249e+00 8.523089999999999582e-13
4.299999999999999822e+00 8.211439999999999592e-13
4.320000000000000284e+00 7.909989999999999903e-13
4.339999999999999858e+00 7.618430000000000285e-13
4.360000000000000320e+00 7.336460000000000225e-13
4.379999999999999893e+00 7.063820000000000086e-13
4.400000000000000355e+00 6.800189999999999926e-13
4.419999999999999929e+00 6.545340000000000260e-13
4.440000000000000391e+00 6.298969999999999564e-13
4.459999999999999964e+00 6.060860000000000086e-13
4.480000000000000426e+00 5.830740000000000457e-13
4.500000000000000000e+00 5.608929999999999608e-13
4.519999999999999574e+00 5.393369999999999868e-13
4.540000000000000036e+00 5.185820000000000414e-13
4.559999999999999609e+00 4.985290000000000258e-13
4.580000000000000071e+00 4.792110000000000065e-13
4.599999999999999645e+00 4.605719999999999685e-13
4.620000000000000107e+00 4.426100000000000194e-13
4.639999999999999680e+00 4.253300000000000163e-13
4.660000000000000142e+00 4.087510000000000220e-13
4.679999999999999716e+00 3.929099999999999888e-13
4.700000000000000178e+00 3.778620000000000110e-13
4.719999999999999751e+00 3.636899999999999881e-13
4.740000000000000213e+00 3.505060000000000011e-13
4.769999999999999574e+00 3.384659999999999837e-13
4.790000000000000036e+00 3.277670000000000109e-13
4.809999999999999609e+00 3.187260000000000093e-13
4.830000000000000071e+00 3.115240000000000063e-13
4.849999999999999645e+00 3.065790000000000208e-13
4.870000000000000107e+00 3.042930000000000242e-13
4.889999999999999680e+00 3.051189999999999947e-13
4.910000000000000142e+00 3.094999999999999939e-13
4.929999999999999716e+00 3.180490000000000214e-13
4.950000000000000178e+00 3.312409999999999817e-13
4.969999999999999751e+00 3.495980000000000013e-13
4.990000000000000213e+00 3.736089999999999886e-13
5.009999999999999787e+00 4.037040000000000234e-13
5.030000000000000249e+00 4.402380000000000069e-13
5.049999999999999822e+00 4.834659999999999717e-13
5.070000000000000284e+00 5.335300000000000500e-13
5.089999999999999858e+00 5.904370000000000417e-13
5.110000000000000320e+00 6.540589999999999699e-13
5.129999999999999893e+00 7.241180000000000049e-13
5.150000000000000355e+00 8.001959999999999762e-13
5.169999999999999929e+00 8.817330000000000356e-13
5.190000000000000391e+00 9.680440000000000704e-13
5.209999999999999964e+00 1.058320000000000079e-12
5.230000000000000426e+00 1.151679999999999996e-12
5.250000000000000000e+00 1.247140000000000076e-12
5.269999999999999574e+00 1.343679999999999986e-12
5.290000000000000036e+00 1.440259999999999964e-12
5.309999999999999609e+00 1.535820000000000013e-12
5.330000000000000071e+00 1.629340000000000002e-12
5.349999999999999645e+00 1.719820000000000037e-12
5.370000000000000107e+00 1.806339999999999955e-12
5.389999999999999680e+00 1.888040000000000102e-12
5.410000000000000142e+00 1.964159999999999983e-12
5.429999999999999716e+00 2.034040000000000085e-12
5.450000000000000178e+00 2.097110000000000139e-12
5.469999999999999751e+00 2.152950000000000030e-12
5.490000000000000213e+00 2.201199999999999951e-12
5.509999999999999787e+00 2.241549999999999875e-12
5.530000000000000249e+00 2.274049999999999989e-12
5.549999999999999822e+00 2.298599999999999919e-12
5.570000000000000284e+00 2.315270000000000090e-12
5.589999999999999858e+00 2.324219999999999966e-12
5.610000000000000320e+00 2.325700000000000076e-12
5.629999999999999893e+00 2.319990000000000094e-12
5.650000000000000355e+00 2.307470000000000062e-12
5.669999999999999929e+00 2.288509999999999909e-12
5.690000000000000391e+00 2.263560000000000101e-12
5.709999999999999964e+00 2.233080000000000013e-12
5.730000000000000426e+00 2.197550000000000062e-12
5.750000000000000000e+00 2.157440000000000145e-12
5.769999999999999574e+00 2.113259999999999823e-12
5.790000000000000036e+00 2.065489999999999916e-12
5.809999999999999609e+00 2.014610000000000036e-12
5.830000000000000071e+00 1.961079999999999960e-12
5.849999999999999645e+00 1.905359999999999870e-12
5.870000000000000107e+00 1.847860000000000166e-12
5.889999999999999680e+00 1.788999999999999950e-12
5.910000000000000142e+00 1.729140000000000042e-12
5.929999999999999716e+00 1.668640000000000047e-12
5.950000000000000178e+00 1.607819999999999908e-12
5.969999999999999751e+00 1.546990000000000055e-12
5.990000000000000213e+00 1.486400000000000008e-12
6.009999999999999787e+00 1.426300000000000092e-12
6.030000000000000249e+00 1.366910000000000080e-12
6.049999999999999822e+00 1.308410000000000076e-12
6.070000000000000284e+00 1.250989999999999903e-12
6.089999999999999858e+00 1.194760000000000051e-12
6.110000000000000320e+00 1.139870000000000070e-12
6.129999999999999893e+00 1.086419999999999929e-12
6.150000000000000355e+00 1.034480000000000051e-12
6.169999999999999929e+00 9.841200000000000516e-13
6.190000000000000391e+00 9.353980000000000902e-13
6.209999999999999964e+00 8.883480000000000029e-13
6.230000000000000426e+00 8.429909999999999973e-13
6.250000000000000000e+00 7.993430000000000201e-13
6.269999999999999574e+00 7.574050000000000427e-13
6.290000000000000036e+00 7.171689999999999908e-13
6.309999999999999609e+00 6.786209999999999616e-13
6.330000000000000071e+00 6.417380000000000066e-13
6.349999999999999645e+00 6.064939999999999601e-13
6.370000000000000107e+00 5.728540000000000145e-13
6.389999999999999680e+00 5.407819999999999872e-13
6.410000000000000142e+00 5.102370000000000401e-13
6.429999999999999716e+00 4.811759999999999886e-13
6.450000000000000178e+00 4.535509999999999927e-13
6.469999999999999751e+00 4.273160000000000040e-13
6.490000000000000213e+00 4.024229999999999807e-13
6.509999999999999787e+00 3.788329999999999772e-13
6.530000000000000249e+00 3.564739999999999813e-13
6.549999999999999822e+00 3.353080000000000188e-13
6.570000000000000284e+00 3.152859999999999755e-13
6.589999999999999858e+00 2.963580000000000182e-13
6.610000000000000320e+00 2.784760000000000041e-13
6.629999999999999893e+00 2.615919999999999924e-13
6.650000000000000355e+00 2.456599999999999852e-13
6.669999999999999929e+00 2.306339999999999844e-13
6.690000000000000391e+00 2.164689999999999887e-13
6.709999999999999964e+00 2.031230000000000121e-13
6.730000000000000426e+00 1.905549999999999893e-13
6.750000000000000000e+00 1.787250000000000033e-13
6.769999999999999574e+00 1.675930000000000110e-13
6.790000000000000036e+00 1.571240000000000028e-13
6.809999999999999609e+00 1.472819999999999979e-13
6.830000000000000071e+00 1.380330000000000087e-13
6.849999999999999645e+00 1.293429999999999973e-13
6.870000000000000107e+00 1.211840000000000065e-13
6.889999999999999680e+00 1.135240000000000043e-13
6.910000000000000142e+00 1.063360000000000050e-13
6.929999999999999716e+00 9.959229999999999762e-14
6.950000000000000178e+00 9.326819999999999884e-14
6.969999999999999751e+00 8.733929999999999671e-14
6.990000000000000213e+00 8.178240000000000299e-14
7.009999999999999787e+00 7.657570000000000459e-14
7.030000000000000249e+00 7.169869999999999417e-14
7.049999999999999822e+00 6.713180000000000431e-14
7.070000000000000284e+00 6.285629999999999390e-14
7.089999999999999858e+00 5.885480000000000333e-14
7.110000000000000320e+00 5.511090000000000022e-14
7.129999999999999893e+00 5.160899999999999749e-14
7.150000000000000355e+00 4.833410000000000101e-14
7.169999999999999929e+00 4.527249999999999718e-14
7.190000000000000391e+00 4.241109999999999687e-14
7.209999999999999964e+00 3.973749999999999855e-14
7.230000000000000426e+00 3.724000000000000086e-14
7.259999999999999787e+00 3.490779999999999818e-14
7.280000000000000249e+00 3.273060000000000217e-14
7.299999999999999822e+00 3.069859999999999755e-14
7.320000000000000284e+00 2.880270000000000080e-14
7.339999999999999858e+00 2.703439999999999926e-14
7.360000000000000320e+00 2.538570000000000070e-14
7.379999999999999893e+00 2.384879999999999893e-14
7.400000000000000355e+00 2.241679999999999933e-14
7.419999999999999929e+00 2.108289999999999870e-14
7.440000000000000391e+00 1.984100000000000035e-14
7.459999999999999964e+00 1.868509999999999906e-14
7.480000000000000426e+00 1.760970000000000056e-14
7.500000000000000000e+00 1.660960000000000074e-14
7.519999999999999574e+00 1.567880000000000068e-14
7.540000000000000036e+00 1.481500000000000112e-14
7.559999999999999609e+00 1.401279999999999924e-14
7.580000000000000071e+00 1.326829999999999987e-14
7.599999999999999645e+00 1.257769999999999926e-14
7.620000000000000107e+00 1.193760000000000055e-14
7.639999999999999680e+00 1.134449999999999965e-14
7.660000000000000142e+00 1.079540000000000025e-14
7.679999999999999716e+00 1.028750000000000003e-14
7.700000000000000178e+00 9.817919999999999996e-15
7.719999999999999751e+00 9.384240000000000411e-15
7.740000000000000213e+00 8.984059999999999498e-15
7.759999999999999787e+00 8.615139999999999806e-15
7.780000000000000249e+00 8.275400000000000324e-15
7.799999999999999822e+00 7.962890000000000301e-15
7.820000000000000284e+00 7.675769999999999690e-15
7.839999999999999858e+00 7.412340000000000062e-15
7.860000000000000320e+00 7.170989999999999404e-15
7.879999999999999893e+00 6.950220000000000354e-15
7.900000000000000355e+00 6.748630000000000169e-15
7.919999999999999929e+00 6.564890000000000067e-15
7.940000000000000391e+00 6.397790000000000171e-15
7.959999999999999964e+00 6.246159999999999717e-15
7.980000000000000426e+00 6.108940000000000221e-15
8.000000000000000000e+00 5.985109999999999942e-15
8.019999999999999574e+00 5.873720000000000315e-15
8.039999999999999147e+00 5.773900000000000204e-15
8.060000000000000497e+00 5.684810000000000170e-15
8.080000000000000071e+00 5.605689999999999784e-15
8.099999999999999645e+00 5.535810000000000313e-15
8.119999999999999218e+00 5.474490000000000334e-15
8.140000000000000568e+00 5.421099999999999678e-15
8.160000000000000142e+00 5.375049999999999649e-15
8.179999999999999716e+00 5.335780000000000098e-15
8.199999999999999289e+00 5.302779999999999759e-15
8.220000000000000639e+00 5.275560000000000078e-15
8.240000000000000213e+00 5.253670000000000032e-15
8.259999999999999787e+00 5.236679999999999730e-15
8.279999999999999361e+00 5.224199999999999969e-15
8.300000000000000711e+00 5.215860000000000311e-15
8.320000000000000284e+00 5.211300000000000095e-15
8.339999999999999858e+00 5.210219999999999691e-15
8.359999999999999432e+00 5.212299999999999914e-15
8.380000000000000782e+00 5.217269999999999677e-15
8.400000000000000355e+00 5.224849999999999694e-15
8.419999999999999929e+00 5.234810000000000352e-15
8.439999999999999503e+00 5.246909999999999898e-15
8.460000000000000853e+00 5.260949999999999629e-15
8.480000000000000426e+00 5.276699999999999935e-15
8.500000000000000000e+00 5.293999999999999644e-15
