# log10(T) rate(cm^3/s)
# RecombRates
3.500000000000000000e+00 2.602760000000000029e-11
3.520000000000000018e+00 2.523159999999999924e-11
3.540000000000000036e+00 2.445849999999999883e-11
3.560000000000000053e+00 2.370769999999999843e-11
3.580000000000000071e+00 2.297860000000000066e-11
3.600000000000000089e+00 2.227049999999999886e-11
3.620000000000000107e+00 2.158289999999999844e-11
3.640000000000000124e+00 2.091530000000000156e-11
3.660000000000000142e+00 2.026700000000000159e-11
3.680000000000000160e+00 1.963750000000000069e-11
3.700000000000000178e+00 1.902630000000000103e-11
3.720000000000000195e+00 1.843300000000000113e-11
3.740000000000000213e+00 1.785690000000000078e-11
3.759999999999999787e+00 1.729770000000000131e-11
3.779999999999999805e+00 1.675479999999999884e-11
3.799999999999999822e+00 1.622780000000000160e-11
3.819999999999999840e+00 1.571630000000000160e-11
3.839999999999999858e+00 1.521980000000000104e-11
3.859999999999999876e+00 1.473789999999999842e-11
3.879999999999999893e+00 1.427029999999999989e-11
3.899999999999999911e+00 1.381639999999999998e-11
3.919999999999999929e+00 1.337589999999999998e-11
3.939999999999999947e+00 1.294849999999999960e-11
3.959999999999999964e+00 1.253369999999999939e-11
3.979999999999999982e+00 1.213130000000000022e-11
4.000000000000000000e+00 1.174079999999999941e-11
4.019999999999999574e+00 1.136199999999999945e-11
4.040000000000000036e+00 1.099450000000000046e-11
4.059999999999999609e+00 1.063800000000000051e-11
4.080000000000000071e+00 1.029209999999999974e-11
4.099999999999999645e+00 9.956670000000000629e-12
4.120000000000000107e+00 9.631289999999999848e-12
4.139999999999999680e+00 9.315700000000000786e-12
4.160000000000000142e+00 9.009649999999999682e-12
4.179999999999999716e+00 8.712850000000000381e-12
4.200000000000000178e+00 8.425039999999999813e-12
4.219999999999999751e+00 8.145970000000000680e-12
4.240000000000000213e+00 7.875400000000000148e-12
4.259999999999999787e+00 7.613099999999999539e-12
4.280000000000000249e+00 7.358840000000000176e-12
4.299999999999999822e+00 7.112450000000000052e-12
4.320000000000000284e+00 6.873750000000000271e-12
4.339999999999999858e+00 6.642649999999999771e-12
4.360000000000000320e+00 6.419100000000000386e-12
4.379999999999999893e+00 6.203179999999999827e-12
4.400000000000000355e+00 5.995089999999999651e-12
4.419999999999999929e+00 5.795229999999999733e-12
4.440000000000000391e+00 5.604290000000000145e-12
4.459999999999999964e+00 5.423250000000000343e-12
4.480000000000000426e+00 5.253520000000000015e-12
4.500000000000000000e+00 5.096999999999999789e-12
4.519999999999999574e+00 4.956109999999999972e-12
4.540000000000000036e+00 4.833919999999999662e-12
4.559999999999999609e+00 4.734119999999999623e-12
4.580000000000000071e+00 4.661060000000000336e-12
4.599999999999999645e+00 4.619720000000000029e-12
4.620000000000000107e+00 4.615599999999999841e-12
4.639999999999999680e+00 4.654620000000000214e-12
4.660000000000000142e+00 4.742980000000000052e-12
4.679999999999999716e+00 4.886910000000000227e-12
4.700000000000000178e+00 5.092479999999999723e-12
4.719999999999999751e+00 5.365160000000000133e-12
4.740000000000000213e+00 5.710069999999999720e-12
4.769999999999999574e+00 6.131060000000000333e-12
4.790000000000000036e+00 6.630819999999999811e-12
4.809999999999999609e+00 7.210680000000000129e-12
4.830000000000000071e+00 7.870399999999999260e-12
4.849999999999999645e+00 8.608059999999999573e-12
4.870000000000000107e+00 9.420040000000000319e-12
4.889999999999999680e+00 1.030109999999999939e-11
4.910000000000000142e+00 1.124419999999999928e-11
4.929999999999999716e+00 1.224120000000000079e-11
4.950000000000000178e+00 1.328229999999999966e-11
4.969999999999999751e+00 1.435689999999999994e-11
4.990000000000000213e+00 1.545359999999999950e-11
5.009999999999999787e+00 1.656040000000000040e-11
5.030000000000000249e+00 1.766539999999999943e-11
5.049999999999999822e+00 1.875640000000000114e-11
5.070000000000000284e+00 1.982200000000000015e-11
5.089999999999999858e+00 2.085099999999999991e-11
5.110000000000000320e+00 2.183370000000000056e-11
5.129999999999999893e+00 2.276070000000000095e-11
5.150000000000000355e+00 2.362470000000000050e-11
5.169999999999999929e+00 2.441899999999999925e-11
5.190000000000000391e+00 2.513879999999999866e-11
5.209999999999999964e+00 2.578060000000000104e-11
5.230000000000000426e+00 2.634239999999999891e-11
5.250000000000000000e+00 2.682360000000000134e-11
5.269999999999999574e+00 2.722469999999999970e-11
5.290000000000000036e+00 2.754780000000000102e-11
5.309999999999999609e+00 2.779550000000000046e-11
5.330000000000000071e+00 2.797150000000000133e-11
5.349999999999999645e+00 2.808039999999999978e-11
5.370000000000000107e+00 2.812700000000000081e-11
5.389999999999999680e+00 2.811650000000000121e-11
5.410000000000000142e+00 2.805410000000000099e-11
5.429999999999999716e+00 2.794519999999999931e-11
5.450000000000000178e+00 2.779470000000000071e-11
5.469999999999999751e+00 2.760759999999999961e-11
5.490000000000000213e+00 2.738819999999999996e-11
5.509999999999999787e+00 2.714069999999999966e-11
5.530000000000000249e+00 2.686850000000000007e-11
5.549999999999999822e+00 2.657460000000000109e-11
5.570000000000000284e+00 2.626160000000000111e-11
5.589999999999999858e+00 2.593140000000000157e-11
5.610000000000000320e+00 2.558570000000000154e-11
5.629999999999999893e+00 2.522569999999999903e-11
5.650000000000000355e+00 2.485220000000000027e-11
5.669999999999999929e+00 2.446599999999999854e-11
5.690000000000000391e+00 2.406739999999999901e-11
5.709999999999999964e+00 2.365650000000000123e-11
5.730000000000000426e+00 2.323389999999999938e-11
5.750000000000000000e+00 2.279950000000000034e-11
5.769999999999999574e+00 2.235350000000000002e-11
5.790000000000000036e+00 2.189610000000000078e-11
5.809999999999999609e+00 2.142780000000000044e-11
5.830000000000000071e+00 2.094890000000000094e-11
5.849999999999999645e+00 2.045990000000000009e-11
5.870000000000000107e+00 1.996150000000000133e-11
5.889999999999999680e+00 1.945450000000000116e-11
5.910000000000000142e+00 1.893969999999999936e-11
5.929999999999999716e+00 1.841820000000000082e-11
5.950000000000000178e+00 1.789100000000000121e-11
5.969999999999999751e+00 1.735940000000000134e-11
5.990000000000000213e+00 1.682449999999999965e-11
6.009999999999999787e+00 1.628760000000000019e-11
6.030000000000000249e+00 1.575010000000000011e-11
6.049999999999999822e+00 1.521320000000000065e-11
6.070000000000000284e+00 1.467829999999999896e-11
6.089999999999999858e+00 1.414649999999999995e-11
6.110000000000000320e+00 1.361920000000000078e-11
6.129999999999999893e+00 1.309749999999999988e-11
6.150000000000000355e+00 1.258260000000000012e-11
6.169999999999999929e+00 1.207539999999999922e-11
6.190000000000000391e+00 1.157689999999999927e-11
6.209999999999999964e+00 1.108810000000000079e-11
6.230000000000000426e+00 1.060970000000000072e-11
6.250000000000000000e+00 1.014229999999999971e-11
6.269999999999999574e+00 9.686750000000000503e-12
6.290000000000000036e+00 9.243399999999999973e-12
6.309999999999999609e+00 8.812489999999999339e-12
6.330000000000000071e+00 8.394799999999999732e-12
6.349999999999999645e+00 7.990410000000000483e-12
6.370000000000000107e+00 7.599509999999999796e-12
6.389999999999999680e+00 7.222230000000000014e-12
6.410000000000000142e+00 6.858659999999999777e-12
6.429999999999999716e+00 6.508770000000000346e-12
6.450000000000000178e+00 6.172500000000000205e-12
6.469999999999999751e+00 5.849739999999999669e-12
6.490000000000000213e+00 5.540340000000000200e-12
6.509999999999999787e+00 5.244100000000000243e-12
6.530000000000000249e+00 4.960749999999999839e-12
6.549999999999999822e+00 4.690050000000000195e-12
6.570000000000000284e+00 4.431710000000000309e-12
6.589999999999999858e+00 4.185390000000000203e-12
6.610000000000000320e+00 3.950760000000000020e-12
6.629999999999999893e+00 3.727469999999999666e-12
6.650000000000000355e+00 3.515169999999999854e-12
6.669999999999999929e+00 3.313470000000000017e-12
6.690000000000000391e+00 3.122020000000000060e-12
6.709999999999999964e+00 2.940399999999999870e-12
6.730000000000000426e+00 2.768260000000000162e-12
6.750000000000000000e+00 2.605199999999999845e-12
6.769999999999999574e+00 2.450859999999999919e-12
6.790000000000000036e+00 2.304859999999999935e-12
6.809999999999999609e+00 2.166840000000000085e-12
6.830000000000000071e+00 2.036430000000000038e-12
6.849999999999999645e+00 1.913280000000000103e-12
6.870000000000000107e+00 1.797060000000000019e-12
6.889999999999999680e+00 1.687420000000000094e-12
6.910000000000000142e+00 1.584039999999999983e-12
6.929999999999999716e+00 1.486619999999999980e-12
6.950000000000000178e+00 1.394839999999999941e-12
6.969999999999999751e+00 1.308419999999999993e-12
6.990000000000000213e+00 1.227080000000000058e-12
7.009999999999999787e+00 1.150549999999999980e-12
7.030000000000000249e+00 1.078560000000000001e-12
7.049999999999999822e+00 1.010880000000000030e-12
7.070000000000000284e+00 9.472710000000000336e-13
7.089999999999999858e+00 8.874990000000000334e-13
7.110000000000000320e+00 8.313550000000000457e-13
7.129999999999999893e+00 7.786339999999999718e-13
7.150000000000000355e+00 7.291389999999999893e-13
7.169999999999999929e+00 6.826869999999999768e-13
7.190000000000000391e+00 6.391010000000000452e-13
7.209999999999999964e+00 5.982149999999999910e-13
7.230000000000000426e+00 5.598690000000000451e-13
7.259999999999999787e+00 5.239140000000000231e-13
7.280000000000000249e+00 4.902090000000000168e-13
7.299999999999999822e+00 4.586469999999999540e-13
7.320000000000000284e+00 4.290439999999999942e-13
7.339999999999999858e+00 4.013119999999999767e-13
7.360000000000000320e+00 3.753390000000000226e-13
7.379999999999999893e+00 3.510180000000000094e-13
7.400000000000000355e+00 3.282460000000000031e-13
7.419999999999999929e+00 3.069299999999999856e-13
7.440000000000000391e+00 2.869789999999999831e-13
7.459999999999999964e+00 2.683090000000000233e-13
7.480000000000000426e+00 2.508389999999999978e-13
7.500000000000000000e+00 2.344960000000000239e-13
7.519999999999999574e+00 2.192090000000000104e-13
7.540000000000000036e+00 2.049120000000000007e-13
7.559999999999999609e+00 1.915429999999999998e-13
7.580000000000000071e+00 1.790430000000000026e-13
7.599999999999999645e+00 1.673580000000000125e-13
7.620000000000000107e+00 1.564369999999999977e-13
7.639999999999999680e+00 1.462299999999999989e-13
7.660000000000000142e+00 1.366940000000000080e-13
7.679999999999999716e+00 1.277849999999999952e-13
7.700000000000000178e+00 1.194629999999999929e-13
7.719999999999999751e+00 1.116919999999999950e-13
7.740000000000000213e+00 1.044370000000000047e-13
7.759999999999999787e+00 9.766309999999999459e-14
7.780000000000000249e+00 9.134140000000000548e-14
7.799999999999999822e+00 8.544230000000000237e-14
7.820000000000000284e+00 7.993909999999999610e-14
7.839999999999999858e+00 7.480599999999999952e-14
7.860000000000000320e+00 7.001970000000000456e-14
7.879999999999999893e+00 6.555760000000000330e-14
7.900000000000000355e+00 6.139899999999999919e-14
7.919999999999999929e+00 5.752429999999999956e-14
7.940000000000000391e+00 5.391529999999999949e-14
7.959999999999999964e+00 5.055460000000000150e-14
7.980000000000000426e+00 4.742649999999999865e-14
8.000000000000000000e+00 4.451580000000000127e-14
8.019999999999999574e+00 4.180839999999999834e-14
8.039999999999999147e+00 3.929120000000000074e-14
8.060000000000000497e+00 3.695180000000000063e-14
8.080000000000000071e+00 3.477890000000000037e-14
8.099999999999999645e+00 3.276129999999999693e-14
8.119999999999999218e+00 3.088920000000000029e-14
8.140000000000000568e+00 2.915299999999999705e-14
8.160000000000000142e+00 2.754379999999999922e-14
8.179999999999999716e+00 2.605340000000000009e-14
8.199999999999999289e+00 2.467399999999999980e-14
8.220000000000000639e+00 2.339840000000000092e-14
8.240000000000000213e+00 2.221980000000000027e-14
8.259999999999999787e+00 2.113180000000000153e-14
8.279999999999999361e+00 2.012839999999999946e-14
8.300000000000000711e+00 1.920139999999999998e-14
8.320000000000000284e+00 1.835050000000000029e-14
8.339999999999999858e+00 1.756860000000000074e-14
8.359999999999999432e+00 1.685120000000000056e-14
8.380000000000000782e+00 1.619389999999999992e-14
8.400000000000000355e+00 1.559290000000000139e-14
8.419999999999999929e+00 1.504419999999999940e-14
8.439999999999999503e+00 1.454440000000000023e-14
8.460000000000000853e+00 1.409020000000000007e-14
8.480000000000000426e+00 1.367850000000000010e-14
8.500000000000000000e+00 1.330649999999999958e-14
