# log10(T) rate(cm^3/s)
# RecombRates
3.500000000000000000e+00 4.915730000000000098e-13
3.520000000000000018e+00 4.732659999999999748e-13
3.540000000000000036e+00 4.555710000000000184e-13
3.560000000000000053e+00 4.384710000000000206e-13
3.580000000000000071e+00 4.219470000000000195e-13
3.600000000000000089e+00 4.059830000000000181e-13
3.620000000000000107e+00 3.905609999999999753e-13
3.640000000000000124e+00 3.756640000000000238e-13
3.660000000000000142e+00 3.612769999999999862e-13
3.680000000000000160e+00 3.473840000000000170e-13
3.700000000000000178e+00 3.339699999999999896e-13
3.720000000000000195e+00 3.210190000000000077e-13
3.740000000000000213e+00 3.085179999999999886e-13
3.759999999999999787e+00 2.964529999999999789e-13
3.779999999999999805e+00 2.848099999999999749e-13
3.799999999999999822e+00 2.735759999999999947e-13
3.819999999999999840e+00 2.627380000000000059e-13
3.839999999999999858e+00 2.522839999999999982e-13
3.859999999999999876e+00 2.422029999999999829e-13
3.879999999999999893e+00 2.324819999999999781e-13
3.899999999999999911e+00 2.231380000000000030e-13
3.919999999999999929e+00 2.140660000000000039e-13
3.939999999999999947e+00 2.053550000000000120e-13
3.959999999999999964e+00 1.969750000000000013e-13
3.979999999999999982e+00 1.889039999999999946e-13
4.000000000000000000e+00 1.811279999999999881e-13
4.019999999999999574e+00 1.736359999999999934e-13
4.040000000000000036e+00 1.664189999999999899e-13
4.059999999999999609e+00 1.594700000000000011e-13
4.080000000000000071e+00 1.527800000000000063e-13
4.099999999999999645e+00 1.463439999999999972e-13
4.120000000000000107e+00 1.401530000000000037e-13
4.139999999999999680e+00 1.341999999999999987e-13
4.160000000000000142e+00 1.284790000000000021e-13
4.179999999999999716e+00 1.229809999999999937e-13
4.200000000000000178e+00 1.176989999999999966e-13
4.219999999999999751e+00 1.126270000000000057e-13
4.240000000000000213e+00 1.077569999999999971e-13
4.259999999999999787e+00 1.030830000000000036e-13
4.280000000000000249e+00 9.860020000000000581e-14
4.299999999999999822e+00 9.428079999999999798e-14
4.320000000000000284e+00 9.017159999999999819e-14
4.339999999999999858e+00 8.625029999999999499e-14
4.360000000000000320e+00 8.252939999999999719e-14
4.379999999999999893e+00 7.902930000000000486e-14
4.400000000000000355e+00 7.578019999999999551e-14
4.419999999999999929e+00 7.282740000000000480e-14
4.440000000000000391e+00 7.023419999999999572e-14
4.459999999999999964e+00 6.808729999999999706e-14
4.480000000000000426e+00 6.650030000000000342e-14
4.500000000000000000e+00 6.561819999999999802e-14
4.519999999999999574e+00 6.561959999999999840e-14
4.540000000000000036e+00 6.671890000000000109e-14
4.559999999999999609e+00 6.916610000000000504e-14
4.580000000000000071e+00 7.324420000000000006e-14
4.599999999999999645e+00 7.926520000000000540e-14
4.620000000000000107e+00 8.756190000000000629e-14
4.639999999999999680e+00 9.847959999999999671e-14
4.660000000000000142e+00 1.123639999999999996e-13
4.679999999999999716e+00 1.295479999999999949e-13
4.700000000000000178e+00 1.503370000000000035e-13
4.719999999999999751e+00 1.749940000000000064e-13
4.740000000000000213e+00 2.037279999999999878e-13
4.769999999999999574e+00 2.366789999999999854e-13
4.790000000000000036e+00 2.739060000000000044e-13
4.809999999999999609e+00 3.153829999999999800e-13
4.830000000000000071e+00 3.609909999999999812e-13
4.849999999999999645e+00 4.105169999999999864e-13
4.870000000000000107e+00 4.636529999999999632e-13
4.889999999999999680e+00 5.200089999999999504e-13
4.910000000000000142e+00 5.790680000000000323e-13
4.929999999999999716e+00 6.403740000000000136e-13
4.950000000000000178e+00 7.032839999999999949e-13
4.969999999999999751e+00 7.671680000000000083e-13
4.990000000000000213e+00 8.313670000000000057e-13
5.009999999999999787e+00 8.952090000000000077e-13
5.030000000000000249e+00 9.580279999999999645e-13
5.049999999999999822e+00 1.019169999999999988e-12
5.070000000000000284e+00 1.078030000000000002e-12
5.089999999999999858e+00 1.134029999999999965e-12
5.110000000000000320e+00 1.186640000000000081e-12
5.129999999999999893e+00 1.235420000000000001e-12
5.150000000000000355e+00 1.279959999999999930e-12
5.169999999999999929e+00 1.319950000000000045e-12
5.190000000000000391e+00 1.355129999999999902e-12
5.209999999999999964e+00 1.385319999999999998e-12
5.230000000000000426e+00 1.410410000000000046e-12
5.250000000000000000e+00 1.430359999999999976e-12
5.269999999999999574e+00 1.445179999999999907e-12
5.290000000000000036e+00 1.454949999999999975e-12
5.309999999999999609e+00 1.459800000000000101e-12
5.330000000000000071e+00 1.459889999999999952e-12
5.349999999999999645e+00 1.455439999999999905e-12
5.370000000000000107e+00 1.446680000000000052e-12
5.389999999999999680e+00 1.433879999999999945e-12
5.410000000000000142e+00 1.417340000000000098e-12
5.429999999999999716e+00 1.397350000000000099e-12
5.450000000000000178e+00 1.374230000000000093e-12
5.469999999999999751e+00 1.348289999999999902e-12
5.490000000000000213e+00 1.319850000000000076e-12
5.509999999999999787e+00 1.289209999999999916e-12
5.530000000000000249e+00 1.256689999999999970e-12
5.549999999999999822e+00 1.222569999999999909e-12
5.570000000000000284e+00 1.187139999999999928e-12
5.589999999999999858e+00 1.150660000000000067e-12
5.610000000000000320e+00 1.113380000000000048e-12
5.629999999999999893e+00 1.075549999999999996e-12
5.650000000000000355e+00 1.037370000000000052e-12
5.669999999999999929e+00 9.990549999999999269e-13
5.690000000000000391e+00 9.607759999999999847e-13
5.709999999999999964e+00 9.227020000000000401e-13
5.730000000000000426e+00 8.849830000000000470e-13
5.750000000000000000e+00 8.477499999999999975e-13
5.769999999999999574e+00 8.111159999999999943e-13
5.790000000000000036e+00 7.751859999999999646e-13
5.809999999999999609e+00 7.400440000000000322e-13
5.830000000000000071e+00 7.057630000000000291e-13
5.849999999999999645e+00 6.724040000000000296e-13
5.870000000000000107e+00 6.400189999999999611e-13
5.889999999999999680e+00 6.086440000000000064e-13
5.910000000000000142e+00 5.783139999999999731e-13
5.929999999999999716e+00 5.490389999999999792e-13
5.950000000000000178e+00 5.208379999999999866e-13
5.969999999999999751e+00 4.937170000000000257e-13
5.990000000000000213e+00 4.676729999999999804e-13
6.009999999999999787e+00 4.427009999999999935e-13
6.030000000000000249e+00 4.187899999999999755e-13
6.049999999999999822e+00 3.959260000000000237e-13
6.070000000000000284e+00 3.740870000000000094e-13
6.089999999999999858e+00 3.532540000000000213e-13
6.110000000000000320e+00 3.334009999999999947e-13
6.129999999999999893e+00 3.145029999999999878e-13
6.150000000000000355e+00 2.965299999999999997e-13
6.169999999999999929e+00 2.794530000000000008e-13
6.190000000000000391e+00 2.632439999999999838e-13
6.209999999999999964e+00 2.478690000000000114e-13
6.230000000000000426e+00 2.332979999999999819e-13
6.250000000000000000e+00 2.194990000000000021e-13
6.269999999999999574e+00 2.064419999999999952e-13
6.290000000000000036e+00 1.940939999999999957e-13
6.309999999999999609e+00 1.824250000000000027e-13
6.330000000000000071e+00 1.714029999999999968e-13
6.349999999999999645e+00 1.610009999999999922e-13
6.370000000000000107e+00 1.511879999999999915e-13
6.389999999999999680e+00 1.419349999999999905e-13
6.410000000000000142e+00 1.332160000000000000e-13
6.429999999999999716e+00 1.250040000000000094e-13
6.450000000000000178e+00 1.172730000000000043e-13
6.469999999999999751e+00 1.099969999999999957e-13
6.490000000000000213e+00 1.031539999999999939e-13
6.509999999999999787e+00 9.672000000000000338e-14
6.530000000000000249e+00 9.067279999999999458e-14
6.549999999999999822e+00 8.499149999999999434e-14
6.570000000000000284e+00 7.965610000000000629e-14
6.589999999999999858e+00 7.464720000000000175e-14
6.610000000000000320e+00 6.994619999999999735e-14
6.629999999999999893e+00 6.553589999999999745e-14
6.650000000000000355e+00 6.139960000000000476e-14
6.669999999999999929e+00 5.752140000000000418e-14
6.690000000000000391e+00 5.388620000000000065e-14
6.709999999999999964e+00 5.047990000000000208e-14
6.730000000000000426e+00 4.728890000000000209e-14
6.750000000000000000e+00 4.430050000000000268e-14
6.769999999999999574e+00 4.150249999999999784e-14
6.790000000000000036e+00 3.888350000000000163e-14
6.809999999999999609e+00 3.643260000000000119e-14
6.830000000000000071e+00 3.413979999999999833e-14
6.849999999999999645e+00 3.199510000000000116e-14
6.870000000000000107e+00 2.998969999999999741e-14
6.889999999999999680e+00 2.811499999999999872e-14
6.910000000000000142e+00 2.636219999999999911e-14
6.929999999999999716e+00 2.472480000000000134e-14
6.950000000000000178e+00 2.319520000000000109e-14
6.969999999999999751e+00 2.176660000000000151e-14
6.990000000000000213e+00 2.043279999999999865e-14
7.009999999999999787e+00 1.918760000000000121e-14
7.030000000000000249e+00 1.802549999999999915e-14
7.049999999999999822e+00 1.694120000000000005e-14
7.070000000000000284e+00 1.592979999999999943e-14
7.089999999999999858e+00 1.498660000000000099e-14
7.110000000000000320e+00 1.410729999999999950e-14
7.129999999999999893e+00 1.328779999999999949e-14
7.150000000000000355e+00 1.252410000000000012e-14
7.169999999999999929e+00 1.181270000000000043e-14
7.190000000000000391e+00 1.115029999999999977e-14
7.209999999999999964e+00 1.053360000000000061e-14
7.230000000000000426e+00 9.959600000000000357e-15
7.259999999999999787e+00 9.425620000000000307e-15
7.280000000000000249e+00 8.929019999999999297e-15
7.299999999999999822e+00 8.467320000000000492e-15
7.320000000000000284e+00 8.038229999999999667e-15
7.339999999999999858e+00 7.639610000000000301e-15
7.360000000000000320e+00 7.269459999999999602e-15
7.379999999999999893e+00 6.925879999999999647e-15
7.400000000000000355e+00 6.607099999999999622e-15
7.419999999999999929e+00 6.311469999999999984e-15
7.440000000000000391e+00 6.037460000000000093e-15
7.459999999999999964e+00 5.783610000000000119e-15
7.480000000000000426e+00 5.548570000000000150e-15
7.500000000000000000e+00 5.331060000000000289e-15
7.519999999999999574e+00 5.129930000000000115e-15
7.540000000000000036e+00 4.944029999999999994e-15
7.559999999999999609e+00 4.772350000000000328e-15
7.580000000000000071e+00 4.613910000000000065e-15
7.599999999999999645e+00 4.467799999999999748e-15
7.620000000000000107e+00 4.333179999999999938e-15
7.639999999999999680e+00 4.209250000000000309e-15
7.660000000000000142e+00 4.095279999999999761e-15
7.679999999999999716e+00 3.990559999999999905e-15
7.700000000000000178e+00 3.894459999999999783e-15
7.719999999999999751e+00 3.806359999999999791e-15
7.740000000000000213e+00 3.725710000000000344e-15
7.759999999999999787e+00 3.651960000000000280e-15
7.780000000000000249e+00 3.584639999999999809e-15
7.799999999999999822e+00 3.523270000000000155e-15
7.820000000000000284e+00 3.467419999999999849e-15
7.839999999999999858e+00 3.416700000000000082e-15
7.860000000000000320e+00 3.370729999999999850e-15
7.879999999999999893e+00 3.329150000000000069e-15
7.900000000000000355e+00 3.291629999999999807e-15
7.919999999999999929e+00 3.257879999999999998e-15
7.940000000000000391e+00 3.227610000000000001e-15
7.959999999999999964e+00 3.200540000000000135e-15
7.980000000000000426e+00 3.176440000000000000e-15
8.000000000000000000e+00 3.155060000000000035e-15
8.019999999999999574e+00 3.136190000000000184e-15
8.039999999999999147e+00 3.119630000000000167e-15
8.060000000000000497e+00 3.105189999999999878e-15
8.080000000000000071e+00 3.092690000000000167e-15
8.099999999999999645e+00 3.081969999999999867e-15
8.119999999999999218e+00 3.072879999999999950e-15
8.140000000000000568e+00 3.065269999999999813e-15
8.160000000000000142e+00 3.059020000000000155e-15
8.179999999999999716e+00 3.053990000000000150e-15
8.199999999999999289e+00 3.050080000000000053e-15
8.220000000000000639e+00 3.047170000000000169e-15
8.240000000000000213e+00 3.045170000000000137e-15
8.259999999999999787e+00 3.043979999999999816e-15
8.279999999999999361e+00 3.043519999999999804e-15
8.300000000000000711e+00 3.043700000000000135e-15
8.320000000000000284e+00 3.044460000000000171e-15
8.339999999999999858e+00 3.045720000000000116e-15
8.359999999999999432e+00 3.047409999999999952e-15
8.380000000000000782e+00 3.049490000000000175e-15
8.400000000000000355e+00 3.051889999999999978e-15
8.419999999999999929e+00 3.054560000000000078e-15
8.439999999999999503e+00 3.057460000000000185e-15
8.460000000000000853e+00 3.060539999999999832e-15
8.480000000000000426e+00 3.063750000000000135e-15
8.500000000000000000e+00 3.067069999999999960e-15
