# log10(T) rate(cm^3/s)
# RecombRates
3.500000000000000000e+00 9.201820000000000387e-11
3.520000000000000018e+00 8.804959999999999753e-11
3.540000000000000036e+00 8.422069999999999797e-11
3.560000000000000053e+00 8.053369999999999560e-11
3.580000000000000071e+00 7.698970000000000505e-11
3.600000000000000089e+00 7.358859999999999443e-11
3.620000000000000107e+00 7.032930000000000083e-11
3.640000000000000124e+00 6.720990000000000021e-11
3.660000000000000142e+00 6.422769999999999783e-11
3.680000000000000160e+00 6.137949999999999468e-11
3.700000000000000178e+00 5.866170000000000640e-11
3.720000000000000195e+00 5.607039999999999825e-11
3.740000000000000213e+00 5.360120000000000227e-11
3.759999999999999787e+00 5.124969999999999881e-11
3.779999999999999805e+00 4.901130000000000140e-11
3.799999999999999822e+00 4.688149999999999729e-11
3.819999999999999840e+00 4.485540000000000131e-11
3.839999999999999858e+00 4.292860000000000027e-11
3.859999999999999876e+00 4.109630000000000211e-11
3.879999999999999893e+00 3.935410000000000010e-11
3.899999999999999911e+00 3.769760000000000044e-11
3.919999999999999929e+00 3.612260000000000200e-11
3.939999999999999947e+00 3.462479999999999762e-11
3.959999999999999964e+00 3.320029999999999779e-11
3.979999999999999982e+00 3.184520000000000006e-11
4.000000000000000000e+00 3.055590000000000069e-11
4.019999999999999574e+00 2.932880000000000242e-11
4.040000000000000036e+00 2.816069999999999975e-11
4.059999999999999609e+00 2.704820000000000101e-11
4.080000000000000071e+00 2.598829999999999984e-11
4.099999999999999645e+00 2.497819999999999872e-11
4.120000000000000107e+00 2.401510000000000013e-11
4.139999999999999680e+00 2.309639999999999921e-11
4.160000000000000142e+00 2.221960000000000036e-11
4.179999999999999716e+00 2.138250000000000022e-11
4.200000000000000178e+00 2.058289999999999866e-11
4.219999999999999751e+00 1.981870000000000157e-11
4.240000000000000213e+00 1.908810000000000063e-11
4.259999999999999787e+00 1.838939999999999998e-11
4.280000000000000249e+00 1.772090000000000055e-11
4.299999999999999822e+00 1.708140000000000111e-11
4.320000000000000284e+00 1.646970000000000039e-11
4.339999999999999858e+00 1.588489999999999909e-11
4.360000000000000320e+00 1.532630000000000024e-11
4.379999999999999893e+00 1.479380000000000104e-11
4.400000000000000355e+00 1.428730000000000032e-11
4.419999999999999929e+00 1.380730000000000075e-11
4.440000000000000391e+00 1.335470000000000003e-11
4.459999999999999964e+00 1.293080000000000060e-11
4.480000000000000426e+00 1.253739999999999947e-11
4.500000000000000000e+00 1.217670000000000001e-11
4.519999999999999574e+00 1.185100000000000029e-11
4.540000000000000036e+00 1.156309999999999947e-11
4.559999999999999609e+00 1.131579999999999991e-11
4.580000000000000071e+00 1.111209999999999988e-11
4.599999999999999645e+00 1.095470000000000057e-11
4.620000000000000107e+00 1.084609999999999919e-11
4.639999999999999680e+00 1.078829999999999998e-11
4.660000000000000142e+00 1.078289999999999922e-11
4.679999999999999716e+00 1.083069999999999988e-11
4.700000000000000178e+00 1.093160000000000080e-11
4.719999999999999751e+00 1.108499999999999972e-11
4.740000000000000213e+00 1.128890000000000050e-11
4.769999999999999574e+00 1.154079999999999945e-11
4.790000000000000036e+00 5.412350000000000056e-12
4.809999999999999609e+00 5.983300000000000163e-12
4.830000000000000071e+00 6.583139999999999755e-12
4.849999999999999645e+00 7.206530000000000394e-12
4.870000000000000107e+00 7.847690000000000057e-12
4.889999999999999680e+00 8.500469999999999624e-12
4.910000000000000142e+00 9.158810000000000230e-12
4.929999999999999716e+00 9.816459999999999957e-12
4.950000000000000178e+00 1.046740000000000041e-11
4.969999999999999751e+00 1.110589999999999936e-11
4.990000000000000213e+00 1.172669999999999930e-11
5.009999999999999787e+00 1.232490000000000052e-11
5.030000000000000249e+00 1.289639999999999986e-11
5.049999999999999822e+00 1.343760000000000001e-11
5.070000000000000284e+00 1.394539999999999993e-11
5.089999999999999858e+00 1.441749999999999991e-11
5.110000000000000320e+00 1.485190000000000056e-11
5.129999999999999893e+00 1.524740000000000064e-11
5.150000000000000355e+00 1.560319999999999878e-11
5.169999999999999929e+00 1.591880000000000039e-11
5.190000000000000391e+00 1.619419999999999899e-11
5.209999999999999964e+00 1.642969999999999976e-11
5.230000000000000426e+00 1.662570000000000094e-11
5.250000000000000000e+00 1.678299999999999907e-11
5.269999999999999574e+00 1.690220000000000123e-11
5.290000000000000036e+00 1.698459999999999853e-11
5.309999999999999609e+00 1.703100000000000043e-11
5.330000000000000071e+00 1.704259999999999849e-11
5.349999999999999645e+00 1.702050000000000083e-11
5.370000000000000107e+00 1.696610000000000139e-11
5.389999999999999680e+00 1.688039999999999904e-11
5.410000000000000142e+00 1.676490000000000019e-11
5.429999999999999716e+00 1.662070000000000005e-11
5.450000000000000178e+00 1.644940000000000138e-11
5.469999999999999751e+00 1.625229999999999851e-11
5.490000000000000213e+00 1.603090000000000109e-11
5.509999999999999787e+00 1.578669999999999937e-11
5.530000000000000249e+00 1.552119999999999974e-11
5.549999999999999822e+00 1.523610000000000129e-11
5.570000000000000284e+00 1.493290000000000072e-11
5.589999999999999858e+00 1.461330000000000035e-11
5.610000000000000320e+00 1.427889999999999967e-11
5.629999999999999893e+00 1.393160000000000013e-11
5.650000000000000355e+00 1.357290000000000005e-11
5.669999999999999929e+00 1.320440000000000056e-11
5.690000000000000391e+00 1.282799999999999987e-11
5.709999999999999964e+00 1.244509999999999995e-11
5.730000000000000426e+00 1.205739999999999990e-11
5.750000000000000000e+00 1.166639999999999965e-11
5.769999999999999574e+00 1.127349999999999957e-11
5.790000000000000036e+00 1.088010000000000006e-11
5.809999999999999609e+00 1.048759999999999986e-11
5.830000000000000071e+00 1.009710000000000067e-11
5.849999999999999645e+00 9.709909999999999366e-12
5.870000000000000107e+00 9.326830000000000558e-12
5.889999999999999680e+00 8.949119999999999737e-12
5.910000000000000142e+00 8.577500000000000559e-12
5.929999999999999716e+00 8.212800000000000709e-12
5.950000000000000178e+00 7.855720000000000377e-12
5.969999999999999751e+00 7.506849999999999260e-12
5.990000000000000213e+00 7.166729999999999695e-12
6.009999999999999787e+00 6.835790000000000299e-12
6.030000000000000249e+00 6.514399999999999788e-12
6.049999999999999822e+00 6.202849999999999969e-12
6.070000000000000284e+00 5.901350000000000093e-12
6.089999999999999858e+00 5.610069999999999742e-12
6.110000000000000320e+00 5.329089999999999863e-12
6.129999999999999893e+00 5.058470000000000356e-12
6.150000000000000355e+00 4.798180000000000059e-12
6.169999999999999929e+00 4.548180000000000114e-12
6.190000000000000391e+00 4.308370000000000149e-12
6.209999999999999964e+00 4.078639999999999673e-12
6.230000000000000426e+00 3.858799999999999673e-12
6.250000000000000000e+00 3.648689999999999875e-12
6.269999999999999574e+00 3.448079999999999985e-12
6.290000000000000036e+00 3.256740000000000116e-12
6.309999999999999609e+00 3.074429999999999856e-12
6.330000000000000071e+00 2.900880000000000055e-12
6.349999999999999645e+00 2.735819999999999949e-12
6.370000000000000107e+00 2.578979999999999983e-12
6.389999999999999680e+00 2.430050000000000132e-12
6.410000000000000142e+00 2.288770000000000152e-12
6.429999999999999716e+00 2.154830000000000018e-12
6.450000000000000178e+00 2.027939999999999940e-12
6.469999999999999751e+00 1.907819999999999842e-12
6.490000000000000213e+00 1.794170000000000018e-12
6.509999999999999787e+00 1.686719999999999905e-12
6.530000000000000249e+00 1.585190000000000034e-12
6.549999999999999822e+00 1.489299999999999925e-12
6.570000000000000284e+00 1.398800000000000058e-12
6.589999999999999858e+00 1.313420000000000072e-12
6.610000000000000320e+00 1.232910000000000045e-12
6.629999999999999893e+00 1.157029999999999968e-12
6.650000000000000355e+00 1.085549999999999954e-12
6.669999999999999929e+00 1.018239999999999910e-12
6.690000000000000391e+00 9.548790000000000957e-13
6.709999999999999964e+00 8.952650000000000228e-13
6.730000000000000426e+00 8.391979999999999548e-13
6.750000000000000000e+00 7.864820000000000409e-13
6.769999999999999574e+00 7.369339999999999576e-13
6.790000000000000036e+00 6.903800000000000330e-13
6.809999999999999609e+00 6.466539999999999626e-13
6.830000000000000071e+00 6.055940000000000346e-13
6.849999999999999645e+00 5.670660000000000396e-13
6.870000000000000107e+00 5.308920000000000162e-13
6.889999999999999680e+00 4.969549999999999762e-13
6.910000000000000142e+00 4.651240000000000283e-13
6.929999999999999716e+00 4.352749999999999805e-13
6.950000000000000178e+00 4.072920000000000178e-13
6.969999999999999751e+00 3.810639999999999806e-13
6.990000000000000213e+00 3.564870000000000137e-13
7.009999999999999787e+00 3.334590000000000032e-13
7.030000000000000249e+00 3.118899999999999968e-13
7.049999999999999822e+00 2.916899999999999920e-13
7.070000000000000284e+00 2.727739999999999947e-13
7.089999999999999858e+00 2.550660000000000059e-13
7.110000000000000320e+00 2.384899999999999764e-13
7.129999999999999893e+00 2.229780000000000067e-13
7.150000000000000355e+00 2.084629999999999923e-13
7.169999999999999929e+00 1.948829999999999886e-13
7.190000000000000391e+00 1.821800000000000123e-13
7.209999999999999964e+00 1.702999999999999913e-13
7.230000000000000426e+00 1.591909999999999979e-13
7.259999999999999787e+00 1.488039999999999938e-13
7.280000000000000249e+00 1.390940000000000029e-13
7.299999999999999822e+00 1.300189999999999885e-13
7.320000000000000284e+00 1.215380000000000118e-13
7.339999999999999858e+00 1.136139999999999943e-13
7.360000000000000320e+00 1.062110000000000056e-13
7.379999999999999893e+00 9.929609999999999884e-14
7.400000000000000355e+00 9.283800000000000538e-14
7.419999999999999929e+00 8.680769999999999573e-14
7.440000000000000391e+00 8.117790000000000037e-14
7.459999999999999964e+00 7.592279999999999432e-14
7.480000000000000426e+00 7.101820000000000530e-14
7.500000000000000000e+00 6.644170000000000203e-14
7.519999999999999574e+00 6.217219999999999685e-14
7.540000000000000036e+00 5.818989999999999523e-14
7.559999999999999609e+00 5.447599999999999931e-14
7.580000000000000071e+00 5.101350000000000270e-14
7.599999999999999645e+00 4.778580000000000273e-14
7.620000000000000107e+00 4.477789999999999896e-14
7.639999999999999680e+00 4.197530000000000190e-14
7.660000000000000142e+00 3.936489999999999719e-14
7.679999999999999716e+00 3.693389999999999851e-14
7.700000000000000178e+00 3.467090000000000098e-14
7.719999999999999751e+00 3.256470000000000158e-14
7.740000000000000213e+00 3.060520000000000120e-14
7.759999999999999787e+00 2.878269999999999811e-14
7.780000000000000249e+00 2.708830000000000119e-14
7.799999999999999822e+00 2.551359999999999869e-14
7.820000000000000284e+00 2.405069999999999932e-14
7.839999999999999858e+00 2.269230000000000154e-14
7.860000000000000320e+00 2.142989999999999901e-14
7.879999999999999893e+00 2.026000000000000026e-14
7.900000000000000355e+00 1.917519999999999967e-14
7.919999999999999929e+00 1.817010000000000075e-14
7.940000000000000391e+00 1.723919999999999976e-14
7.959999999999999964e+00 1.637759999999999854e-14
7.980000000000000426e+00 1.558079999999999948e-14
8.000000000000000000e+00 1.484439999999999958e-14
8.019999999999999574e+00 1.416439999999999958e-14
8.039999999999999147e+00 1.353700000000000047e-14
8.060000000000000497e+00 1.295880000000000066e-14
8.080000000000000071e+00 1.242630000000000078e-14
8.099999999999999645e+00 1.193660000000000073e-14
8.119999999999999218e+00 1.148669999999999947e-14
8.140000000000000568e+00 1.107399999999999969e-14
8.160000000000000142e+00 1.069579999999999997e-14
8.179999999999999716e+00 1.034990000000000041e-14
8.199999999999999289e+00 1.003409999999999950e-14
8.220000000000000639e+00 9.746260000000000721e-15
8.240000000000000213e+00 9.484480000000000636e-15
8.259999999999999787e+00 9.246930000000000553e-15
8.279999999999999361e+00 9.031949999999999572e-15
8.300000000000000711e+00 8.837940000000000192e-15
8.320000000000000284e+00 8.663430000000000439e-15
8.339999999999999858e+00 8.507029999999999712e-15
8.359999999999999432e+00 8.367459999999999694e-15
8.380000000000000782e+00 8.243520000000000287e-15
8.400000000000000355e+00 8.134060000000000280e-15
8.419999999999999929e+00 8.038029999999999388e-15
8.439999999999999503e+00 7.954440000000000725e-15
8.460000000000000853e+00 7.882359999999999759e-15
8.480000000000000426e+00 7.820939999999999641e-15
8.500000000000000000e+00 7.769359999999999698e-15
