# log10(T) rate(cm^3/s)
# RecombRates
3.500000000000000000e+00 3.085239999999999887e-12
3.520000000000000018e+00 3.002989999999999910e-12
3.540000000000000036e+00 2.923779999999999887e-12
3.560000000000000053e+00 2.847460000000000067e-12
3.580000000000000071e+00 2.773860000000000057e-12
3.600000000000000089e+00 2.702819999999999988e-12
3.620000000000000107e+00 2.634179999999999990e-12
3.640000000000000124e+00 2.567789999999999906e-12
3.660000000000000142e+00 2.503510000000000103e-12
3.680000000000000160e+00 2.441219999999999972e-12
3.700000000000000178e+00 2.380760000000000046e-12
3.720000000000000195e+00 2.322040000000000070e-12
3.740000000000000213e+00 2.264939999999999839e-12
3.759999999999999787e+00 2.209350000000000072e-12
3.779999999999999805e+00 2.155169999999999994e-12
3.799999999999999822e+00 2.102329999999999989e-12
3.819999999999999840e+00 2.050719999999999970e-12
3.839999999999999858e+00 2.000299999999999868e-12
3.859999999999999876e+00 1.950979999999999831e-12
3.879999999999999893e+00 1.902699999999999960e-12
3.899999999999999911e+00 1.855440000000000018e-12
3.919999999999999929e+00 1.809039999999999933e-12
3.939999999999999947e+00 1.763569999999999926e-12
3.959999999999999964e+00 1.718980000000000012e-12
3.979999999999999982e+00 1.675210000000000089e-12
4.000000000000000000e+00 1.632230000000000003e-12
4.019999999999999574e+00 1.590000000000000091e-12
4.040000000000000036e+00 1.548510000000000033e-12
4.059999999999999609e+00 1.507719999999999961e-12
4.080000000000000071e+00 1.467639999999999995e-12
4.099999999999999645e+00 1.428230000000000065e-12
4.120000000000000107e+00 1.389489999999999969e-12
4.139999999999999680e+00 1.351400000000000078e-12
4.160000000000000142e+00 1.313959999999999987e-12
4.179999999999999716e+00 1.277159999999999982e-12
4.200000000000000178e+00 1.240980000000000029e-12
4.219999999999999751e+00 1.205430000000000045e-12
4.240000000000000213e+00 1.170510000000000028e-12
4.259999999999999787e+00 1.136210000000000063e-12
4.280000000000000249e+00 1.102560000000000100e-12
4.299999999999999822e+00 1.069590000000000090e-12
4.320000000000000284e+00 1.037350000000000018e-12
4.339999999999999858e+00 1.005929999999999935e-12
4.360000000000000320e+00 9.754459999999999615e-13
4.379999999999999893e+00 9.460900000000000612e-13
4.400000000000000355e+00 9.181179999999999861e-13
4.419999999999999929e+00 8.918810000000000041e-13
4.440000000000000391e+00 8.678359999999999788e-13
4.459999999999999964e+00 8.465709999999999679e-13
4.480000000000000426e+00 8.288109999999999507e-13
4.500000000000000000e+00 8.154899999999999916e-13
4.519999999999999574e+00 8.074580000000000315e-13
4.540000000000000036e+00 8.060959999999999814e-13
4.559999999999999609e+00 8.126849999999999849e-13
4.580000000000000071e+00 8.286420000000000349e-13
4.599999999999999645e+00 8.554779999999999622e-13
4.620000000000000107e+00 8.947499999999999992e-13
4.639999999999999680e+00 9.480159999999999461e-13
4.660000000000000142e+00 1.016780000000000036e-12
4.679999999999999716e+00 1.102420000000000062e-12
4.700000000000000178e+00 1.206159999999999982e-12
4.719999999999999751e+00 1.329000000000000093e-12
4.740000000000000213e+00 1.471669999999999928e-12
4.769999999999999574e+00 1.634610000000000039e-12
4.790000000000000036e+00 1.633389999999999970e-12
4.809999999999999609e+00 1.847189999999999927e-12
4.830000000000000071e+00 2.080529999999999820e-12
4.849999999999999645e+00 2.332449999999999821e-12
4.870000000000000107e+00 2.601630000000000093e-12
4.889999999999999680e+00 2.886439999999999967e-12
4.910000000000000142e+00 3.184910000000000007e-12
4.929999999999999716e+00 3.494959999999999882e-12
4.950000000000000178e+00 3.814120000000000312e-12
4.969999999999999751e+00 4.139840000000000261e-12
4.990000000000000213e+00 4.469439999999999987e-12
5.009999999999999787e+00 4.800110000000000233e-12
5.030000000000000249e+00 5.129079999999999790e-12
5.049999999999999822e+00 5.453519999999999970e-12
5.070000000000000284e+00 5.770720000000000275e-12
5.089999999999999858e+00 6.078009999999999867e-12
5.110000000000000320e+00 6.372910000000000155e-12
5.129999999999999893e+00 6.653049999999999808e-12
5.150000000000000355e+00 6.916309999999999637e-12
5.169999999999999929e+00 7.160770000000000395e-12
5.190000000000000391e+00 7.384750000000000012e-12
5.209999999999999964e+00 7.586830000000000298e-12
5.230000000000000426e+00 7.765849999999999671e-12
5.250000000000000000e+00 7.920939999999999972e-12
5.269999999999999574e+00 8.051469999999999417e-12
5.290000000000000036e+00 8.157089999999999526e-12
5.309999999999999609e+00 8.237710000000000045e-12
5.330000000000000071e+00 8.293480000000000321e-12
5.349999999999999645e+00 8.324770000000000686e-12
5.370000000000000107e+00 8.332159999999999910e-12
5.389999999999999680e+00 8.316419999999999818e-12
5.410000000000000142e+00 8.278490000000000200e-12
5.429999999999999716e+00 8.219460000000000198e-12
5.450000000000000178e+00 8.140520000000000133e-12
5.469999999999999751e+00 8.042980000000000126e-12
5.490000000000000213e+00 7.928209999999999395e-12
5.509999999999999787e+00 7.797560000000000148e-12
5.530000000000000249e+00 7.652639999999999591e-12
5.549999999999999822e+00 7.494860000000000640e-12
5.570000000000000284e+00 7.325690000000000464e-12
5.589999999999999858e+00 7.146600000000000264e-12
5.610000000000000320e+00 6.959009999999999849e-12
5.629999999999999893e+00 6.764310000000000285e-12
5.650000000000000355e+00 6.563830000000000315e-12
5.669999999999999929e+00 6.358820000000000162e-12
5.690000000000000391e+00 6.150490000000000382e-12
5.709999999999999964e+00 5.939959999999999663e-12
5.730000000000000426e+00 5.728279999999999902e-12
5.750000000000000000e+00 5.516410000000000321e-12
5.769999999999999574e+00 5.305219999999999885e-12
5.790000000000000036e+00 5.095540000000000318e-12
5.809999999999999609e+00 4.888080000000000312e-12
5.830000000000000071e+00 4.683480000000000154e-12
5.849999999999999645e+00 4.482330000000000349e-12
5.870000000000000107e+00 4.285130000000000341e-12
5.889999999999999680e+00 4.092310000000000361e-12
5.910000000000000142e+00 3.904239999999999932e-12
5.929999999999999716e+00 3.721210000000000054e-12
5.950000000000000178e+00 3.543489999999999879e-12
5.969999999999999751e+00 3.371270000000000033e-12
5.990000000000000213e+00 3.204690000000000151e-12
6.009999999999999787e+00 3.043870000000000034e-12
6.030000000000000249e+00 2.888869999999999988e-12
6.049999999999999822e+00 2.739719999999999962e-12
6.070000000000000284e+00 2.596409999999999839e-12
6.089999999999999858e+00 2.458920000000000189e-12
6.110000000000000320e+00 2.327189999999999901e-12
6.129999999999999893e+00 2.201129999999999932e-12
6.150000000000000355e+00 2.080650000000000025e-12
6.169999999999999929e+00 1.965640000000000094e-12
6.190000000000000391e+00 1.855969999999999815e-12
6.209999999999999964e+00 1.751499999999999958e-12
6.230000000000000426e+00 1.652070000000000048e-12
6.250000000000000000e+00 1.557540000000000046e-12
6.269999999999999574e+00 1.467750000000000082e-12
6.290000000000000036e+00 1.382520000000000050e-12
6.309999999999999609e+00 1.301690000000000081e-12
6.330000000000000071e+00 1.225099999999999899e-12
6.349999999999999645e+00 1.152560000000000089e-12
6.370000000000000107e+00 1.083930000000000007e-12
6.389999999999999680e+00 1.019020000000000034e-12
6.410000000000000142e+00 9.576770000000001006e-13
6.429999999999999716e+00 8.997370000000000465e-13
6.450000000000000178e+00 8.450420000000000458e-13
6.469999999999999751e+00 7.934379999999999559e-13
6.490000000000000213e+00 7.447769999999999677e-13
6.509999999999999787e+00 6.989240000000000014e-13
6.530000000000000249e+00 6.557149999999999984e-13
6.549999999999999822e+00 6.150289999999999838e-13
6.570000000000000284e+00 5.767339999999999940e-13
6.589999999999999858e+00 5.407039999999999950e-13
6.610000000000000320e+00 5.068180000000000120e-13
6.629999999999999893e+00 4.749600000000000280e-13
6.650000000000000355e+00 4.450209999999999775e-13
6.669999999999999929e+00 4.168939999999999904e-13
6.690000000000000391e+00 3.904759999999999812e-13
6.709999999999999964e+00 3.656730000000000111e-13
6.730000000000000426e+00 3.423920000000000116e-13
6.750000000000000000e+00 3.205470000000000174e-13
6.769999999999999574e+00 3.000540000000000057e-13
6.790000000000000036e+00 2.808340000000000128e-13
6.809999999999999609e+00 2.628140000000000048e-13
6.830000000000000071e+00 2.459220000000000198e-13
6.849999999999999645e+00 2.300919999999999752e-13
6.870000000000000107e+00 2.152590000000000120e-13
6.889999999999999680e+00 2.013659999999999924e-13
6.910000000000000142e+00 1.883529999999999902e-13
6.929999999999999716e+00 1.761689999999999989e-13
6.950000000000000178e+00 1.647630000000000119e-13
6.969999999999999751e+00 1.540869999999999875e-13
6.990000000000000213e+00 1.440960000000000001e-13
7.009999999999999787e+00 1.347479999999999879e-13
7.030000000000000249e+00 1.260040000000000051e-13
7.049999999999999822e+00 1.178260000000000020e-13
7.070000000000000284e+00 1.101779999999999976e-13
7.089999999999999858e+00 1.030270000000000011e-13
7.110000000000000320e+00 9.634299999999999903e-14
7.129999999999999893e+00 9.009550000000000470e-14
7.150000000000000355e+00 8.425710000000000355e-14
7.169999999999999929e+00 7.880210000000000306e-14
7.190000000000000391e+00 7.370630000000000573e-14
7.209999999999999964e+00 6.894669999999999994e-14
7.230000000000000426e+00 6.450179999999999431e-14
7.259999999999999787e+00 6.035149999999999785e-14
7.280000000000000249e+00 5.647720000000000193e-14
7.299999999999999822e+00 5.286099999999999811e-14
7.320000000000000284e+00 4.948630000000000266e-14
7.339999999999999858e+00 4.633759999999999786e-14
7.360000000000000320e+00 4.340040000000000054e-14
7.379999999999999893e+00 4.066090000000000247e-14
7.400000000000000355e+00 3.810629999999999839e-14
7.419999999999999929e+00 3.572469999999999771e-14
7.440000000000000391e+00 3.350480000000000280e-14
7.459999999999999964e+00 3.143619999999999912e-14
7.480000000000000426e+00 2.950890000000000112e-14
7.500000000000000000e+00 2.771380000000000001e-14
7.519999999999999574e+00 2.604099999999999855e-14
7.540000000000000036e+00 2.448459999999999873e-14
7.559999999999999609e+00 2.303620000000000147e-14
7.580000000000000071e+00 2.168849999999999892e-14
7.599999999999999645e+00 2.043500000000000014e-14
7.620000000000000107e+00 1.926950000000000122e-14
7.639999999999999680e+00 1.818619999999999878e-14
7.660000000000000142e+00 1.717959999999999856e-14
7.679999999999999716e+00 1.624470000000000145e-14
7.700000000000000178e+00 1.537679999999999853e-14
7.719999999999999751e+00 1.457130000000000073e-14
7.740000000000000213e+00 1.382409999999999995e-14
7.759999999999999787e+00 1.313140000000000034e-14
7.780000000000000249e+00 1.248960000000000005e-14
7.799999999999999822e+00 1.189510000000000035e-14
7.820000000000000284e+00 1.134490000000000021e-14
7.839999999999999858e+00 1.083600000000000016e-14
7.860000000000000320e+00 1.036550000000000011e-14
7.879999999999999893e+00 9.930980000000000298e-15
7.900000000000000355e+00 9.529910000000000272e-15
7.919999999999999929e+00 9.160039999999999647e-15
7.940000000000000391e+00 8.819249999999999882e-15
7.959999999999999964e+00 8.505549999999999538e-15
7.980000000000000426e+00 8.217100000000000146e-15
8.000000000000000000e+00 7.952149999999999657e-15
8.019999999999999574e+00 7.709100000000000569e-15
8.039999999999999147e+00 7.486409999999999311e-15
8.060000000000000497e+00 7.282680000000000238e-15
8.080000000000000071e+00 7.096589999999999615e-15
8.099999999999999645e+00 6.926890000000000032e-15
8.119999999999999218e+00 6.772449999999999834e-15
8.140000000000000568e+00 6.632150000000000296e-15
8.160000000000000142e+00 6.505020000000000141e-15
8.179999999999999716e+00 6.390089999999999672e-15
8.199999999999999289e+00 6.286490000000000118e-15
8.220000000000000639e+00 6.193400000000000020e-15
8.240000000000000213e+00 6.110049999999999957e-15
8.259999999999999787e+00 6.035720000000000187e-15
8.279999999999999361e+00 5.969730000000000075e-15
8.300000000000000711e+00 5.911460000000000018e-15
8.320000000000000284e+00 5.860330000000000309e-15
8.339999999999999858e+00 5.815780000000000009e-15
8.359999999999999432e+00 5.777309999999999997e-15
8.380000000000000782e+00 5.744439999999999919e-15
8.400000000000000355e+00 5.716720000000000328e-15
8.419999999999999929e+00 5.693740000000000101e-15
8.439999999999999503e+00 5.675110000000000033e-15
8.460000000000000853e+00 5.660459999999999686e-15
8.480000000000000426e+00 5.649460000000000099e-15
8.500000000000000000e+00 5.641800000000000286e-15
