# log10(T) rate(cm^3/s)
# RecombRates
3.500000000000000000e+00 8.518310000000000283e-11
3.520000000000000018e+00 8.271589999999999816e-11
3.540000000000000036e+00 8.031710000000000640e-11
3.560000000000000053e+00 7.798500000000000264e-11
3.580000000000000071e+00 7.571770000000000158e-11
3.600000000000000089e+00 7.351350000000000417e-11
3.620000000000000107e+00 7.137069999999999840e-11
3.640000000000000124e+00 6.928759999999999811e-11
3.660000000000000142e+00 6.726259999999999735e-11
3.680000000000000160e+00 6.529419999999999617e-11
3.700000000000000178e+00 6.338080000000000151e-11
3.720000000000000195e+00 6.152090000000000052e-11
3.740000000000000213e+00 5.971309999999999928e-11
3.759999999999999787e+00 5.795589999999999784e-11
3.779999999999999805e+00 5.624810000000000142e-11
3.799999999999999822e+00 5.458819999999999715e-11
3.819999999999999840e+00 5.297500000000000318e-11
3.839999999999999858e+00 5.140719999999999930e-11
3.859999999999999876e+00 4.988359999999999719e-11
3.879999999999999893e+00 4.840290000000000250e-11
3.899999999999999911e+00 4.696400000000000062e-11
3.919999999999999929e+00 4.556580000000000280e-11
3.939999999999999947e+00 4.420710000000000133e-11
3.959999999999999964e+00 4.288690000000000056e-11
3.979999999999999982e+00 4.160409999999999879e-11
4.000000000000000000e+00 4.035779999999999995e-11
4.019999999999999574e+00 3.914680000000000279e-11
4.040000000000000036e+00 3.797019999999999829e-11
4.059999999999999609e+00 3.682720000000000286e-11
4.080000000000000071e+00 3.571670000000000189e-11
4.099999999999999645e+00 3.463799999999999842e-11
4.120000000000000107e+00 3.358999999999999723e-11
4.139999999999999680e+00 3.257200000000000136e-11
4.160000000000000142e+00 3.158310000000000181e-11
4.179999999999999716e+00 3.062270000000000118e-11
4.200000000000000178e+00 2.968969999999999778e-11
4.219999999999999751e+00 2.878360000000000026e-11
4.240000000000000213e+00 2.790359999999999916e-11
4.259999999999999787e+00 2.704890000000000120e-11
4.280000000000000249e+00 2.621879999999999972e-11
4.299999999999999822e+00 2.541280000000000012e-11
4.320000000000000284e+00 2.462999999999999986e-11
4.339999999999999858e+00 2.386990000000000111e-11
4.360000000000000320e+00 2.313180000000000045e-11
4.379999999999999893e+00 2.241520000000000005e-11
4.400000000000000355e+00 2.171939999999999972e-11
4.419999999999999929e+00 2.104389999999999841e-11
4.440000000000000391e+00 2.038799999999999916e-11
4.459999999999999964e+00 1.975130000000000047e-11
4.480000000000000426e+00 1.913319999999999848e-11
4.500000000000000000e+00 1.853319999999999862e-11
4.519999999999999574e+00 1.795079999999999981e-11
4.540000000000000036e+00 1.738550000000000099e-11
4.559999999999999609e+00 1.683680000000000112e-11
4.580000000000000071e+00 1.630419999999999913e-11
4.599999999999999645e+00 1.578739999999999955e-11
4.620000000000000107e+00 1.528579999999999854e-11
4.639999999999999680e+00 1.479910000000000063e-11
4.660000000000000142e+00 1.432679999999999990e-11
4.679999999999999716e+00 1.386849999999999972e-11
4.700000000000000178e+00 1.342380000000000021e-11
4.719999999999999751e+00 1.299239999999999945e-11
4.740000000000000213e+00 1.257379999999999960e-11
4.769999999999999574e+00 1.216779999999999991e-11
4.790000000000000036e+00 1.177389999999999934e-11
4.809999999999999609e+00 1.139180000000000080e-11
4.830000000000000071e+00 1.102060000000000012e-11
4.849999999999999645e+00 1.066049999999999966e-11
4.870000000000000107e+00 1.031130000000000030e-11
4.889999999999999680e+00 9.972630000000000088e-12
4.910000000000000142e+00 9.644199999999999639e-12
4.929999999999999716e+00 9.325730000000000492e-12
4.950000000000000178e+00 9.016939999999999341e-12
4.969999999999999751e+00 8.717530000000000721e-12
4.990000000000000213e+00 8.427239999999999945e-12
5.009999999999999787e+00 8.145819999999999717e-12
5.030000000000000249e+00 7.872999999999999270e-12
5.049999999999999822e+00 7.608540000000000617e-12
5.070000000000000284e+00 7.352199999999999308e-12
5.089999999999999858e+00 7.103739999999999779e-12
5.110000000000000320e+00 6.863060000000000041e-12
5.129999999999999893e+00 6.629490000000000260e-12
5.150000000000000355e+00 6.403399999999999958e-12
5.169999999999999929e+00 6.184299999999999811e-12
5.190000000000000391e+00 5.971999999999999999e-12
5.209999999999999964e+00 5.766299999999999775e-12
5.230000000000000426e+00 5.567010000000000126e-12
5.250000000000000000e+00 5.373959999999999853e-12
5.269999999999999574e+00 5.186959999999999943e-12
5.290000000000000036e+00 5.005840000000000004e-12
5.309999999999999609e+00 4.830429999999999644e-12
5.330000000000000071e+00 4.660570000000000204e-12
5.349999999999999645e+00 4.496099999999999795e-12
5.370000000000000107e+00 4.336849999999999640e-12
5.389999999999999680e+00 4.182679999999999703e-12
5.410000000000000142e+00 4.033429999999999707e-12
5.429999999999999716e+00 3.888979999999999853e-12
5.450000000000000178e+00 3.749159999999999748e-12
5.469999999999999751e+00 3.613839999999999877e-12
5.490000000000000213e+00 3.482910000000000151e-12
5.509999999999999787e+00 3.356220000000000011e-12
5.530000000000000249e+00 3.233639999999999942e-12
5.549999999999999822e+00 3.115069999999999973e-12
5.570000000000000284e+00 3.000380000000000186e-12
5.589999999999999858e+00 2.889449999999999971e-12
5.610000000000000320e+00 2.782180000000000167e-12
5.629999999999999893e+00 2.678450000000000164e-12
5.650000000000000355e+00 2.578179999999999825e-12
5.669999999999999929e+00 2.481240000000000038e-12
5.690000000000000391e+00 2.387540000000000144e-12
5.709999999999999964e+00 2.297180000000000113e-12
5.730000000000000426e+00 2.209399999999999855e-12
5.750000000000000000e+00 2.124840000000000062e-12
5.769999999999999574e+00 2.043249999999999801e-12
5.790000000000000036e+00 1.964480000000000127e-12
5.809999999999999609e+00 1.888420000000000146e-12
5.830000000000000071e+00 1.814970000000000091e-12
5.849999999999999645e+00 1.744109999999999926e-12
5.870000000000000107e+00 1.675779999999999954e-12
5.889999999999999680e+00 1.609970000000000056e-12
5.910000000000000142e+00 1.546669999999999911e-12
5.929999999999999716e+00 1.485899999999999959e-12
5.950000000000000178e+00 1.427709999999999982e-12
5.969999999999999751e+00 1.372160000000000082e-12
5.990000000000000213e+00 1.319339999999999910e-12
6.009999999999999787e+00 1.269389999999999905e-12
6.030000000000000249e+00 1.222480000000000058e-12
6.049999999999999822e+00 1.178809999999999902e-12
6.070000000000000284e+00 1.138609999999999931e-12
6.089999999999999858e+00 1.102149999999999903e-12
6.110000000000000320e+00 1.069509999999999953e-12
6.129999999999999893e+00 1.041519999999999989e-12
6.150000000000000355e+00 1.018019999999999937e-12
6.169999999999999929e+00 9.994390000000000593e-13
6.190000000000000391e+00 9.860599999999999403e-13
6.209999999999999964e+00 9.781060000000000734e-13
6.230000000000000426e+00 9.757509999999999284e-13
6.250000000000000000e+00 9.791040000000000253e-13
6.269999999999999574e+00 9.881919999999999963e-13
6.290000000000000036e+00 1.002960000000000000e-12
6.309999999999999609e+00 1.023249999999999906e-12
6.330000000000000071e+00 1.048830000000000086e-12
6.349999999999999645e+00 1.079339999999999923e-12
6.370000000000000107e+00 1.114370000000000027e-12
6.389999999999999680e+00 1.153380000000000080e-12
6.410000000000000142e+00 1.195809999999999930e-12
6.429999999999999716e+00 1.240989999999999946e-12
6.450000000000000178e+00 1.288230000000000055e-12
6.469999999999999751e+00 1.336810000000000036e-12
6.490000000000000213e+00 1.385990000000000035e-12
6.509999999999999787e+00 1.435039999999999911e-12
6.530000000000000249e+00 1.483220000000000015e-12
6.549999999999999822e+00 1.529859999999999905e-12
6.570000000000000284e+00 1.574289999999999949e-12
6.589999999999999858e+00 1.615929999999999962e-12
6.610000000000000320e+00 1.654249999999999944e-12
6.629999999999999893e+00 1.688779999999999999e-12
6.650000000000000355e+00 1.719120000000000050e-12
6.669999999999999929e+00 1.744979999999999901e-12
6.690000000000000391e+00 1.766099999999999916e-12
6.709999999999999964e+00 1.781950000000000096e-12
6.730000000000000426e+00 1.793130000000000055e-12
6.750000000000000000e+00 1.799229999999999998e-12
6.769999999999999574e+00 1.800350000000000099e-12
6.790000000000000036e+00 1.796580000000000005e-12
6.809999999999999609e+00 1.788100000000000025e-12
6.830000000000000071e+00 1.775090000000000063e-12
6.849999999999999645e+00 1.757789999999999925e-12
6.870000000000000107e+00 1.736449999999999937e-12
6.889999999999999680e+00 1.711370000000000007e-12
6.910000000000000142e+00 1.682839999999999926e-12
6.929999999999999716e+00 1.651169999999999920e-12
6.950000000000000178e+00 1.616690000000000051e-12
6.969999999999999751e+00 1.579720000000000058e-12
6.990000000000000213e+00 1.540590000000000002e-12
7.009999999999999787e+00 1.499609999999999908e-12
7.030000000000000249e+00 1.457080000000000088e-12
7.049999999999999822e+00 1.413309999999999963e-12
7.070000000000000284e+00 1.368570000000000095e-12
7.089999999999999858e+00 1.323139999999999954e-12
7.110000000000000320e+00 1.277270000000000070e-12
7.129999999999999893e+00 1.231180000000000011e-12
7.150000000000000355e+00 1.185080000000000035e-12
7.169999999999999929e+00 1.139170000000000083e-12
7.190000000000000391e+00 1.093630000000000057e-12
7.209999999999999964e+00 1.048620000000000029e-12
7.230000000000000426e+00 1.004269999999999920e-12
7.259999999999999787e+00 9.607149999999999105e-13
7.280000000000000249e+00 9.180539999999999977e-13
7.299999999999999822e+00 8.763789999999999758e-13
7.320000000000000284e+00 8.357669999999999667e-13
7.339999999999999858e+00 7.962830000000000312e-13
7.360000000000000320e+00 7.579780000000000242e-13
7.379999999999999893e+00 7.208910000000000430e-13
7.400000000000000355e+00 6.850490000000000227e-13
7.419999999999999929e+00 6.504729999999999689e-13
7.440000000000000391e+00 6.171750000000000435e-13
7.459999999999999964e+00 5.851569999999999875e-13
7.480000000000000426e+00 5.544150000000000161e-13
7.500000000000000000e+00 5.249390000000000112e-13
7.519999999999999574e+00 4.967160000000000415e-13
7.540000000000000036e+00 4.697250000000000003e-13
7.559999999999999609e+00 4.439420000000000182e-13
7.580000000000000071e+00 4.193430000000000237e-13
7.599999999999999645e+00 3.958960000000000228e-13
7.620000000000000107e+00 3.735710000000000144e-13
7.639999999999999680e+00 3.523340000000000111e-13
7.660000000000000142e+00 3.321509999999999748e-13
7.679999999999999716e+00 3.129850000000000038e-13
7.700000000000000178e+00 2.948020000000000095e-13
7.719999999999999751e+00 2.776050000000000071e-13
7.740000000000000213e+00 2.612759999999999865e-13
7.759999999999999787e+00 2.458220000000000001e-13
7.780000000000000249e+00 2.312079999999999878e-13
7.799999999999999822e+00 2.173969999999999975e-13
7.820000000000000284e+00 2.043529999999999977e-13
7.839999999999999858e+00 1.920410000000000043e-13
7.860000000000000320e+00 1.804270000000000046e-13
7.879999999999999893e+00 1.694759999999999889e-13
7.900000000000000355e+00 1.591580000000000070e-13
7.919999999999999929e+00 1.494389999999999956e-13
7.940000000000000391e+00 1.402900000000000010e-13
7.959999999999999964e+00 1.316829999999999903e-13
7.980000000000000426e+00 1.235879999999999880e-13
8.000000000000000000e+00 1.159800000000000016e-13
8.019999999999999574e+00 1.088330000000000044e-13
8.039999999999999147e+00 1.021220000000000040e-13
8.060000000000000497e+00 9.582319999999999402e-14
8.080000000000000071e+00 8.991549999999999941e-14
8.099999999999999645e+00 8.437659999999999612e-14
8.119999999999999218e+00 7.918659999999999501e-14
8.140000000000000568e+00 7.432570000000000156e-14
8.160000000000000142e+00 6.977580000000000546e-14
8.179999999999999716e+00 6.551929999999999477e-14
8.199999999999999289e+00 6.153960000000000467e-14
8.220000000000000639e+00 5.782070000000000019e-14
8.240000000000000213e+00 5.434799999999999723e-14
8.259999999999999787e+00 5.110679999999999813e-14
8.279999999999999361e+00 4.808410000000000208e-14
8.300000000000000711e+00 4.526659999999999919e-14
8.320000000000000284e+00 4.264260000000000073e-14
8.339999999999999858e+00 4.020070000000000181e-14
8.359999999999999432e+00 3.792990000000000128e-14
8.380000000000000782e+00 3.582020000000000094e-14
8.400000000000000355e+00 3.386189999999999908e-14
8.419999999999999929e+00 3.204589999999999954e-14
8.439999999999999503e+00 3.036359999999999822e-14
8.460000000000000853e+00 2.880700000000000286e-14
8.480000000000000426e+00 2.736830000000000100e-14
8.500000000000000000e+00 2.604039999999999928e-14
