# log10(T) rate(cm^3/s)
# RecombRates
3.500000000000000000e+00 2.084190000000000069e-11
3.520000000000000018e+00 2.082120000000000018e-11
3.540000000000000036e+00 2.085419999999999893e-11
3.560000000000000053e+00 2.093700000000000096e-11
3.580000000000000071e+00 2.106449999999999935e-11
3.600000000000000089e+00 2.123119999999999863e-11
3.620000000000000107e+00 2.143099999999999946e-11
3.640000000000000124e+00 2.165719999999999864e-11
3.660000000000000142e+00 2.190270000000000117e-11
3.680000000000000160e+00 2.216049999999999872e-11
3.700000000000000178e+00 2.242349999999999952e-11
3.720000000000000195e+00 2.268500000000000037e-11
3.740000000000000213e+00 2.293819999999999853e-11
3.759999999999999787e+00 2.317720000000000024e-11
3.779999999999999805e+00 2.339640000000000076e-11
3.799999999999999822e+00 2.359100000000000156e-11
3.819999999999999840e+00 2.375690000000000109e-11
3.839999999999999858e+00 2.389070000000000118e-11
3.859999999999999876e+00 2.398999999999999936e-11
3.879999999999999893e+00 2.405309999999999977e-11
3.899999999999999911e+00 2.407909999999999986e-11
3.919999999999999929e+00 2.406799999999999963e-11
3.939999999999999947e+00 2.402100000000000034e-11
3.959999999999999964e+00 2.393970000000000148e-11
3.979999999999999982e+00 2.382719999999999928e-11
4.000000000000000000e+00 2.368739999999999942e-11
4.019999999999999574e+00 2.352539999999999910e-11
4.040000000000000036e+00 2.334740000000000046e-11
4.059999999999999609e+00 2.316089999999999999e-11
4.080000000000000071e+00 2.297490000000000058e-11
4.099999999999999645e+00 2.279930000000000121e-11
4.120000000000000107e+00 2.264569999999999993e-11
4.139999999999999680e+00 2.252640000000000143e-11
4.160000000000000142e+00 2.245500000000000156e-11
4.179999999999999716e+00 2.244560000000000041e-11
4.200000000000000178e+00 2.251260000000000002e-11
4.219999999999999751e+00 2.267000000000000094e-11
4.240000000000000213e+00 2.293190000000000006e-11
4.259999999999999787e+00 2.331100000000000033e-11
4.280000000000000249e+00 2.381850000000000155e-11
4.299999999999999822e+00 2.446320000000000102e-11
4.320000000000000284e+00 2.525169999999999912e-11
4.339999999999999858e+00 2.618740000000000048e-11
4.360000000000000320e+00 2.727070000000000011e-11
4.379999999999999893e+00 2.849870000000000094e-11
4.400000000000000355e+00 2.986469999999999976e-11
4.419999999999999929e+00 3.135890000000000040e-11
4.440000000000000391e+00 3.296829999999999797e-11
4.459999999999999964e+00 3.467689999999999737e-11
4.480000000000000426e+00 3.646640000000000060e-11
4.500000000000000000e+00 3.831620000000000025e-11
4.519999999999999574e+00 4.020400000000000277e-11
4.540000000000000036e+00 4.210709999999999695e-11
4.559999999999999609e+00 4.400200000000000092e-11
4.580000000000000071e+00 4.586530000000000006e-11
4.599999999999999645e+00 4.767409999999999696e-11
4.620000000000000107e+00 4.940680000000000148e-11
4.639999999999999680e+00 5.104319999999999802e-11
4.660000000000000142e+00 5.256530000000000019e-11
4.679999999999999716e+00 5.395660000000000215e-11
4.700000000000000178e+00 5.520339999999999881e-11
4.719999999999999751e+00 5.629440000000000053e-11
4.740000000000000213e+00 5.722070000000000073e-11
4.769999999999999574e+00 5.797600000000000096e-11
4.790000000000000036e+00 5.855629999999999920e-11
4.809999999999999609e+00 5.896010000000000198e-11
4.830000000000000071e+00 5.918830000000000539e-11
4.849999999999999645e+00 5.924340000000000503e-11
4.870000000000000107e+00 5.912999999999999382e-11
4.889999999999999680e+00 5.885420000000000341e-11
4.910000000000000142e+00 5.842349999999999476e-11
4.929999999999999716e+00 5.784660000000000112e-11
4.950000000000000178e+00 5.713310000000000017e-11
4.969999999999999751e+00 5.629329999999999885e-11
4.990000000000000213e+00 5.533780000000000277e-11
5.009999999999999787e+00 5.427800000000000116e-11
5.030000000000000249e+00 5.312479999999999836e-11
5.049999999999999822e+00 5.188960000000000298e-11
5.070000000000000284e+00 5.058339999999999952e-11
5.089999999999999858e+00 4.921709999999999877e-11
5.110000000000000320e+00 4.780100000000000120e-11
5.129999999999999893e+00 4.634479999999999696e-11
5.150000000000000355e+00 4.485830000000000163e-11
5.169999999999999929e+00 4.335040000000000237e-11
5.190000000000000391e+00 4.182920000000000275e-11
5.209999999999999964e+00 4.030240000000000162e-11
5.230000000000000426e+00 3.877700000000000087e-11
5.250000000000000000e+00 3.725939999999999853e-11
5.269999999999999574e+00 3.575530000000000215e-11
5.290000000000000036e+00 3.426980000000000247e-11
5.309999999999999609e+00 3.280749999999999889e-11
5.330000000000000071e+00 3.137249999999999946e-11
5.349999999999999645e+00 2.996810000000000273e-11
5.370000000000000107e+00 2.859729999999999892e-11
5.389999999999999680e+00 2.726240000000000064e-11
5.410000000000000142e+00 2.596560000000000156e-11
5.429999999999999716e+00 2.470829999999999883e-11
5.450000000000000178e+00 2.349189999999999929e-11
5.469999999999999751e+00 2.231709999999999989e-11
5.490000000000000213e+00 2.118450000000000127e-11
5.509999999999999787e+00 2.009439999999999887e-11
5.530000000000000249e+00 1.904679999999999918e-11
5.549999999999999822e+00 1.804159999999999938e-11
5.570000000000000284e+00 1.707840000000000122e-11
5.589999999999999858e+00 1.615660000000000085e-11
5.610000000000000320e+00 1.527550000000000130e-11
5.629999999999999893e+00 1.443429999999999959e-11
5.650000000000000355e+00 1.363209999999999964e-11
5.669999999999999929e+00 1.286789999999999932e-11
5.690000000000000391e+00 1.214050000000000062e-11
5.709999999999999964e+00 1.144880000000000025e-11
5.730000000000000426e+00 1.079179999999999931e-11
5.750000000000000000e+00 1.016810000000000067e-11
5.769999999999999574e+00 9.576549999999999619e-12
5.790000000000000036e+00 9.015909999999999294e-12
5.809999999999999609e+00 8.484950000000000514e-12
5.830000000000000071e+00 7.982429999999999945e-12
5.849999999999999645e+00 7.507140000000000261e-12
5.870000000000000107e+00 7.057890000000000332e-12
5.889999999999999680e+00 6.633489999999999839e-12
5.910000000000000142e+00 6.232789999999999739e-12
5.929999999999999716e+00 5.854659999999999612e-12
5.950000000000000178e+00 5.498019999999999629e-12
5.969999999999999751e+00 5.161810000000000196e-12
5.990000000000000213e+00 4.844980000000000223e-12
6.009999999999999787e+00 4.546560000000000369e-12
6.030000000000000249e+00 4.265599999999999919e-12
6.049999999999999822e+00 4.001170000000000004e-12
6.070000000000000284e+00 3.752400000000000046e-12
6.089999999999999858e+00 3.518429999999999983e-12
6.110000000000000320e+00 3.298279999999999957e-12
6.129999999999999893e+00 3.091520000000000139e-12
6.150000000000000355e+00 2.897209999999999930e-12
6.169999999999999929e+00 2.714690000000000017e-12
6.190000000000000391e+00 2.543280000000000044e-12
6.209999999999999964e+00 2.382370000000000076e-12
6.230000000000000426e+00 2.231329999999999944e-12
6.250000000000000000e+00 2.089610000000000019e-12
6.269999999999999574e+00 1.956659999999999864e-12
6.290000000000000036e+00 1.831950000000000085e-12
6.309999999999999609e+00 1.715009999999999980e-12
6.330000000000000071e+00 1.605359999999999937e-12
6.349999999999999645e+00 1.502569999999999928e-12
6.370000000000000107e+00 1.406229999999999956e-12
6.389999999999999680e+00 1.315950000000000062e-12
6.410000000000000142e+00 1.231349999999999999e-12
6.429999999999999716e+00 1.152099999999999907e-12
6.450000000000000178e+00 1.077860000000000014e-12
6.469999999999999751e+00 1.008330000000000006e-12
6.490000000000000213e+00 9.432130000000000927e-13
6.509999999999999787e+00 8.822579999999999753e-13
6.530000000000000249e+00 8.251749999999999650e-13
6.549999999999999822e+00 7.717299999999999842e-13
6.570000000000000284e+00 7.217120000000000049e-13
6.589999999999999858e+00 6.748990000000000104e-13
6.610000000000000320e+00 6.310880000000000469e-13
6.629999999999999893e+00 5.900899999999999625e-13
6.650000000000000355e+00 5.517300000000000129e-13
6.669999999999999929e+00 5.158399999999999507e-13
6.690000000000000391e+00 4.822630000000000222e-13
6.709999999999999964e+00 4.508519999999999857e-13
6.730000000000000426e+00 4.214700000000000206e-13
6.750000000000000000e+00 3.939879999999999768e-13
6.769999999999999574e+00 3.682829999999999868e-13
6.790000000000000036e+00 3.442430000000000206e-13
6.809999999999999609e+00 3.217619999999999774e-13
6.830000000000000071e+00 3.007379999999999955e-13
6.849999999999999645e+00 2.810789999999999780e-13
6.870000000000000107e+00 2.626959999999999946e-13
6.889999999999999680e+00 2.455079999999999875e-13
6.910000000000000142e+00 2.294379999999999863e-13
6.929999999999999716e+00 2.144120000000000107e-13
6.950000000000000178e+00 2.003650000000000000e-13
6.969999999999999751e+00 1.872329999999999909e-13
6.990000000000000213e+00 1.749570000000000036e-13
7.009999999999999787e+00 1.634809999999999978e-13
7.030000000000000249e+00 1.527539999999999921e-13
7.049999999999999822e+00 1.427269999999999986e-13
7.070000000000000284e+00 1.333549999999999907e-13
7.089999999999999858e+00 1.245950000000000108e-13
7.110000000000000320e+00 1.164299999999999896e-13
7.129999999999999893e+00 1.087800000000000045e-13
7.150000000000000355e+00 1.016329999999999947e-13
7.169999999999999929e+00 9.495680000000000187e-14
7.190000000000000391e+00 8.872160000000000184e-14
7.209999999999999964e+00 8.289809999999999389e-14
7.230000000000000426e+00 7.745960000000000146e-14
7.259999999999999787e+00 7.238079999999999790e-14
7.280000000000000249e+00 6.763860000000000221e-14
7.299999999999999822e+00 6.321099999999999945e-14
7.320000000000000284e+00 5.907730000000000566e-14
7.339999999999999858e+00 5.521869999999999775e-14
7.360000000000000320e+00 5.161739999999999976e-14
7.379999999999999893e+00 4.825670000000000177e-14
7.400000000000000355e+00 4.512109999999999870e-14
7.419999999999999929e+00 4.219610000000000107e-14
7.440000000000000391e+00 3.946829999999999804e-14
7.459999999999999964e+00 3.692489999999999698e-14
7.480000000000000426e+00 3.455410000000000192e-14
7.500000000000000000e+00 3.234500000000000001e-14
7.519999999999999574e+00 3.028710000000000102e-14
7.540000000000000036e+00 2.837089999999999880e-14
7.559999999999999609e+00 2.658730000000000034e-14
7.580000000000000071e+00 2.492790000000000024e-14
7.599999999999999645e+00 2.338469999999999993e-14
7.620000000000000107e+00 2.195040000000000106e-14
7.639999999999999680e+00 2.061799999999999858e-14
7.660000000000000142e+00 1.938100000000000155e-14
7.679999999999999716e+00 1.823339999999999845e-14
7.700000000000000178e+00 1.716939999999999851e-14
7.719999999999999751e+00 1.618389999999999857e-14
7.740000000000000213e+00 1.527170000000000083e-14
7.759999999999999787e+00 1.442809999999999950e-14
7.780000000000000249e+00 1.364900000000000071e-14
7.799999999999999822e+00 1.293009999999999922e-14
7.820000000000000284e+00 1.226760000000000078e-14
7.839999999999999858e+00 1.165790000000000036e-14
7.860000000000000320e+00 1.109770000000000045e-14
7.879999999999999893e+00 1.058379999999999973e-14
7.900000000000000355e+00 1.011320000000000033e-14
7.919999999999999929e+00 9.683239999999999945e-15
7.940000000000000391e+00 9.291259999999999441e-15
7.959999999999999964e+00 8.934829999999999287e-15
7.980000000000000426e+00 8.611669999999999771e-15
8.000000000000000000e+00 8.319649999999999416e-15
8.019999999999999574e+00 8.056760000000000384e-15
8.039999999999999147e+00 7.821110000000000588e-15
8.060000000000000497e+00 7.610959999999999333e-15
8.080000000000000071e+00 7.424640000000000676e-15
8.099999999999999645e+00 7.260570000000000358e-15
8.119999999999999218e+00 7.114970000000000517e-15
8.140000000000000568e+00 6.990869999999999940e-15
8.160000000000000142e+00 6.884959999999999763e-15
8.179999999999999716e+00 6.796030000000000111e-15
8.199999999999999289e+00 6.722929999999999771e-15
8.220000000000000639e+00 6.664610000000000038e-15
8.240000000000000213e+00 6.620049999999999961e-15
8.259999999999999787e+00 6.588319999999999739e-15
8.279999999999999361e+00 6.568509999999999916e-15
8.300000000000000711e+00 6.559799999999999820e-15
8.320000000000000284e+00 6.561399999999999688e-15
8.339999999999999858e+00 6.572570000000000223e-15
8.359999999999999432e+00 6.592609999999999657e-15
8.380000000000000782e+00 6.620869999999999844e-15
8.400000000000000355e+00 6.656730000000000391e-15
8.419999999999999929e+00 6.699600000000000238e-15
8.439999999999999503e+00 6.748950000000000143e-15
8.460000000000000853e+00 6.804250000000000075e-15
8.480000000000000426e+00 6.865030000000000246e-15
8.500000000000000000e+00 6.930810000000000301e-15
