# log10(T) rate(cm^3/s)
# RecombRates
3.500000000000000000e+00 5.416750000000000118e-13
3.520000000000000018e+00 5.251010000000000261e-13
3.540000000000000036e+00 5.090610000000000258e-13
3.560000000000000053e+00 4.935330000000000338e-13
3.580000000000000071e+00 4.785000000000000311e-13
3.600000000000000089e+00 4.639440000000000273e-13
3.620000000000000107e+00 4.498480000000000033e-13
3.640000000000000124e+00 4.361980000000000059e-13
3.660000000000000142e+00 4.229799999999999809e-13
3.680000000000000160e+00 4.101799999999999748e-13
3.700000000000000178e+00 3.977859999999999774e-13
3.720000000000000195e+00 3.857869999999999999e-13
3.740000000000000213e+00 3.741720000000000035e-13
3.759999999999999787e+00 3.629310000000000214e-13
3.779999999999999805e+00 3.520550000000000079e-13
3.799999999999999822e+00 3.415350000000000184e-13
3.819999999999999840e+00 3.313629999999999786e-13
3.839999999999999858e+00 3.215310000000000160e-13
3.859999999999999876e+00 3.120310000000000060e-13
3.879999999999999893e+00 3.028559999999999971e-13
3.899999999999999911e+00 2.940269999999999951e-13
3.919999999999999929e+00 2.854430000000000086e-13
3.939999999999999947e+00 2.771979999999999766e-13
3.959999999999999964e+00 2.692650000000000144e-13
3.979999999999999982e+00 2.616289999999999952e-13
4.000000000000000000e+00 2.542819999999999963e-13
4.019999999999999574e+00 2.472220000000000244e-13
4.040000000000000036e+00 2.404510000000000222e-13
4.059999999999999609e+00 2.339790000000000070e-13
4.080000000000000071e+00 2.278269999999999843e-13
4.099999999999999645e+00 2.220260000000000023e-13
4.120000000000000107e+00 2.166269999999999917e-13
4.139999999999999680e+00 2.117079999999999952e-13
4.160000000000000142e+00 2.073770000000000058e-13
4.179999999999999716e+00 2.037879999999999895e-13
4.200000000000000178e+00 2.011490000000000096e-13
4.219999999999999751e+00 1.997290000000000015e-13
4.240000000000000213e+00 1.998730000000000007e-13
4.259999999999999787e+00 2.020069999999999994e-13
4.280000000000000249e+00 2.066449999999999995e-13
4.299999999999999822e+00 2.143629999999999975e-13
4.320000000000000284e+00 2.258980000000000084e-13
4.339999999999999858e+00 2.419939999999999986e-13
4.360000000000000320e+00 2.634900000000000213e-13
4.379999999999999893e+00 2.912720000000000235e-13
4.400000000000000355e+00 3.262559999999999782e-13
4.419999999999999929e+00 3.693510000000000081e-13
4.440000000000000391e+00 4.214459999999999997e-13
4.459999999999999964e+00 4.833610000000000444e-13
4.480000000000000426e+00 5.558329999999999803e-13
4.500000000000000000e+00 6.394720000000000443e-13
4.519999999999999574e+00 7.347480000000000313e-13
4.540000000000000036e+00 8.419510000000000341e-13
4.559999999999999609e+00 9.611939999999999532e-13
4.580000000000000071e+00 1.092369999999999919e-12
4.599999999999999645e+00 1.235189999999999910e-12
4.620000000000000107e+00 1.389109999999999924e-12
4.639999999999999680e+00 1.553420000000000059e-12
4.660000000000000142e+00 1.727190000000000035e-12
4.679999999999999716e+00 1.909320000000000189e-12
4.700000000000000178e+00 2.098510000000000113e-12
4.719999999999999751e+00 2.293369999999999951e-12
4.740000000000000213e+00 2.492360000000000095e-12
4.769999999999999574e+00 2.693859999999999994e-12
4.790000000000000036e+00 2.791310000000000149e-12
4.809999999999999609e+00 2.991119999999999881e-12
4.830000000000000071e+00 3.188270000000000106e-12
4.849999999999999645e+00 3.381069999999999850e-12
4.870000000000000107e+00 3.567890000000000057e-12
4.889999999999999680e+00 3.747179999999999791e-12
4.910000000000000142e+00 3.917450000000000034e-12
4.929999999999999716e+00 4.077450000000000160e-12
4.950000000000000178e+00 4.225950000000000184e-12
4.969999999999999751e+00 4.361909999999999940e-12
4.990000000000000213e+00 4.484479999999999891e-12
5.009999999999999787e+00 4.592949999999999731e-12
5.030000000000000249e+00 4.686780000000000352e-12
5.049999999999999822e+00 4.765599999999999808e-12
5.070000000000000284e+00 4.829230000000000012e-12
5.089999999999999858e+00 4.877610000000000256e-12
5.110000000000000320e+00 4.910869999999999652e-12
5.129999999999999893e+00 4.929250000000000226e-12
5.150000000000000355e+00 4.933140000000000122e-12
5.169999999999999929e+00 4.923040000000000397e-12
5.190000000000000391e+00 4.899529999999999824e-12
5.209999999999999964e+00 4.863310000000000206e-12
5.230000000000000426e+00 4.815140000000000019e-12
5.250000000000000000e+00 4.755819999999999823e-12
5.269999999999999574e+00 4.686210000000000082e-12
5.290000000000000036e+00 4.607189999999999880e-12
5.309999999999999609e+00 4.519670000000000269e-12
5.330000000000000071e+00 4.424539999999999643e-12
5.349999999999999645e+00 4.322730000000000100e-12
5.370000000000000107e+00 4.215099999999999680e-12
5.389999999999999680e+00 4.102519999999999769e-12
5.410000000000000142e+00 3.985839999999999907e-12
5.429999999999999716e+00 3.865839999999999611e-12
5.450000000000000178e+00 3.743289999999999896e-12
5.469999999999999751e+00 3.618899999999999857e-12
5.490000000000000213e+00 3.493340000000000138e-12
5.509999999999999787e+00 3.367240000000000099e-12
5.530000000000000249e+00 3.241150000000000179e-12
5.549999999999999822e+00 3.115609999999999888e-12
5.570000000000000284e+00 2.991089999999999930e-12
5.589999999999999858e+00 2.867999999999999896e-12
5.610000000000000320e+00 2.746729999999999950e-12
5.629999999999999893e+00 2.627609999999999948e-12
5.650000000000000355e+00 2.510939999999999800e-12
5.669999999999999929e+00 2.396940000000000084e-12
5.690000000000000391e+00 2.285849999999999999e-12
5.709999999999999964e+00 2.177809999999999987e-12
5.730000000000000426e+00 2.073000000000000154e-12
5.750000000000000000e+00 1.971490000000000115e-12
5.769999999999999574e+00 1.873389999999999957e-12
5.790000000000000036e+00 1.778730000000000035e-12
5.809999999999999609e+00 1.687559999999999930e-12
5.830000000000000071e+00 1.599889999999999961e-12
5.849999999999999645e+00 1.515700000000000095e-12
5.870000000000000107e+00 1.434980000000000011e-12
5.889999999999999680e+00 1.357670000000000010e-12
5.910000000000000142e+00 1.283750000000000058e-12
5.929999999999999716e+00 1.213129999999999901e-12
5.950000000000000178e+00 1.145739999999999922e-12
5.969999999999999751e+00 1.081520000000000020e-12
5.990000000000000213e+00 1.020370000000000023e-12
6.009999999999999787e+00 9.621969999999999642e-13
6.030000000000000249e+00 9.069170000000000220e-13
6.049999999999999822e+00 8.544279999999999818e-13
6.070000000000000284e+00 8.046280000000000324e-13
6.089999999999999858e+00 7.574190000000000465e-13
6.110000000000000320e+00 7.126999999999999823e-13
6.129999999999999893e+00 6.703700000000000001e-13
6.150000000000000355e+00 6.303260000000000144e-13
6.169999999999999929e+00 5.924709999999999702e-13
6.190000000000000391e+00 5.567080000000000145e-13
6.209999999999999964e+00 5.229409999999999626e-13
6.230000000000000426e+00 4.910750000000000053e-13
6.250000000000000000e+00 4.610199999999999884e-13
6.269999999999999574e+00 4.326869999999999818e-13
6.290000000000000036e+00 4.059920000000000133e-13
6.309999999999999609e+00 3.808499999999999877e-13
6.330000000000000071e+00 3.571810000000000206e-13
6.349999999999999645e+00 3.349099999999999835e-13
6.370000000000000107e+00 3.139620000000000005e-13
6.389999999999999680e+00 2.942639999999999869e-13
6.410000000000000142e+00 2.757520000000000048e-13
6.429999999999999716e+00 2.583570000000000067e-13
6.450000000000000178e+00 2.420200000000000128e-13
6.469999999999999751e+00 2.266790000000000028e-13
6.490000000000000213e+00 2.122800000000000052e-13
6.509999999999999787e+00 1.987680000000000018e-13
6.530000000000000249e+00 1.860920000000000112e-13
6.549999999999999822e+00 1.742039999999999916e-13
6.570000000000000284e+00 1.630569999999999988e-13
6.589999999999999858e+00 1.526079999999999996e-13
6.610000000000000320e+00 1.428160000000000046e-13
6.629999999999999893e+00 1.336409999999999957e-13
6.650000000000000355e+00 1.250469999999999921e-13
6.669999999999999929e+00 1.169979999999999878e-13
6.690000000000000391e+00 1.094620000000000010e-13
6.709999999999999964e+00 1.024060000000000031e-13
6.730000000000000426e+00 9.580290000000000116e-14
6.750000000000000000e+00 8.962339999999999452e-14
6.769999999999999574e+00 8.384160000000000143e-14
6.790000000000000036e+00 7.843289999999999541e-14
6.809999999999999609e+00 7.337430000000000270e-14
6.830000000000000071e+00 6.864390000000000299e-14
6.849999999999999645e+00 6.422090000000000507e-14
6.870000000000000107e+00 6.008609999999999476e-14
6.889999999999999680e+00 5.622139999999999963e-14
6.910000000000000142e+00 5.260920000000000140e-14
6.929999999999999716e+00 4.923429999999999777e-14
6.950000000000000178e+00 4.608129999999999722e-14
6.969999999999999751e+00 4.313620000000000228e-14
6.990000000000000213e+00 4.038550000000000119e-14
7.009999999999999787e+00 3.781669999999999779e-14
7.030000000000000249e+00 3.541829999999999889e-14
7.049999999999999822e+00 3.317929999999999702e-14
7.070000000000000284e+00 3.108939999999999751e-14
7.089999999999999858e+00 2.913889999999999865e-14
7.110000000000000320e+00 2.731879999999999892e-14
7.129999999999999893e+00 2.562069999999999919e-14
7.150000000000000355e+00 2.403669999999999869e-14
7.169999999999999929e+00 2.255919999999999944e-14
7.190000000000000391e+00 2.118149999999999916e-14
7.209999999999999964e+00 1.989689999999999875e-14
7.230000000000000426e+00 1.869930000000000154e-14
7.259999999999999787e+00 1.758309999999999969e-14
7.280000000000000249e+00 1.654289999999999987e-14
7.299999999999999822e+00 1.557369999999999982e-14
7.320000000000000284e+00 1.467080000000000008e-14
7.339999999999999858e+00 1.382990000000000016e-14
7.360000000000000320e+00 1.304689999999999986e-14
7.379999999999999893e+00 1.231789999999999925e-14
7.400000000000000355e+00 1.163929999999999963e-14
7.419999999999999929e+00 1.100780000000000031e-14
7.440000000000000391e+00 1.042029999999999934e-14
7.459999999999999964e+00 9.873870000000000441e-15
7.480000000000000426e+00 9.365699999999999917e-15
7.500000000000000000e+00 8.893270000000000245e-15
7.519999999999999574e+00 8.454200000000000784e-15
7.540000000000000036e+00 8.046239999999999574e-15
7.559999999999999609e+00 7.667290000000000783e-15
7.580000000000000071e+00 7.315410000000000279e-15
7.599999999999999645e+00 6.988760000000000385e-15
7.620000000000000107e+00 6.685640000000000303e-15
7.639999999999999680e+00 6.404459999999999943e-15
7.660000000000000142e+00 6.143739999999999919e-15
7.679999999999999716e+00 5.902060000000000299e-15
7.700000000000000178e+00 5.678150000000000177e-15
7.719999999999999751e+00 5.470770000000000345e-15
7.740000000000000213e+00 5.278799999999999712e-15
7.759999999999999787e+00 5.101179999999999796e-15
7.780000000000000249e+00 4.936919999999999766e-15
7.799999999999999822e+00 4.785089999999999821e-15
7.820000000000000284e+00 4.644830000000000181e-15
7.839999999999999858e+00 4.515329999999999950e-15
7.860000000000000320e+00 4.395849999999999831e-15
7.879999999999999893e+00 4.285679999999999857e-15
7.900000000000000355e+00 4.184159999999999738e-15
7.919999999999999929e+00 4.090679999999999646e-15
7.940000000000000391e+00 4.004669999999999655e-15
7.959999999999999964e+00 3.925589999999999956e-15
7.980000000000000426e+00 3.852960000000000193e-15
8.000000000000000000e+00 3.786300000000000013e-15
8.019999999999999574e+00 3.725169999999999748e-15
8.039999999999999147e+00 3.669180000000000193e-15
8.060000000000000497e+00 3.617950000000000345e-15
8.080000000000000071e+00 3.571130000000000108e-15
8.099999999999999645e+00 3.528379999999999956e-15
8.119999999999999218e+00 3.489399999999999863e-15
8.140000000000000568e+00 3.453910000000000148e-15
8.160000000000000142e+00 3.421629999999999947e-15
8.179999999999999716e+00 3.392319999999999871e-15
8.199999999999999289e+00 3.365749999999999915e-15
8.220000000000000639e+00 3.341710000000000021e-15
8.240000000000000213e+00 3.319979999999999962e-15
8.259999999999999787e+00 3.300389999999999973e-15
8.279999999999999361e+00 3.282760000000000118e-15
8.300000000000000711e+00 3.266919999999999845e-15
8.320000000000000284e+00 3.252729999999999904e-15
8.339999999999999858e+00 3.240040000000000087e-15
8.359999999999999432e+00 3.228720000000000132e-15
8.380000000000000782e+00 3.218649999999999950e-15
8.400000000000000355e+00 3.209720000000000020e-15
8.419999999999999929e+00 3.201820000000000030e-15
8.439999999999999503e+00 3.194860000000000011e-15
8.460000000000000853e+00 3.188730000000000048e-15
8.480000000000000426e+00 3.183360000000000120e-15
8.500000000000000000e+00 3.178670000000000038e-15
