# log10(T) rate(cm^3/s)
# RecombRates
3.500000000000000000e+00 1.126430000000000078e-11
3.520000000000000018e+00 1.142310000000000047e-11
3.540000000000000036e+00 1.160410000000000061e-11
3.560000000000000053e+00 1.180399999999999938e-11
3.580000000000000071e+00 1.201919999999999952e-11
3.600000000000000089e+00 1.224589999999999975e-11
3.620000000000000107e+00 1.248030000000000045e-11
3.640000000000000124e+00 1.271869999999999992e-11
3.660000000000000142e+00 1.295739999999999970e-11
3.680000000000000160e+00 1.319290000000000046e-11
3.700000000000000178e+00 1.342190000000000039e-11
3.720000000000000195e+00 1.364150000000000079e-11
3.740000000000000213e+00 1.384870000000000015e-11
3.759999999999999787e+00 1.404120000000000039e-11
3.779999999999999805e+00 1.421679999999999976e-11
3.799999999999999822e+00 1.437369999999999963e-11
3.819999999999999840e+00 1.451049999999999961e-11
3.839999999999999858e+00 1.462600000000000008e-11
3.859999999999999876e+00 1.471929999999999848e-11
3.879999999999999893e+00 1.479000000000000140e-11
3.899999999999999911e+00 1.483770000000000088e-11
3.919999999999999929e+00 1.486240000000000016e-11
3.939999999999999947e+00 1.486440000000000116e-11
3.959999999999999964e+00 1.484419999999999848e-11
3.979999999999999982e+00 1.480220000000000008e-11
4.000000000000000000e+00 1.473929999999999880e-11
4.019999999999999574e+00 1.465630000000000087e-11
4.040000000000000036e+00 1.455419999999999871e-11
4.059999999999999609e+00 1.443420000000000003e-11
4.080000000000000071e+00 1.429730000000000048e-11
4.099999999999999645e+00 1.414490000000000044e-11
4.120000000000000107e+00 1.397819999999999955e-11
4.139999999999999680e+00 1.379859999999999979e-11
4.160000000000000142e+00 1.360740000000000036e-11
4.179999999999999716e+00 1.340639999999999991e-11
4.200000000000000178e+00 1.319719999999999954e-11
4.219999999999999751e+00 1.298159999999999953e-11
4.240000000000000213e+00 1.276180000000000001e-11
4.259999999999999787e+00 1.254010000000000066e-11
4.280000000000000249e+00 1.231909999999999988e-11
4.299999999999999822e+00 1.210209999999999950e-11
4.320000000000000284e+00 1.189260000000000044e-11
4.339999999999999858e+00 1.169480000000000061e-11
4.360000000000000320e+00 1.151340000000000060e-11
4.379999999999999893e+00 1.135360000000000041e-11
4.400000000000000355e+00 1.122160000000000057e-11
4.419999999999999929e+00 1.112380000000000073e-11
4.440000000000000391e+00 1.106749999999999984e-11
4.459999999999999964e+00 1.106040000000000001e-11
4.480000000000000426e+00 1.111040000000000080e-11
4.500000000000000000e+00 1.122559999999999934e-11
4.519999999999999574e+00 1.141420000000000038e-11
4.540000000000000036e+00 1.168389999999999952e-11
4.559999999999999609e+00 1.204179999999999984e-11
4.580000000000000071e+00 1.249419999999999981e-11
4.599999999999999645e+00 1.304619999999999988e-11
4.620000000000000107e+00 1.370140000000000057e-11
4.639999999999999680e+00 1.446160000000000050e-11
4.660000000000000142e+00 1.532700000000000043e-11
4.679999999999999716e+00 1.629550000000000140e-11
4.700000000000000178e+00 1.736299999999999862e-11
4.719999999999999751e+00 1.852329999999999964e-11
4.740000000000000213e+00 1.976820000000000133e-11
4.769999999999999574e+00 2.108780000000000149e-11
4.790000000000000036e+00 1.727889999999999900e-11
4.809999999999999609e+00 1.890440000000000091e-11
4.830000000000000071e+00 2.056370000000000133e-11
4.849999999999999645e+00 2.224170000000000124e-11
4.870000000000000107e+00 2.392280000000000061e-11
4.889999999999999680e+00 2.559170000000000131e-11
4.910000000000000142e+00 2.723299999999999917e-11
4.929999999999999716e+00 2.883199999999999993e-11
4.950000000000000178e+00 3.037469999999999981e-11
4.969999999999999751e+00 3.184810000000000038e-11
4.990000000000000213e+00 3.324049999999999755e-11
5.009999999999999787e+00 3.454139999999999820e-11
5.030000000000000249e+00 3.574200000000000179e-11
5.049999999999999822e+00 3.683480000000000214e-11
5.070000000000000284e+00 3.781389999999999905e-11
5.089999999999999858e+00 3.867469999999999958e-11
5.110000000000000320e+00 3.941429999999999696e-11
5.129999999999999893e+00 4.003109999999999812e-11
5.150000000000000355e+00 4.052469999999999836e-11
5.169999999999999929e+00 4.089600000000000022e-11
5.190000000000000391e+00 4.114690000000000191e-11
5.209999999999999964e+00 4.128029999999999728e-11
5.230000000000000426e+00 4.130000000000000214e-11
5.250000000000000000e+00 4.121029999999999778e-11
5.269999999999999574e+00 4.101640000000000040e-11
5.290000000000000036e+00 4.072379999999999900e-11
5.309999999999999609e+00 4.033859999999999939e-11
5.330000000000000071e+00 3.986710000000000003e-11
5.349999999999999645e+00 3.931559999999999941e-11
5.370000000000000107e+00 3.869090000000000026e-11
5.389999999999999680e+00 3.799969999999999933e-11
5.410000000000000142e+00 3.724869999999999980e-11
5.429999999999999716e+00 3.644439999999999928e-11
5.450000000000000178e+00 3.559350000000000096e-11
5.469999999999999751e+00 3.470219999999999727e-11
5.490000000000000213e+00 3.377660000000000049e-11
5.509999999999999787e+00 3.282279999999999702e-11
5.530000000000000249e+00 3.184630000000000174e-11
5.549999999999999822e+00 3.085239999999999807e-11
5.570000000000000284e+00 2.984620000000000262e-11
5.589999999999999858e+00 2.883250000000000099e-11
5.610000000000000320e+00 2.781560000000000034e-11
5.629999999999999893e+00 2.679969999999999858e-11
5.650000000000000355e+00 2.578839999999999945e-11
5.669999999999999929e+00 2.478520000000000065e-11
5.690000000000000391e+00 2.379309999999999885e-11
5.709999999999999964e+00 2.281490000000000127e-11
5.730000000000000426e+00 2.185319999999999982e-11
5.750000000000000000e+00 2.091010000000000155e-11
5.769999999999999574e+00 1.998739999999999862e-11
5.790000000000000036e+00 1.908689999999999938e-11
5.809999999999999609e+00 1.820979999999999860e-11
5.830000000000000071e+00 1.735730000000000077e-11
5.849999999999999645e+00 1.653029999999999874e-11
5.870000000000000107e+00 1.572930000000000003e-11
5.889999999999999680e+00 1.495520000000000074e-11
5.910000000000000142e+00 1.420810000000000042e-11
5.929999999999999716e+00 1.348819999999999982e-11
5.950000000000000178e+00 1.279569999999999969e-11
5.969999999999999751e+00 1.213020000000000015e-11
5.990000000000000213e+00 1.149180000000000077e-11
6.009999999999999787e+00 1.088000000000000049e-11
6.030000000000000249e+00 1.029439999999999943e-11
6.049999999999999822e+00 9.734680000000000279e-12
6.070000000000000284e+00 9.200130000000000300e-12
6.089999999999999858e+00 8.690209999999999581e-12
6.110000000000000320e+00 8.204280000000000257e-12
6.129999999999999893e+00 7.741640000000000524e-12
6.150000000000000355e+00 7.301569999999999957e-12
6.169999999999999929e+00 6.883339999999999627e-12
6.190000000000000391e+00 6.486209999999999683e-12
6.209999999999999964e+00 6.109389999999999679e-12
6.230000000000000426e+00 5.752120000000000334e-12
6.250000000000000000e+00 5.413639999999999942e-12
6.269999999999999574e+00 5.093169999999999794e-12
6.290000000000000036e+00 4.789959999999999918e-12
6.309999999999999609e+00 4.503250000000000224e-12
6.330000000000000071e+00 4.232310000000000169e-12
6.349999999999999645e+00 3.976420000000000135e-12
6.370000000000000107e+00 3.734879999999999934e-12
6.389999999999999680e+00 3.506999999999999900e-12
6.410000000000000142e+00 3.292110000000000196e-12
6.429999999999999716e+00 3.089579999999999847e-12
6.450000000000000178e+00 2.898760000000000060e-12
6.469999999999999751e+00 2.719080000000000163e-12
6.490000000000000213e+00 2.549939999999999937e-12
6.509999999999999787e+00 2.390790000000000156e-12
6.530000000000000249e+00 2.241099999999999811e-12
6.549999999999999822e+00 2.100350000000000032e-12
6.570000000000000284e+00 1.968059999999999997e-12
6.589999999999999858e+00 1.843759999999999810e-12
6.610000000000000320e+00 1.727009999999999928e-12
6.629999999999999893e+00 1.617360000000000088e-12
6.650000000000000355e+00 1.514439999999999957e-12
6.669999999999999929e+00 1.417850000000000062e-12
6.690000000000000391e+00 1.327209999999999956e-12
6.709999999999999964e+00 1.242189999999999981e-12
6.730000000000000426e+00 1.162460000000000077e-12
6.750000000000000000e+00 1.087710000000000017e-12
6.769999999999999574e+00 1.017640000000000095e-12
6.790000000000000036e+00 9.519620000000000588e-13
6.809999999999999609e+00 8.904269999999999580e-13
6.830000000000000071e+00 8.327779999999999680e-13
6.849999999999999645e+00 7.787959999999999866e-13
6.870000000000000107e+00 7.282260000000000314e-13
6.889999999999999680e+00 6.808779999999999791e-13
6.910000000000000142e+00 6.365529999999999635e-13
6.929999999999999716e+00 5.950639999999999775e-13
6.950000000000000178e+00 5.562359999999999737e-13
6.969999999999999751e+00 5.199029999999999507e-13
6.990000000000000213e+00 4.859109999999999679e-13
7.009999999999999787e+00 4.541100000000000209e-13
7.030000000000000249e+00 4.243660000000000014e-13
7.049999999999999822e+00 3.965469999999999965e-13
7.070000000000000284e+00 3.705319999999999806e-13
7.089999999999999858e+00 3.462080000000000027e-13
7.110000000000000320e+00 3.234659999999999972e-13
7.129999999999999893e+00 3.022070000000000168e-13
7.150000000000000355e+00 2.823349999999999779e-13
7.169999999999999929e+00 2.637629999999999940e-13
7.190000000000000391e+00 2.464060000000000206e-13
7.209999999999999964e+00 2.301889999999999797e-13
7.230000000000000426e+00 2.150359999999999988e-13
7.259999999999999787e+00 2.008790000000000016e-13
7.280000000000000249e+00 1.876559999999999932e-13
7.299999999999999822e+00 1.753050000000000038e-13
7.320000000000000284e+00 1.637699999999999928e-13
7.339999999999999858e+00 1.529980000000000111e-13
7.360000000000000320e+00 1.429399999999999948e-13
7.379999999999999893e+00 1.335499999999999964e-13
7.400000000000000355e+00 1.247840000000000113e-13
7.419999999999999929e+00 1.166019999999999963e-13
7.440000000000000391e+00 1.089660000000000024e-13
7.459999999999999964e+00 1.018390000000000016e-13
7.480000000000000426e+00 9.519019999999999813e-14
7.500000000000000000e+00 8.898680000000000307e-14
7.519999999999999574e+00 8.320029999999999789e-14
7.540000000000000036e+00 7.780319999999999860e-14
7.559999999999999609e+00 7.277000000000000194e-14
7.580000000000000071e+00 6.807710000000000332e-14
7.599999999999999645e+00 6.370189999999999486e-14
7.620000000000000107e+00 5.962389999999999447e-14
7.639999999999999680e+00 5.582320000000000037e-14
7.660000000000000142e+00 5.228199999999999876e-14
7.679999999999999716e+00 4.898289999999999846e-14
7.700000000000000178e+00 4.591019999999999884e-14
7.719999999999999751e+00 4.304879999999999853e-14
7.740000000000000213e+00 4.038500000000000286e-14
7.759999999999999787e+00 3.790560000000000284e-14
7.780000000000000249e+00 3.559839999999999880e-14
7.799999999999999822e+00 3.345220000000000033e-14
7.820000000000000284e+00 3.145620000000000181e-14
7.839999999999999858e+00 2.960049999999999969e-14
7.860000000000000320e+00 2.787430000000000094e-14
7.879999999999999893e+00 2.627170000000000129e-14
7.900000000000000355e+00 2.478350000000000050e-14
7.919999999999999929e+00 2.340180000000000094e-14
7.940000000000000391e+00 2.211979999999999944e-14
7.959999999999999964e+00 2.093060000000000133e-14
7.980000000000000426e+00 1.982829999999999918e-14
8.000000000000000000e+00 1.880690000000000037e-14
8.019999999999999574e+00 1.786099999999999894e-14
8.039999999999999147e+00 1.698559999999999896e-14
8.060000000000000497e+00 1.617600000000000095e-14
8.080000000000000071e+00 1.542770000000000100e-14
8.099999999999999645e+00 1.473659999999999890e-14
8.119999999999999218e+00 1.409890000000000039e-14
8.140000000000000568e+00 1.351100000000000044e-14
8.160000000000000142e+00 1.296939999999999968e-14
8.179999999999999716e+00 1.247099999999999932e-14
8.199999999999999289e+00 1.201289999999999923e-14
8.220000000000000639e+00 1.159230000000000024e-14
8.240000000000000213e+00 1.120680000000000059e-14
8.259999999999999787e+00 1.085370000000000043e-14
8.279999999999999361e+00 1.053100000000000014e-14
8.300000000000000711e+00 1.023649999999999979e-14
8.320000000000000284e+00 9.968180000000000193e-15
8.339999999999999858e+00 9.724300000000000656e-15
8.359999999999999432e+00 9.503120000000000481e-15
8.380000000000000782e+00 9.303029999999999236e-15
8.400000000000000355e+00 9.122530000000000345e-15
8.419999999999999929e+00 8.960230000000000055e-15
8.439999999999999503e+00 8.814820000000000716e-15
8.460000000000000853e+00 8.685069999999999741e-15
8.480000000000000426e+00 8.569830000000000653e-15
8.500000000000000000e+00 8.468050000000000013e-15
