# log10(T) rate(cm^3/s)
# RecombRates
3.500000000000000000e+00 2.948589999999999818e-11
3.520000000000000018e+00 2.863570000000000005e-11
3.540000000000000036e+00 2.781830000000000153e-11
3.560000000000000053e+00 2.703470000000000152e-11
3.580000000000000071e+00 2.628630000000000039e-11
3.600000000000000089e+00 2.557460000000000131e-11
3.620000000000000107e+00 2.490130000000000013e-11
3.640000000000000124e+00 2.426809999999999915e-11
3.660000000000000142e+00 2.367650000000000155e-11
3.680000000000000160e+00 2.312800000000000081e-11
3.700000000000000178e+00 2.262380000000000140e-11
3.720000000000000195e+00 2.216479999999999942e-11
3.740000000000000213e+00 2.175159999999999872e-11
3.759999999999999787e+00 2.138429999999999886e-11
3.779999999999999805e+00 2.106239999999999879e-11
3.799999999999999822e+00 2.078499999999999918e-11
3.819999999999999840e+00 2.055069999999999966e-11
3.839999999999999858e+00 2.035759999999999880e-11
3.859999999999999876e+00 2.020320000000000099e-11
3.879999999999999893e+00 2.008469999999999902e-11
3.899999999999999911e+00 1.999890000000000034e-11
3.919999999999999929e+00 1.994249999999999989e-11
3.939999999999999947e+00 1.991190000000000041e-11
3.959999999999999964e+00 1.990350000000000137e-11
3.979999999999999982e+00 1.991379999999999861e-11
4.000000000000000000e+00 1.993959999999999957e-11
4.019999999999999574e+00 1.997790000000000114e-11
4.040000000000000036e+00 2.002649999999999994e-11
4.059999999999999609e+00 2.008360000000000057e-11
4.080000000000000071e+00 2.014849999999999962e-11
4.099999999999999645e+00 2.022159999999999857e-11
4.120000000000000107e+00 2.030440000000000060e-11
4.139999999999999680e+00 2.039979999999999957e-11
4.160000000000000142e+00 2.051219999999999897e-11
4.179999999999999716e+00 2.064749999999999901e-11
4.200000000000000178e+00 2.081309999999999984e-11
4.219999999999999751e+00 2.101779999999999875e-11
4.240000000000000213e+00 2.127150000000000120e-11
4.259999999999999787e+00 2.158530000000000093e-11
4.280000000000000249e+00 2.197060000000000011e-11
4.299999999999999822e+00 2.243919999999999914e-11
4.320000000000000284e+00 2.300250000000000018e-11
4.339999999999999858e+00 2.367109999999999917e-11
4.360000000000000320e+00 2.445420000000000136e-11
4.379999999999999893e+00 2.535920000000000043e-11
4.400000000000000355e+00 2.639090000000000138e-11
4.419999999999999929e+00 2.755170000000000023e-11
4.440000000000000391e+00 2.884109999999999915e-11
4.459999999999999964e+00 3.025550000000000088e-11
4.480000000000000426e+00 3.178800000000000309e-11
4.500000000000000000e+00 3.342830000000000207e-11
4.519999999999999574e+00 3.516350000000000218e-11
4.540000000000000036e+00 3.697760000000000190e-11
4.559999999999999609e+00 3.885270000000000145e-11
4.580000000000000071e+00 4.076879999999999729e-11
4.599999999999999645e+00 4.270469999999999756e-11
4.620000000000000107e+00 4.463800000000000266e-11
4.639999999999999680e+00 4.654639999999999965e-11
4.660000000000000142e+00 4.840770000000000102e-11
4.679999999999999716e+00 5.020039999999999681e-11
4.700000000000000178e+00 5.190399999999999856e-11
4.719999999999999751e+00 5.349969999999999750e-11
4.740000000000000213e+00 5.497060000000000247e-11
4.769999999999999574e+00 5.630219999999999894e-11
4.790000000000000036e+00 5.748169999999999730e-11
4.809999999999999609e+00 5.849899999999999620e-11
4.830000000000000071e+00 5.934670000000000197e-11
4.849999999999999645e+00 6.001960000000000489e-11
4.870000000000000107e+00 6.051510000000000333e-11
4.889999999999999680e+00 6.083290000000000507e-11
4.910000000000000142e+00 6.097449999999999711e-11
4.929999999999999716e+00 6.094399999999999396e-11
4.950000000000000178e+00 6.074659999999999886e-11
4.969999999999999751e+00 6.038959999999999948e-11
4.990000000000000213e+00 5.988119999999999894e-11
5.009999999999999787e+00 5.923110000000000032e-11
5.030000000000000249e+00 5.844949999999999808e-11
5.049999999999999822e+00 5.754750000000000212e-11
5.070000000000000284e+00 5.653640000000000212e-11
5.089999999999999858e+00 5.542809999999999805e-11
5.110000000000000320e+00 5.423419999999999765e-11
5.129999999999999893e+00 5.296640000000000178e-11
5.150000000000000355e+00 5.163590000000000054e-11
5.169999999999999929e+00 5.025389999999999693e-11
5.190000000000000391e+00 4.883059999999999834e-11
5.209999999999999964e+00 4.737609999999999964e-11
5.230000000000000426e+00 4.589959999999999962e-11
5.250000000000000000e+00 4.440950000000000055e-11
5.269999999999999574e+00 4.291370000000000040e-11
5.290000000000000036e+00 4.141930000000000063e-11
5.309999999999999609e+00 3.993250000000000014e-11
5.330000000000000071e+00 3.845890000000000044e-11
5.349999999999999645e+00 3.700359999999999876e-11
5.370000000000000107e+00 3.557059999999999709e-11
5.389999999999999680e+00 3.416349999999999917e-11
5.410000000000000142e+00 3.278539999999999801e-11
5.429999999999999716e+00 3.143870000000000255e-11
5.450000000000000178e+00 3.012529999999999806e-11
5.469999999999999751e+00 2.884670000000000067e-11
5.490000000000000213e+00 2.760430000000000103e-11
5.509999999999999787e+00 2.639879999999999935e-11
5.530000000000000249e+00 2.523060000000000035e-11
5.549999999999999822e+00 2.410009999999999906e-11
5.570000000000000284e+00 2.300729999999999871e-11
5.589999999999999858e+00 2.195200000000000017e-11
5.610000000000000320e+00 2.093400000000000107e-11
5.629999999999999893e+00 1.995280000000000036e-11
5.650000000000000355e+00 1.900780000000000065e-11
5.669999999999999929e+00 1.809860000000000045e-11
5.690000000000000391e+00 1.722430000000000043e-11
5.709999999999999964e+00 1.638410000000000084e-11
5.730000000000000426e+00 1.557750000000000062e-11
5.750000000000000000e+00 1.480370000000000002e-11
5.769999999999999574e+00 1.406149999999999941e-11
5.790000000000000036e+00 1.335039999999999934e-11
5.809999999999999609e+00 1.266939999999999931e-11
5.830000000000000071e+00 1.201760000000000001e-11
5.849999999999999645e+00 1.139420000000000006e-11
5.870000000000000107e+00 1.079839999999999971e-11
5.889999999999999680e+00 1.022920000000000007e-11
5.910000000000000142e+00 9.685740000000000692e-12
5.929999999999999716e+00 9.167269999999999974e-12
5.950000000000000178e+00 8.672910000000000452e-12
5.969999999999999751e+00 8.201809999999999360e-12
5.990000000000000213e+00 7.753129999999999701e-12
6.009999999999999787e+00 7.326070000000000105e-12
6.030000000000000249e+00 6.919830000000000010e-12
6.049999999999999822e+00 6.533619999999999781e-12
6.070000000000000284e+00 6.166639999999999662e-12
6.089999999999999858e+00 5.818149999999999801e-12
6.110000000000000320e+00 5.487410000000000344e-12
6.129999999999999893e+00 5.173669999999999704e-12
6.150000000000000355e+00 4.876209999999999879e-12
6.169999999999999929e+00 4.594350000000000108e-12
6.190000000000000391e+00 4.327400000000000322e-12
6.209999999999999964e+00 4.074699999999999995e-12
6.230000000000000426e+00 3.835600000000000337e-12
6.250000000000000000e+00 3.609480000000000085e-12
6.269999999999999574e+00 3.395749999999999945e-12
6.290000000000000036e+00 3.193799999999999982e-12
6.309999999999999609e+00 3.002830000000000040e-12
6.330000000000000071e+00 2.822730000000000030e-12
6.349999999999999645e+00 2.652739999999999862e-12
6.370000000000000107e+00 2.492390000000000046e-12
6.389999999999999680e+00 2.341190000000000044e-12
6.410000000000000142e+00 2.198680000000000079e-12
6.429999999999999716e+00 2.064399999999999968e-12
6.450000000000000178e+00 1.937930000000000003e-12
6.469999999999999751e+00 1.818850000000000070e-12
6.490000000000000213e+00 1.706760000000000090e-12
6.509999999999999787e+00 1.601289999999999935e-12
6.530000000000000249e+00 1.502070000000000081e-12
6.549999999999999822e+00 1.408759999999999947e-12
6.570000000000000284e+00 1.321030000000000077e-12
6.589999999999999858e+00 1.238570000000000043e-12
6.610000000000000320e+00 1.161079999999999936e-12
6.629999999999999893e+00 1.088280000000000084e-12
6.650000000000000355e+00 1.019899999999999925e-12
6.669999999999999929e+00 9.556860000000000538e-13
6.690000000000000391e+00 8.954189999999999634e-13
6.709999999999999964e+00 8.388339999999999576e-13
6.730000000000000426e+00 7.857340000000000122e-13
6.750000000000000000e+00 7.359019999999999676e-13
6.769999999999999574e+00 6.891639999999999501e-13
6.790000000000000036e+00 6.453289999999999657e-13
6.809999999999999609e+00 6.042230000000000397e-13
6.830000000000000071e+00 5.656820000000000124e-13
6.849999999999999645e+00 5.295500000000000003e-13
6.870000000000000107e+00 4.956829999999999792e-13
6.889999999999999680e+00 4.639440000000000273e-13
6.910000000000000142e+00 4.342030000000000230e-13
6.929999999999999716e+00 4.063359999999999763e-13
6.950000000000000178e+00 3.802299999999999863e-13
6.969999999999999751e+00 3.557759999999999877e-13
6.990000000000000213e+00 3.328720000000000179e-13
7.009999999999999787e+00 3.114219999999999932e-13
7.030000000000000249e+00 2.913349999999999900e-13
7.049999999999999822e+00 2.725269999999999857e-13
7.070000000000000284e+00 2.549179999999999948e-13
7.089999999999999858e+00 2.384320000000000184e-13
7.110000000000000320e+00 2.230010000000000057e-13
7.129999999999999893e+00 2.085560000000000102e-13
7.150000000000000355e+00 1.950360000000000082e-13
7.169999999999999929e+00 1.823839999999999880e-13
7.190000000000000391e+00 1.705429999999999883e-13
7.209999999999999964e+00 1.594639999999999958e-13
7.230000000000000426e+00 1.490970000000000007e-13
7.259999999999999787e+00 1.393970000000000017e-13
7.280000000000000249e+00 1.303230000000000092e-13
7.299999999999999822e+00 1.218619999999999911e-13
7.320000000000000284e+00 1.139220000000000017e-13
7.339999999999999858e+00 1.064969999999999980e-13
7.360000000000000320e+00 9.955700000000000432e-14
7.379999999999999893e+00 9.307009999999999588e-14
7.400000000000000355e+00 8.700749999999999554e-14
7.419999999999999929e+00 8.134220000000000503e-14
7.440000000000000391e+00 7.604860000000000121e-14
7.459999999999999964e+00 7.110290000000000291e-14
7.480000000000000426e+00 6.648259999999999684e-14
7.500000000000000000e+00 6.216699999999999905e-14
7.519999999999999574e+00 5.813659999999999888e-14
7.540000000000000036e+00 5.437310000000000310e-14
7.559999999999999609e+00 5.085959999999999995e-14
7.580000000000000071e+00 4.758030000000000048e-14
7.599999999999999645e+00 4.452000000000000240e-14
7.620000000000000107e+00 4.166530000000000120e-14
7.639999999999999680e+00 3.900289999999999959e-14
7.660000000000000142e+00 3.652079999999999974e-14
7.679999999999999716e+00 3.420750000000000217e-14
7.700000000000000178e+00 3.205259999999999865e-14
7.719999999999999751e+00 3.004590000000000176e-14
7.740000000000000213e+00 2.817840000000000050e-14
7.759999999999999787e+00 2.644130000000000152e-14
7.780000000000000249e+00 2.482630000000000032e-14
7.799999999999999822e+00 2.332570000000000114e-14
7.820000000000000284e+00 2.193249999999999894e-14
7.839999999999999858e+00 2.063989999999999998e-14
7.860000000000000320e+00 1.944159999999999942e-14
7.879999999999999893e+00 1.833160000000000150e-14
7.900000000000000355e+00 1.730460000000000118e-14
7.919999999999999929e+00 1.635510000000000104e-14
7.940000000000000391e+00 1.547849999999999938e-14
7.959999999999999964e+00 1.467020000000000082e-14
7.980000000000000426e+00 1.392579999999999921e-14
8.000000000000000000e+00 1.324130000000000002e-14
8.019999999999999574e+00 1.261309999999999979e-14
8.039999999999999147e+00 1.203750000000000046e-14
8.060000000000000497e+00 1.151119999999999977e-14
8.080000000000000071e+00 1.103119999999999986e-14
8.099999999999999645e+00 1.059460000000000062e-14
8.119999999999999218e+00 1.019850000000000035e-14
8.140000000000000568e+00 9.840459999999999766e-15
8.160000000000000142e+00 9.518039999999999548e-15
8.179999999999999716e+00 9.228979999999999541e-15
8.199999999999999289e+00 8.971159999999999623e-15
8.220000000000000639e+00 8.742580000000000157e-15
8.240000000000000213e+00 8.541379999999999964e-15
8.259999999999999787e+00 8.365779999999999241e-15
8.279999999999999361e+00 8.214139999999999798e-15
8.300000000000000711e+00 8.082210000000000039e-15
8.320000000000000284e+00 7.973500000000000684e-15
8.339999999999999858e+00 7.884409999999999862e-15
8.359999999999999432e+00 7.813620000000000145e-15
8.380000000000000782e+00 7.759910000000000304e-15
8.400000000000000355e+00 7.722140000000000481e-15
8.419999999999999929e+00 7.699239999999999261e-15
8.439999999999999503e+00 7.690169999999999293e-15
8.460000000000000853e+00 7.693989999999999422e-15
8.480000000000000426e+00 7.709789999999999403e-15
8.500000000000000000e+00 7.736740000000000363e-15
