# log10(T) rate(cm^3/s)
# RecombRates
3.500000000000000000e+00 5.691199999999999822e-11
3.520000000000000018e+00 5.521399999999999798e-11
3.540000000000000036e+00 5.356420000000000152e-11
3.560000000000000053e+00 5.196110000000000242e-11
3.580000000000000071e+00 5.040339999999999988e-11
3.600000000000000089e+00 4.888999999999999868e-11
3.620000000000000107e+00 4.741959999999999799e-11
3.640000000000000124e+00 4.599110000000000262e-11
3.660000000000000142e+00 4.460319999999999881e-11
3.680000000000000160e+00 4.325499999999999694e-11
3.700000000000000178e+00 4.194520000000000266e-11
3.720000000000000195e+00 4.067290000000000050e-11
3.740000000000000213e+00 3.943700000000000170e-11
3.759999999999999787e+00 3.823649999999999767e-11
3.779999999999999805e+00 3.707049999999999880e-11
3.799999999999999822e+00 3.593800000000000297e-11
3.819999999999999840e+00 3.483800000000000160e-11
3.839999999999999858e+00 3.376969999999999817e-11
3.859999999999999876e+00 3.273220000000000304e-11
3.879999999999999893e+00 3.172470000000000032e-11
3.899999999999999911e+00 3.074630000000000037e-11
3.919999999999999929e+00 2.979620000000000020e-11
3.939999999999999947e+00 2.887360000000000008e-11
3.959999999999999964e+00 2.797779999999999979e-11
3.979999999999999982e+00 2.710809999999999917e-11
4.000000000000000000e+00 2.626359999999999888e-11
4.019999999999999574e+00 2.544380000000000110e-11
4.040000000000000036e+00 2.464789999999999961e-11
4.059999999999999609e+00 2.387530000000000026e-11
4.080000000000000071e+00 2.312520000000000005e-11
4.099999999999999645e+00 2.239720000000000073e-11
4.120000000000000107e+00 2.169049999999999931e-11
4.139999999999999680e+00 2.100460000000000119e-11
4.160000000000000142e+00 2.033889999999999929e-11
4.179999999999999716e+00 1.969279999999999945e-11
4.200000000000000178e+00 1.906580000000000061e-11
4.219999999999999751e+00 1.845739999999999848e-11
4.240000000000000213e+00 1.786689999999999933e-11
4.259999999999999787e+00 1.729400000000000123e-11
4.280000000000000249e+00 1.673819999999999991e-11
4.299999999999999822e+00 1.619879999999999839e-11
4.320000000000000284e+00 1.567560000000000078e-11
4.339999999999999858e+00 1.516799999999999999e-11
4.360000000000000320e+00 1.467560000000000100e-11
4.379999999999999893e+00 1.419789999999999951e-11
4.400000000000000355e+00 1.373460000000000006e-11
4.419999999999999929e+00 1.328519999999999998e-11
4.440000000000000391e+00 1.284940000000000056e-11
4.459999999999999964e+00 1.242680000000000032e-11
4.480000000000000426e+00 1.201689999999999982e-11
4.500000000000000000e+00 1.161940000000000035e-11
4.519999999999999574e+00 1.123409999999999956e-11
4.540000000000000036e+00 1.086040000000000005e-11
4.559999999999999609e+00 1.049820000000000064e-11
4.580000000000000071e+00 1.014709999999999985e-11
4.599999999999999645e+00 9.806690000000000090e-12
4.620000000000000107e+00 9.476820000000000407e-12
4.639999999999999680e+00 9.157179999999999559e-12
4.660000000000000142e+00 8.847529999999999561e-12
4.679999999999999716e+00 8.547689999999999901e-12
4.700000000000000178e+00 8.257520000000000543e-12
4.719999999999999751e+00 7.976949999999999851e-12
4.740000000000000213e+00 7.705999999999999678e-12
4.769999999999999574e+00 7.444830000000000297e-12
4.790000000000000036e+00 7.193730000000000287e-12
4.809999999999999609e+00 6.953150000000000114e-12
4.830000000000000071e+00 6.723750000000000304e-12
4.849999999999999645e+00 6.506399999999999822e-12
4.870000000000000107e+00 6.302219999999999777e-12
4.889999999999999680e+00 6.112539999999999721e-12
4.910000000000000142e+00 5.938920000000000305e-12
4.929999999999999716e+00 5.783129999999999815e-12
4.950000000000000178e+00 5.647069999999999686e-12
4.969999999999999751e+00 5.532760000000000348e-12
4.990000000000000213e+00 5.442450000000000099e-12
5.009999999999999787e+00 5.377530000000000008e-12
5.030000000000000249e+00 5.340449999999999928e-12
5.049999999999999822e+00 5.332750000000000274e-12
5.070000000000000284e+00 5.355660000000000224e-12
5.089999999999999858e+00 5.410069999999999787e-12
5.110000000000000320e+00 5.496370000000000338e-12
5.129999999999999893e+00 5.614449999999999770e-12
5.150000000000000355e+00 5.763619999999999628e-12
5.169999999999999929e+00 5.942620000000000380e-12
5.190000000000000391e+00 6.149609999999999683e-12
5.209999999999999964e+00 6.382200000000000008e-12
5.230000000000000426e+00 6.637540000000000008e-12
5.250000000000000000e+00 6.912339999999999605e-12
5.269999999999999574e+00 7.203049999999999686e-12
5.290000000000000036e+00 7.505879999999999921e-12
5.309999999999999609e+00 7.816970000000000769e-12
5.330000000000000071e+00 8.132519999999999359e-12
5.349999999999999645e+00 8.448889999999999555e-12
5.370000000000000107e+00 8.762729999999999761e-12
5.389999999999999680e+00 9.071069999999999636e-12
5.410000000000000142e+00 9.371430000000000590e-12
5.429999999999999716e+00 9.661859999999999788e-12
5.450000000000000178e+00 9.941030000000000102e-12
5.469999999999999751e+00 1.020819999999999926e-11
5.490000000000000213e+00 1.046319999999999928e-11
5.509999999999999787e+00 1.070640000000000050e-11
5.530000000000000249e+00 1.093870000000000064e-11
5.549999999999999822e+00 1.116140000000000048e-11
5.570000000000000284e+00 1.137599999999999999e-11
5.589999999999999858e+00 1.158459999999999973e-11
5.610000000000000320e+00 1.178810000000000063e-11
5.629999999999999893e+00 1.198909999999999947e-11
5.650000000000000355e+00 1.218899999999999986e-11
5.669999999999999929e+00 1.238899999999999982e-11
5.690000000000000391e+00 1.259000000000000027e-11
5.709999999999999964e+00 1.279260000000000024e-11
5.730000000000000426e+00 1.299660000000000058e-11
5.750000000000000000e+00 1.320180000000000055e-11
5.769999999999999574e+00 1.340729999999999922e-11
5.790000000000000036e+00 1.361169999999999944e-11
5.809999999999999609e+00 1.381319999999999934e-11
5.830000000000000071e+00 1.400990000000000072e-11
5.849999999999999645e+00 1.419939999999999945e-11
5.870000000000000107e+00 1.437919999999999996e-11
5.889999999999999680e+00 1.454659999999999943e-11
5.910000000000000142e+00 1.469919999999999860e-11
5.929999999999999716e+00 1.483419999999999994e-11
5.950000000000000178e+00 1.494930000000000053e-11
5.969999999999999751e+00 1.504220000000000067e-11
5.990000000000000213e+00 1.511089999999999936e-11
6.009999999999999787e+00 1.515389999999999988e-11
6.030000000000000249e+00 1.516979999999999863e-11
6.049999999999999822e+00 1.515759999999999996e-11
6.070000000000000284e+00 1.511670000000000000e-11
6.089999999999999858e+00 1.504680000000000006e-11
6.110000000000000320e+00 1.494799999999999972e-11
6.129999999999999893e+00 1.482080000000000002e-11
6.150000000000000355e+00 1.466590000000000115e-11
6.169999999999999929e+00 1.448430000000000039e-11
6.190000000000000391e+00 1.427720000000000060e-11
6.209999999999999964e+00 1.404619999999999966e-11
6.230000000000000426e+00 1.379290000000000033e-11
6.250000000000000000e+00 1.351909999999999962e-11
6.269999999999999574e+00 1.322670000000000058e-11
6.290000000000000036e+00 1.291759999999999981e-11
6.309999999999999609e+00 1.259389999999999948e-11
6.330000000000000071e+00 1.225760000000000060e-11
6.349999999999999645e+00 1.191080000000000050e-11
6.370000000000000107e+00 1.155529999999999944e-11
6.389999999999999680e+00 1.119310000000000004e-11
6.410000000000000142e+00 1.082599999999999931e-11
6.429999999999999716e+00 1.045580000000000074e-11
6.450000000000000178e+00 1.008420000000000019e-11
6.469999999999999751e+00 9.712599999999999630e-12
6.490000000000000213e+00 9.342550000000000414e-12
6.509999999999999787e+00 8.975309999999999649e-12
6.530000000000000249e+00 8.612069999999999270e-12
6.549999999999999822e+00 8.253910000000000723e-12
6.570000000000000284e+00 7.901800000000000116e-12
6.589999999999999858e+00 7.556240000000000122e-12
6.610000000000000320e+00 7.218569999999999603e-12
6.629999999999999893e+00 6.889060000000000132e-12
6.650000000000000355e+00 6.568299999999999790e-12
6.669999999999999929e+00 6.256719999999999617e-12
6.690000000000000391e+00 5.954669999999999708e-12
6.709999999999999964e+00 5.662409999999999901e-12
6.730000000000000426e+00 5.380150000000000254e-12
6.750000000000000000e+00 5.107999999999999641e-12
6.769999999999999574e+00 4.846010000000000270e-12
6.790000000000000036e+00 4.594179999999999716e-12
6.809999999999999609e+00 4.352459999999999813e-12
6.830000000000000071e+00 4.120769999999999616e-12
6.849999999999999645e+00 3.898959999999999777e-12
6.870000000000000107e+00 3.686880000000000139e-12
6.889999999999999680e+00 3.484329999999999957e-12
6.910000000000000142e+00 3.291099999999999982e-12
6.929999999999999716e+00 3.106940000000000088e-12
6.950000000000000178e+00 2.931609999999999865e-12
6.969999999999999751e+00 2.764840000000000162e-12
6.990000000000000213e+00 2.606390000000000166e-12
7.009999999999999787e+00 2.455910000000000185e-12
7.030000000000000249e+00 2.313150000000000095e-12
7.049999999999999822e+00 2.177809999999999987e-12
7.070000000000000284e+00 2.049589999999999953e-12
7.089999999999999858e+00 1.928220000000000037e-12
7.110000000000000320e+00 1.813399999999999927e-12
7.129999999999999893e+00 1.704849999999999950e-12
7.150000000000000355e+00 1.602279999999999914e-12
7.169999999999999929e+00 1.505420000000000062e-12
7.190000000000000391e+00 1.414000000000000033e-12
7.209999999999999964e+00 1.327769999999999905e-12
7.230000000000000426e+00 1.246450000000000005e-12
7.259999999999999787e+00 1.169819999999999957e-12
7.280000000000000249e+00 1.097639999999999956e-12
7.299999999999999822e+00 1.029660000000000078e-12
7.320000000000000284e+00 9.656809999999999521e-13
7.339999999999999858e+00 9.054820000000000387e-13
7.360000000000000320e+00 8.488639999999999663e-13
7.379999999999999893e+00 7.956300000000000136e-13
7.400000000000000355e+00 7.455950000000000153e-13
7.419999999999999929e+00 6.985810000000000098e-13
7.440000000000000391e+00 6.544210000000000243e-13
7.459999999999999964e+00 6.129519999999999715e-13
7.480000000000000426e+00 5.740200000000000118e-13
7.500000000000000000e+00 5.374800000000000483e-13
7.519999999999999574e+00 5.031949999999999576e-13
7.540000000000000036e+00 4.710329999999999782e-13
7.559999999999999609e+00 4.408679999999999749e-13
7.580000000000000071e+00 4.125850000000000035e-13
7.599999999999999645e+00 3.861069999999999925e-13
7.620000000000000107e+00 3.612559999999999805e-13
7.639999999999999680e+00 3.379729999999999878e-13
7.660000000000000142e+00 3.161630000000000029e-13
7.679999999999999716e+00 2.957380000000000168e-13
7.700000000000000178e+00 2.766140000000000066e-13
7.719999999999999751e+00 2.587089999999999935e-13
7.740000000000000213e+00 2.419510000000000158e-13
7.759999999999999787e+00 2.262669999999999890e-13
7.780000000000000249e+00 2.115920000000000035e-13
7.799999999999999822e+00 1.978629999999999921e-13
7.820000000000000284e+00 1.850209999999999999e-13
7.839999999999999858e+00 1.730100000000000120e-13
7.860000000000000320e+00 1.617809999999999899e-13
7.879999999999999893e+00 1.512820000000000061e-13
7.900000000000000355e+00 1.414690000000000054e-13
7.919999999999999929e+00 1.322990000000000051e-13
7.940000000000000391e+00 1.237309999999999905e-13
7.959999999999999964e+00 1.157280000000000093e-13
7.980000000000000426e+00 1.082550000000000017e-13
8.000000000000000000e+00 1.012769999999999960e-13
8.019999999999999574e+00 9.476339999999999837e-14
8.039999999999999147e+00 8.868539999999999388e-14
8.060000000000000497e+00 8.301540000000000390e-14
8.080000000000000071e+00 7.772749999999999621e-14
8.099999999999999645e+00 7.279729999999999668e-14
8.119999999999999218e+00 6.820249999999999388e-14
8.140000000000000568e+00 6.392129999999999997e-14
8.160000000000000142e+00 5.993400000000000241e-14
8.179999999999999716e+00 5.622199999999999889e-14
8.199999999999999289e+00 5.276760000000000176e-14
8.220000000000000639e+00 4.955449999999999852e-14
8.240000000000000213e+00 4.656749999999999948e-14
8.259999999999999787e+00 4.379159999999999790e-14
8.279999999999999361e+00 4.121390000000000021e-14
8.300000000000000711e+00 3.882119999999999744e-14
8.320000000000000284e+00 3.660190000000000179e-14
8.339999999999999858e+00 3.454479999999999761e-14
8.359999999999999432e+00 3.263950000000000193e-14
8.380000000000000782e+00 3.087630000000000042e-14
8.400000000000000355e+00 2.924600000000000231e-14
8.419999999999999929e+00 2.774000000000000032e-14
8.439999999999999503e+00 2.635039999999999998e-14
8.460000000000000853e+00 2.506940000000000145e-14
8.480000000000000426e+00 2.389020000000000154e-14
8.500000000000000000e+00 2.280619999999999891e-14
