# My Header 
#  has 3 lines 
#  Wavelenth (micron)  Kappa (m^2/kg)
1.000000000000000000e+03 5.152951134796525390e-02
9.886000000000000227e+02 5.266292596116346064e-02
9.772000000000000455e+02 5.379693441776266932e-02
9.661000000000000227e+02 5.490320595689118094e-02
9.550000000000000000e+02 5.601039795793912729e-02
9.441000000000000227e+02 5.709926879407542510e-02
9.332999999999999545e+02 5.836222831104815462e-02
9.226000000000000227e+02 5.961492600354113131e-02
9.120000000000000000e+02 6.085674136258459321e-02
9.016000000000000227e+02 6.207753529644970819e-02
8.912999999999999545e+02 6.328784729407004039e-02
8.810000000000000000e+02 6.470944709923916183e-02
8.710000000000000000e+02 6.609194704592645520e-02
8.610000000000000000e+02 6.747567154980221860e-02
8.511000000000000227e+02 6.884698774565491119e-02
8.413999999999999773e+02 7.019292369171396817e-02
8.317999999999999545e+02 7.175385080343009425e-02
8.222000000000000455e+02 7.331554604591342117e-02
8.127999999999999545e+02 7.484716534971157242e-02
8.035000000000000000e+02 7.636446234140266409e-02
7.942999999999999545e+02 7.786713977927557651e-02
7.852000000000000455e+02 7.961565450413353451e-02
7.762000000000000455e+02 8.134686754620958082e-02
7.673999999999999773e+02 8.304209960676224578e-02
7.586000000000000227e+02 8.473883808325285982e-02
7.498999999999999773e+02 8.641878806237460187e-02
7.412999999999999545e+02 8.836981626419244951e-02
7.327999999999999545e+02 9.030024633531809342e-02
7.243999999999999773e+02 9.221051816791041300e-02
7.161000000000000227e+02 9.410046036843229544e-02
7.078999999999999773e+02 9.596972626702429676e-02
6.997999999999999545e+02 9.814649206951439608e-02
6.917999999999999545e+02 1.002991772151141242e-01
6.838999999999999773e+02 1.024275551395763678e-01
6.761000000000000227e+02 1.045311783537921646e-01
6.682999999999999545e+02 1.066376008691875960e-01
6.607000000000000455e+02 1.090553593422160239e-01
6.531000000000000227e+02 1.114757458709232235e-01
6.457000000000000455e+02 1.138361669304975288e-01
6.382999999999999545e+02 1.161992700586095550e-01
6.310000000000000000e+02 1.185331556038411449e-01
6.237000000000000455e+02 1.212794781422850965e-01
6.166000000000000227e+02 1.239549386404951714e-01
6.095000000000000000e+02 1.266325742878655902e-01
6.026000000000000227e+02 1.292394881674214790e-01
5.957000000000000455e+02 1.318488152825421644e-01
5.887999999999999545e+02 1.349213620670459690e-01
5.821000000000000227e+02 1.379105386661658161e-01
5.753999999999999773e+02 1.409015955808280984e-01
5.688999999999999773e+02 1.438088849958460702e-01
5.622999999999999545e+02 1.467622694519249149e-01
5.558999999999999773e+02 1.501465150357123857e-01
5.495000000000000000e+02 1.535335685920341808e-01
5.432999999999999545e+02 1.568202593603272021e-01
5.370000000000000000e+02 1.601621577473013314e-01
5.308999999999999773e+02 1.634037284007541502e-01
5.247999999999999545e+02 1.672276093136456920e-01
5.187999999999999545e+02 1.709937515969674471e-01
5.128999999999999773e+02 1.747019653771477998e-01
5.070000000000000000e+02 1.784140869239910776e-01
5.011999999999999886e+02 1.820683376537488574e-01
4.955000000000000000e+02 1.863104421164090974e-01
4.898000000000000114e+02 1.905564464512105038e-01
4.841999999999999886e+02 1.947339904895340479e-01
4.786000000000000227e+02 1.989145184246702003e-01
4.731999999999999886e+02 2.029549149472508196e-01
4.676999999999999886e+02 2.078112937516174430e-01
4.623999999999999773e+02 2.125006690773383611e-01
4.571000000000000227e+02 2.171942497246933390e-01
4.518999999999999773e+02 2.218057115566217652e-01
4.466999999999999886e+02 2.264211916882166997e-01
4.416000000000000227e+02 2.317626404766912618e-01
4.365000000000000000e+02 2.371083996338087807e-01
4.315000000000000000e+02 2.423577384696965764e-01
4.266000000000000227e+02 2.475092707482240140e-01
4.216999999999999886e+02 2.526654087527956949e-01
4.168999999999999773e+02 2.586376718862709034e-01
4.121000000000000227e+02 2.646132680791075109e-01
4.073999999999999773e+02 2.704743445128820478e-01
4.026999999999999886e+02 2.763392664030151491e-01
3.981000000000000227e+02 2.820899051952101555e-01
3.936000000000000227e+02 2.887507571195319644e-01
3.890000000000000000e+02 2.955603398671834414e-01
3.846000000000000227e+02 3.020886488261012026e-01
3.801999999999999886e+02 3.086216174950903168e-01
3.758000000000000114e+02 3.151613040620831474e-01
3.715000000000000000e+02 3.227344792790832195e-01
3.673000000000000114e+02 3.301442590981182867e-01
3.631000000000000227e+02 3.375586510653992844e-01
3.588999999999999773e+02 3.449805762243414176e-01
3.548000000000000114e+02 3.522360482536310289e-01
3.508000000000000114e+02 3.606334680640866375e-01
3.466999999999999886e+02 3.692413661023533078e-01
3.428000000000000114e+02 3.774493790202842480e-01
3.388000000000000114e+02 3.858642279116238361e-01
3.350000000000000000e+02 3.938822521382732145e-01
3.311000000000000227e+02 4.035702718268796008e-01
3.273000000000000114e+02 4.130270219288041389e-01
3.236000000000000227e+02 4.222480811664741651e-01
3.198999999999999773e+02 4.314784303598098725e-01
3.161999999999999886e+02 4.407134069670016197e-01
3.126000000000000227e+02 4.513907247191853989e-01
3.090000000000000000e+02 4.620762782395982371e-01
3.055000000000000000e+02 4.724800403403542903e-01
3.020000000000000000e+02 4.828957194460046787e-01
2.985000000000000000e+02 4.933182492138792896e-01
2.951000000000000227e+02 5.053408145550658537e-01
2.916999999999999886e+02 5.173765785942380235e-01
2.883999999999999773e+02 5.290744946819068151e-01
2.851000000000000227e+02 5.407854915775975879e-01
2.818000000000000114e+02 5.525040352128040011e-01
2.786000000000000227e+02 5.660630323729791691e-01
2.753999999999999773e+02 5.796301599631586976e-01
2.723000000000000114e+02 5.927950701245122689e-01
2.691999999999999886e+02 6.059711378044984054e-01
2.661000000000000227e+02 6.191602354349905468e-01
2.630000000000000000e+02 6.347367957693859086e-01
2.600000000000000000e+02 6.498377284042687885e-01
2.570000000000000000e+02 6.649482588241607539e-01
2.540999999999999943e+02 6.795889205573597547e-01
2.511999999999999886e+02 6.942347434919922122e-01
2.483000000000000114e+02 7.116277856390548218e-01
2.455000000000000000e+02 7.284507185316791977e-01
2.426999999999999886e+02 7.452841530048744945e-01
2.399000000000000057e+02 7.621338884341855024e-01
2.370999999999999943e+02 7.789930663137691891e-01
2.344000000000000057e+02 7.985417014040607775e-01
2.316999999999999886e+02 8.181008053822397263e-01
2.290999999999999943e+02 8.369732495531785332e-01
2.265000000000000000e+02 8.558622695003718084e-01
2.239000000000000057e+02 8.747664354471851311e-01
2.213000000000000114e+02 8.970920823772335906e-01
2.188000000000000114e+02 9.186031983971718606e-01
2.163000000000000114e+02 9.401312038419907813e-01
2.138000000000000114e+02 9.616754737980746093e-01
2.113000000000000114e+02 9.832367564968766960e-01
2.089000000000000057e+02 1.008285756859940152e+00
2.065000000000000000e+02 1.033354369262529548e+00
2.041999999999999886e+02 1.057430642283103683e+00
2.018000000000000114e+02 1.082536904814404011e+00
1.995000000000000000e+02 1.106646682310330698e+00
1.971999999999999886e+02 1.135808640124507551e+00
1.950000000000000000e+02 1.163756932428895441e+00
1.928000000000000114e+02 1.191727153057990929e+00
1.905000000000000000e+02 1.220952097349865761e+00
1.884000000000000057e+02 1.247733692769813496e+00
1.861999999999999886e+02 1.281471558811803968e+00
1.840999999999999943e+02 1.313752955173933978e+00
1.820000000000000000e+02 1.346052159378279711e+00
1.799000000000000057e+02 1.378375023386846143e+00
1.778000000000000114e+02 1.410724284533134476e+00
1.758000000000000114e+02 1.449462964755012573e+00
1.738000000000000114e+02 1.488224798974361773e+00
1.718000000000000114e+02 1.527013444721010638e+00
1.698000000000000114e+02 1.565826279539194621e+00
1.679000000000000057e+02 1.602789832740865394e+00
1.660000000000000000e+02 1.650098694934345911e+00
1.640999999999999943e+02 1.697440511023255327e+00
1.621999999999999886e+02 1.744814879461627610e+00
1.603000000000000114e+02 1.792218254462105032e+00
1.585000000000000000e+02 1.837218925136223868e+00
1.566999999999999886e+02 1.898699902299793685e+00
1.549000000000000057e+02 1.960208850432278771e+00
1.530999999999999943e+02 2.021752724440693871e+00
1.514000000000000057e+02 2.079991930317866888e+00
1.495999999999999943e+02 2.141601460949361879e+00
1.479000000000000057e+02 2.219106288486586642e+00
1.461999999999999886e+02 2.296639585732463740e+00
1.445000000000000000e+02 2.374212840336554109e+00
1.429000000000000057e+02 2.447360246691809404e+00
1.413000000000000114e+02 2.520547327675391802e+00
1.395999999999999943e+02 2.571922088448789445e+00
1.380000000000000000e+02 2.620419086697037159e+00
1.365000000000000000e+02 2.666040610408667799e+00
1.349000000000000057e+02 2.714622020868425967e+00
1.334000000000000057e+02 2.760325273343688046e+00
1.318000000000000114e+02 2.802093882952962467e+00
1.303000000000000114e+02 2.841416185881620482e+00
1.288000000000000114e+02 2.880787570454965252e+00
1.274000000000000057e+02 2.917720043380724881e+00
1.259000000000000057e+02 2.957184847691511909e+00
1.245000000000000000e+02 3.016110588957642946e+00
1.230000000000000000e+02 3.079140513562887094e+00
1.215999999999999943e+02 3.138178807998552422e+00
1.202000000000000028e+02 3.197262264900827322e+00
1.189000000000000057e+02 3.252358485824012657e+00
1.175000000000000000e+02 3.331964673711062197e+00
1.160999999999999943e+02 3.411610958408020089e+00
1.147999999999999972e+02 3.485807652625035225e+00
1.135000000000000000e+02 3.560083887842362405e+00
1.122000000000000028e+02 3.634406958045971692e+00
1.109000000000000057e+02 3.730513288899084845e+00
1.095999999999999943e+02 3.826689539013070185e+00
1.084000000000000057e+02 3.915740185054400246e+00
1.072000000000000028e+02 4.004863608124670904e+00
1.059000000000000057e+02 4.101263471016861395e+00
1.047000000000000028e+02 4.213638432632991204e+00
1.035000000000000000e+02 4.326113436790202549e+00
1.022999999999999972e+02 4.438662596752137368e+00
1.012000000000000028e+02 4.542176566074669353e+00
1.000000000000000000e+02 4.654866101417130864e+00
9.885999999999999943e+01 4.784845140346119408e+00
9.771999999999999886e+01 4.914913199042648451e+00
9.660999999999999943e+01 5.041713290042578954e+00
9.550000000000000000e+01 5.168634387167698740e+00
9.440999999999999659e+01 5.293368510776957692e+00
9.332999999999999829e+01 5.442926899240547733e+00
9.226000000000000512e+01 5.591223550776102336e+00
9.120000000000000284e+01 5.738275999905000369e+00
9.015999999999999659e+01 5.882709473599808447e+00
8.912999999999999545e+01 6.025874103894723000e+00
8.809999999999999432e+01 6.200751036432014196e+00
8.709999999999999432e+01 6.370778539993266598e+00
8.609999999999999432e+01 6.540889371443434186e+00
8.510999999999999943e+01 6.709484541788236278e+00
8.414000000000000057e+01 6.874836490118156895e+00
8.318000000000000682e+01 7.072221986240416314e+00
8.221999999999999886e+01 7.269761557963365206e+00
8.128000000000000114e+01 7.463355110463982811e+00
8.034999999999999432e+01 7.655090440083577086e+00
7.943000000000000682e+01 7.844934697724170292e+00
7.851999999999999602e+01 8.068282640326888355e+00
7.762000000000000455e+01 8.289342712979484773e+00
7.673999999999999488e+01 8.505752119184547766e+00
7.585999999999999943e+01 8.722274667445349294e+00
7.498999999999999488e+01 8.936549216611130220e+00
7.412999999999999545e+01 9.185460636027386272e+00
7.328000000000000114e+01 9.431723022374429277e+00
7.243999999999999773e+01 9.675274134615918342e+00
7.160999999999999943e+01 9.916125325018191106e+00
7.079000000000000625e+01 1.015438218867758025e+01
6.998000000000000398e+01 1.042988981512580082e+01
6.918000000000000682e+01 1.070221728704825814e+01
6.839000000000000057e+01 1.097137742611086431e+01
6.760999999999999943e+01 1.123738030003064026e+01
6.682999999999999829e+01 1.150353397655159249e+01
6.606999999999999318e+01 1.180484897045674231e+01
6.531000000000000227e+01 1.210626137244376999e+01
6.456999999999999318e+01 1.240015922695373973e+01
6.382999999999999829e+01 1.269420850320158500e+01
6.310000000000000142e+01 1.298453681853605879e+01
6.236999999999999744e+01 1.331587725392060761e+01
6.165999999999999659e+01 1.363852787029196278e+01
6.095000000000000284e+01 1.396138556007063691e+01
6.025999999999999801e+01 1.427555603769794779e+01
5.957000000000000028e+01 1.458987678356928264e+01
5.888000000000000256e+01 1.494541607478051404e+01
5.821000000000000085e+01 1.529109270065730897e+01
5.753999999999999915e+01 1.563693966725125328e+01
5.689000000000000057e+01 1.597287630196084329e+01
5.622999999999999687e+01 1.631408606343496714e+01
5.559000000000000341e+01 1.668450492654907791e+01
5.495000000000000284e+01 1.705509903363970992e+01
5.432999999999999829e+01 1.741458337997611494e+01
5.370000000000000284e+01 1.777994442143521781e+01
5.309000000000000341e+01 1.813412892584211633e+01
5.247999999999999687e+01 1.852266870959039480e+01
5.188000000000000256e+01 1.890525929989759746e+01
5.128999999999999915e+01 1.928169822081011020e+01
5.070000000000000284e+01 1.965845126723129255e+01
5.011999999999999744e+01 2.002906230849252012e+01
4.954999999999999716e+01 2.041966294860648290e+01
4.897999999999999687e+01 2.081036167289871486e+01
4.842000000000000171e+01 2.119459260600753225e+01
4.785999999999999943e+01 2.157897303895963503e+01
4.732000000000000028e+01 2.195023851924091574e+01
4.677000000000000313e+01 2.235338505206283699e+01
4.624000000000000199e+01 2.274253927551444221e+01
4.571000000000000085e+01 2.313176216872593827e+01
4.518999999999999773e+01 2.351403235659939739e+01
4.467000000000000171e+01 2.389640354721181481e+01
4.415999999999999659e+01 2.429077299929255318e+01
4.364999999999999858e+01 2.468529876246388355e+01
4.314999999999999858e+01 2.507239085764195963e+01
4.265999999999999659e+01 2.545214959775935881e+01
4.217000000000000171e+01 2.583195801775054079e+01
4.168999999999999773e+01 2.620773259408213818e+01
4.121000000000000085e+01 2.658350274110351918e+01
4.074000000000000199e+01 2.695179519924613487e+01
4.027000000000000313e+01 2.732012208757725347e+01
3.981000000000000227e+01 2.768100648915662987e+01
3.935999999999999943e+01 2.801601302097481749e+01
3.889999999999999858e+01 2.835816051781117508e+01
3.846000000000000085e+01 2.868607666266428069e+01
3.802000000000000313e+01 2.901403266896791067e+01
3.757999999999999829e+01 2.934193618418192884e+01
3.714999999999999858e+01 2.962416466745169785e+01
3.672999999999999687e+01 2.990021297592598160e+01
3.631000000000000227e+01 3.017619831157046306e+01
3.589000000000000057e+01 3.045216901629240169e+01
3.547999999999999687e+01 3.072177913034756358e+01
3.507999999999999829e+01 3.092873873318038136e+01
3.467000000000000171e+01 3.114032729364811658e+01
3.428000000000000114e+01 3.134231317081299295e+01
3.388000000000000256e+01 3.154894026698996257e+01
3.350000000000000000e+01 3.174574926643081341e+01
3.310999999999999943e+01 3.187220594425302167e+01
3.272999999999999687e+01 3.199561804708152124e+01
3.235999999999999943e+01 3.211591476990000871e+01
3.198999999999999844e+01 3.223596057350931687e+01
3.162000000000000099e+01 3.235580923194893899e+01
3.126000000000000156e+01 3.239960454878237073e+01
3.089999999999999858e+01 3.244297013826096787e+01
3.055000000000000071e+01 3.248519449131148917e+01
3.019999999999999929e+01 3.252703167127975092e+01
2.985000000000000142e+01 3.256851212018289488e+01
2.951000000000000156e+01 3.254231989318073204e+01
2.917000000000000171e+01 3.251567544934169263e+01
2.883999999999999986e+01 3.248958544895401701e+01
2.851000000000000156e+01 3.246305275416453640e+01
2.817999999999999972e+01 3.243606493345665598e+01
2.785999999999999943e+01 3.235215869455002036e+01
2.753999999999999915e+01 3.226790217113938297e+01
2.723000000000000043e+01 3.218625156398983478e+01
2.692000000000000171e+01 3.210447502566864131e+01
2.660999999999999943e+01 3.202279541116724459e+01
2.630000000000000071e+01 3.190342836231740975e+01
2.600000000000000000e+01 3.178924281131994789e+01
2.569999999999999929e+01 3.167663484912494809e+01
2.541000000000000014e+01 3.157095547794675028e+01
2.512000000000000099e+01 3.146987895243714561e+01
2.482999999999999829e+01 3.137063058104372359e+01
2.455000000000000071e+01 3.128846580284749734e+01
2.426999999999999957e+01 3.122879677317705571e+01
2.398999999999999844e+01 3.121087195300550121e+01
2.371000000000000085e+01 3.127045809622249806e+01
2.344000000000000128e+01 3.144342870889216002e+01
2.317000000000000171e+01 3.162214067801670936e+01
2.291000000000000014e+01 3.145235071421594242e+01
2.264999999999999858e+01 3.109546973323976715e+01
2.239000000000000057e+01 3.087834344888215199e+01
2.212999999999999901e+01 3.088393559338462424e+01
2.187999999999999901e+01 3.116258671866370378e+01
2.162999999999999901e+01 3.192847084532486690e+01
2.137999999999999901e+01 3.336567880227602245e+01
2.112999999999999901e+01 3.384817300873553592e+01
2.089000000000000057e+01 3.226782545811432357e+01
2.064999999999999858e+01 3.095854139928524162e+01
2.042000000000000171e+01 3.026460028459726104e+01
2.017999999999999972e+01 2.987839217447809048e+01
1.994999999999999929e+01 2.964178677783856841e+01
1.971999999999999886e+01 2.954295159151013905e+01
1.950000000000000000e+01 2.949164856818985925e+01
1.928000000000000114e+01 2.947881401090474185e+01
1.905000000000000071e+01 2.951301763419618140e+01
1.883999999999999986e+01 2.963748697292508183e+01
1.862000000000000099e+01 3.008719883396248918e+01
1.841000000000000014e+01 3.170572679266397387e+01
1.819999999999999929e+01 3.341628727940597798e+01
1.798999999999999844e+01 3.072761791463308612e+01
1.778000000000000114e+01 3.000719986540074302e+01
1.757999999999999829e+01 2.989551244204340819e+01
1.737999999999999901e+01 2.993074157491599152e+01
1.717999999999999972e+01 3.002875831616984215e+01
1.698000000000000043e+01 3.017935931639778602e+01
1.678999999999999915e+01 3.043236245463615219e+01
1.660000000000000142e+01 3.131265013292253485e+01
1.641000000000000014e+01 3.723706531410363141e+01
1.621999999999999886e+01 3.181065561468759384e+01
1.603000000000000114e+01 3.122635550667014925e+01
1.584999999999999964e+01 3.125471415571920630e+01
1.566999999999999993e+01 3.147638216384911303e+01
1.549000000000000021e+01 3.173199811652394331e+01
1.531000000000000050e+01 3.200289372242516350e+01
1.514000000000000057e+01 3.226753813058519427e+01
1.496000000000000085e+01 3.255375617231913310e+01
1.478999999999999915e+01 3.293337217474585543e+01
1.461999999999999922e+01 3.331909210513088482e+01
1.444999999999999929e+01 3.371142540729983494e+01
1.428999999999999915e+01 3.409021225283879630e+01
1.413000000000000078e+01 3.447883145148678352e+01
1.396000000000000085e+01 3.502095382653246958e+01
1.380000000000000071e+01 3.555321122207838158e+01
1.365000000000000036e+01 3.608385119194668533e+01
1.349000000000000021e+01 3.668296789178090478e+01
1.333999999999999986e+01 3.731686465717794476e+01
1.317999999999999972e+01 3.820601430857173852e+01
1.302999999999999936e+01 3.919721766182161815e+01
1.288000000000000078e+01 4.030423821406490958e+01
1.274000000000000021e+01 4.124327491550353386e+01
1.258999999999999986e+01 4.175378056189710207e+01
1.244999999999999929e+01 4.206600172923580061e+01
1.230000000000000071e+01 4.252617072071031146e+01
1.216000000000000014e+01 4.326900371015057090e+01
1.201999999999999957e+01 4.466147311967031897e+01
1.189000000000000057e+01 4.628544246920039740e+01
1.175000000000000000e+01 4.664077715368200927e+01
1.160999999999999943e+01 4.803495063780810881e+01
1.148000000000000043e+01 5.109486282612174790e+01
1.134999999999999964e+01 5.533296632174430130e+01
1.122000000000000064e+01 5.540852968530820988e+01
1.108999999999999986e+01 5.278356409037937169e+01
1.096000000000000085e+01 5.172145483199965099e+01
1.083999999999999986e+01 5.166123806811234687e+01
1.072000000000000064e+01 5.207894962481323375e+01
1.058999999999999986e+01 5.279354457822650915e+01
1.047000000000000064e+01 5.380720822389054092e+01
1.034999999999999964e+01 5.489884560102649402e+01
1.023000000000000043e+01 5.604736145039408513e+01
1.011999999999999922e+01 5.715559964609011701e+01
1.000000000000000000e+01 5.839703271986861211e+01
9.885999999999999233e+00 5.984577273399080610e+01
9.772000000000000242e+00 6.134893945651787561e+01
9.660999999999999588e+00 6.288490599235014145e+01
9.550000000000000711e+00 6.450320349114517171e+01
9.441000000000000725e+00 6.620889018319533648e+01
9.333000000000000185e+00 6.830675088974231812e+01
9.226000000000000867e+00 7.060884931464163117e+01
9.119999999999999218e+00 7.323338569874755422e+01
9.016000000000000014e+00 7.638323810461999130e+01
8.913000000000000256e+00 8.048805938104295876e+01
8.810000000000000497e+00 8.660638414073306990e+01
8.710000000000000853e+00 9.499739242484010049e+01
8.609999999999999432e+00 1.024708187284104355e+02
8.510999999999999233e+00 1.028728408701800845e+02
8.413999999999999702e+00 1.011278675511245666e+02
8.317999999999999616e+00 1.024543006482319356e+02
8.221999999999999531e+00 1.066334120682727757e+02
8.128000000000000114e+00 1.132741911257569143e+02
8.035000000000000142e+00 1.223746476972625885e+02
7.942999999999999616e+00 1.337830934373421030e+02
7.852000000000000313e+00 1.466240992613162746e+02
7.761999999999999567e+00 1.570942254493923826e+02
7.674000000000000377e+00 1.607558942841381793e+02
7.586000000000000298e+00 1.565690390224461623e+02
7.498999999999999666e+00 1.480939138178989367e+02
7.413000000000000256e+00 1.398912563938488063e+02
7.328000000000000291e+00 1.334954688444327360e+02
7.243999999999999773e+00 1.291836083684766265e+02
7.160999999999999588e+00 1.266254208213040897e+02
7.078999999999999737e+00 1.253885085233187056e+02
6.998000000000000220e+00 1.256340260025879445e+02
6.918000000000000149e+00 1.266082730560797529e+02
6.839000000000000412e+00 1.281645353197961299e+02
6.761000000000000121e+00 1.302296044660435541e+02
6.682999999999999829e+00 1.328528488729009212e+02
6.607000000000000206e+00 1.366546849419889327e+02
6.530999999999999694e+00 1.414295594593024532e+02
6.456999999999999851e+00 1.477227191380356146e+02
6.383000000000000007e+00 1.568349059315888780e+02
6.309999999999999609e+00 1.702981243369187894e+02
6.237000000000000099e+00 1.862389557509358440e+02
6.166000000000000369e+00 1.899712628913912340e+02
6.094999999999999751e+00 1.810285918770611886e+02
6.025999999999999801e+00 1.733789526138931762e+02
5.956999999999999851e+00 1.701266123339340481e+02
5.887999999999999901e+00 1.704373126941885062e+02
5.820999999999999730e+00 1.721671182222405889e+02
5.753999999999999559e+00 1.747519723728164251e+02
5.689000000000000057e+00 1.777119248903269124e+02
5.623000000000000220e+00 1.810409763206545790e+02
5.559000000000000163e+00 1.852825865127636007e+02
5.495000000000000107e+00 1.896584509158514891e+02
5.432999999999999829e+00 1.939789686150789407e+02
5.370000000000000107e+00 1.984430803520940572e+02
5.309000000000000163e+00 2.028081949036867684e+02
5.248000000000000220e+00 2.081106244985167564e+02
5.187999999999999723e+00 2.133539002707752275e+02
5.128999999999999559e+00 2.185315629683008183e+02
5.070000000000000284e+00 2.237289218104243673e+02
5.011999999999999567e+00 2.288524218864419311e+02
4.955000000000000071e+00 2.348675044486251124e+02
4.897999999999999687e+00 2.408937652204422193e+02
4.841999999999999638e+00 2.468233884224481471e+02
4.785999999999999588e+00 2.527609653341643252e+02
4.732000000000000206e+00 2.584931713052604323e+02
4.676999999999999602e+00 2.653982311861175276e+02
4.623999999999999666e+00 2.720573284023258793e+02
4.570999999999999730e+00 2.787214386522579730e+02
4.519000000000000128e+00 2.852642853063915709e+02
4.466999999999999638e+00 2.918115137496044440e+02
4.416000000000000369e+00 2.994144920527073737e+02
4.365000000000000213e+00 3.070211265840857209e+02
4.315000000000000391e+00 3.144821121893038480e+02
4.266000000000000014e+00 3.217971149462666745e+02
4.216999999999999638e+00 3.291147700741404947e+02
4.168999999999999595e+00 3.376228956833647885e+02
4.121000000000000441e+00 3.461341301947122133e+02
4.073999999999999844e+00 3.544707711264134673e+02
4.027000000000000135e+00 3.628096698923786221e+02
3.980999999999999872e+00 3.709731492315839319e+02
3.935999999999999943e+00 3.804848054645028697e+02
3.890000000000000124e+00 3.902079799196440604e+02
3.846000000000000085e+00 3.995128791562164565e+02
3.802000000000000046e+00 4.088193434286947081e+02
3.758000000000000007e+00 4.181278201242412820e+02
3.714999999999999858e+00 4.290381725145034011e+02
3.673000000000000043e+00 4.396979256641940310e+02
3.630999999999999783e+00 4.503599163641522978e+02
3.588999999999999968e+00 4.610245387973006927e+02
3.548000000000000043e+00 4.714404053036878395e+02
3.508000000000000007e+00 4.837002449589501794e+02
3.467000000000000082e+00 4.962720647012566815e+02
3.427999999999999936e+00 5.082493371041516070e+02
3.387999999999999901e+00 5.205720842833538882e+02
3.350000000000000089e+00 5.324603905217691135e+02
3.310999999999999943e+00 5.482789600323302466e+02
3.273000000000000131e+00 5.610780184013293592e+02
3.236000000000000210e+00 5.738475943662974714e+02
3.198999999999999844e+00 5.871982323735059026e+02
3.161999999999999922e+00 6.006329160007038581e+02
3.125999999999999890e+00 6.159025778063762573e+02
3.089999999999999858e+00 6.311770919140897149e+02
3.055000000000000160e+00 6.460339994874361764e+02
3.020000000000000018e+00 6.608942961507285645e+02
2.984999999999999876e+00 6.757592215412610130e+02
2.951000000000000068e+00 6.907547554567935322e+02
2.916999999999999815e+00 7.057533568481683233e+02
2.883999999999999897e+00 7.203143207377780755e+02
2.850999999999999979e+00 7.348778206340432462e+02
2.818000000000000060e+00 7.494435813708769274e+02
2.786000000000000032e+00 7.640486015295404059e+02
2.754000000000000004e+00 7.786557053827888240e+02
2.722999999999999865e+00 7.928120391001285725e+02
2.692000000000000171e+00 8.069681993208137101e+02
2.661000000000000032e+00 8.211266272391803795e+02
2.629999999999999893e+00 8.369869074094949610e+02
2.600000000000000089e+00 8.523386820546459148e+02
2.569999999999999840e+00 8.676916210171818875e+02
2.540999999999999925e+00 8.825373838151222117e+02
2.512000000000000011e+00 8.973850581536860318e+02
2.483000000000000096e+00 9.147509299398381017e+02
2.455000000000000071e+00 9.315225892037573203e+02
2.427000000000000046e+00 9.482965734676600960e+02
2.399000000000000021e+00 9.650731229464515764e+02
2.370999999999999996e+00 9.818505942631500147e+02
2.343999999999999861e+00 1.001946887567369686e+03
2.317000000000000171e+00 1.022044980020102571e+03
2.290999999999999925e+00 1.041405202589001647e+03
2.265000000000000124e+00 1.060766672078648753e+03
2.238999999999999879e+00 1.080131279000620907e+03
2.213000000000000078e+00 1.105165864193444577e+03
2.188000000000000167e+00 1.129244302692550264e+03
2.162999999999999812e+00 1.153325282114935135e+03
2.137999999999999901e+00 1.177408463314990286e+03
2.112999999999999989e+00 1.201493747315895234e+03
2.088999999999999968e+00 1.229128705841429110e+03
2.064999999999999947e+00 1.256766980698173029e+03
2.041999999999999815e+00 1.283261492475246314e+03
2.017999999999999794e+00 1.310904853102091920e+03
1.995000000000000107e+00 1.337404603620031367e+03
1.971999999999999975e+00 1.365219417953273023e+03
1.949999999999999956e+00 1.391834139517514814e+03
1.927999999999999936e+00 1.418451373351531402e+03
1.905000000000000027e+00 1.446274663358788530e+03
1.883999999999999897e+00 1.471694631034625218e+03
1.862000000000000099e+00 1.494077437541721338e+03
1.840999999999999970e+00 1.515452890634922824e+03
1.820000000000000062e+00 1.536832112152652599e+03
1.798999999999999932e+00 1.558212951805455759e+03
1.778000000000000025e+00 1.579598673821732518e+03
1.758000000000000007e+00 1.597101279040788768e+03
1.737999999999999989e+00 1.614605964060437145e+03
1.717999999999999972e+00 1.632114930390370773e+03
1.697999999999999954e+00 1.649626729454488213e+03
1.679000000000000048e+00 1.666274299029978692e+03
1.659999999999999920e+00 1.686084877652825298e+03
1.641000000000000014e+00 1.705896992010189706e+03
1.622000000000000108e+00 1.725710043734487726e+03
1.602999999999999980e+00 1.745526165545581989e+03
1.584999999999999964e+00 1.764313681323994842e+03
1.566999999999999948e+00 1.785174075596824196e+03
1.548999999999999932e+00 1.806038451563175386e+03
1.530999999999999917e+00 1.826905870554703370e+03
1.514000000000000012e+00 1.846630363036592598e+03
1.495999999999999996e+00 1.867509632694843276e+03
1.479000000000000092e+00 1.897441317713896751e+03
1.461999999999999966e+00 1.927379502602228968e+03
1.445000000000000062e+00 1.957325299242173969e+03
1.429000000000000048e+00 1.985529154224096374e+03
1.413000000000000034e+00 2.013739522784934252e+03
1.395999999999999908e+00 2.057172867632004454e+03
1.379999999999999893e+00 2.098078028309419096e+03
1.364999999999999991e+00 2.136444248240377419e+03
1.348999999999999977e+00 2.177355037518355402e+03
1.334000000000000075e+00 2.215732057064902619e+03
1.318000000000000060e+00 2.253873597782268916e+03
1.302999999999999936e+00 2.289655261861417785e+03
1.288000000000000034e+00 2.325441166022741982e+03
1.274000000000000021e+00 2.358872389819803630e+03
1.258999999999999897e+00 2.394679210494561175e+03
1.245000000000000107e+00 2.425062052801653863e+03
1.229999999999999982e+00 2.457604722780574775e+03
1.215999999999999970e+00 2.488017246023844564e+03
1.201999999999999957e+00 2.518448538901263419e+03
1.189000000000000057e+00 2.546750949236755787e+03
1.175000000000000044e+00 2.568012630215318495e+03
1.161000000000000032e+00 2.589288153383163262e+03
1.147999999999999909e+00 2.609083648478635951e+03
1.135000000000000009e+00 2.628892842216812369e+03
1.122000000000000108e+00 2.648720681279902692e+03
1.108999999999999986e+00 2.666477163132072292e+03
1.096000000000000085e+00 2.684257247495623233e+03
1.084000000000000075e+00 2.700736761585467775e+03
1.072000000000000064e+00 2.717255009038308344e+03
1.058999999999999941e+00 2.735159119920950161e+03
1.046999999999999931e+00 2.757442501476142297e+03
1.034999999999999920e+00 2.779808224178456385e+03
1.022999999999999909e+00 2.802271809390696944e+03
1.012000000000000011e+00 2.823045606489732108e+03
1.000000000000000000e+00 2.845719783920373175e+03
9.886000000000000343e-01 2.870760556164690115e+03
9.771999999999999575e-01 2.895896581461742244e+03
9.660999999999999588e-01 2.920480329913339574e+03
9.549999999999999600e-01 2.945159116402472591e+03
9.441000000000000503e-01 2.969519072627458172e+03
9.333000000000000185e-01 3.012024405798500538e+03
9.225999999999999757e-01 3.054277621030344562e+03
9.120000000000000329e-01 3.096297644295876580e+03
9.015999999999999570e-01 3.137729566799971053e+03
8.912999999999999812e-01 3.178959148885937793e+03
8.810000000000000053e-01 3.227263270140331770e+03
8.709999999999999964e-01 3.274457494114961719e+03
8.609999999999999876e-01 3.321896549024540491e+03
8.510999999999999677e-01 3.369155724803582416e+03
8.414000000000000368e-01 3.415809068379435757e+03
8.317999999999999838e-01 3.450383930296431117e+03
8.222000000000000419e-01 3.485271666665911653e+03
8.127999999999999670e-01 3.519859942859222883e+03
8.034999999999999920e-01 3.554504407584196997e+03
7.943000000000000060e-01 3.589210719495814828e+03
7.852000000000000091e-01 3.620822125118515032e+03
7.762000000000000011e-01 3.652557601812618032e+03
7.673999999999999710e-01 3.684156344220694336e+03
7.586000000000000520e-01 3.716241589335991648e+03
7.499000000000000110e-01 3.748523821986571420e+03
7.412999999999999590e-01 3.771449682009018488e+03
7.328000000000000069e-01 3.794638896160761760e+03
7.244000000000000439e-01 3.818135698476062771e+03
7.160999999999999588e-01 3.841960946740813142e+03
7.078999999999999737e-01 3.866167537646902019e+03
6.997999999999999776e-01 3.896440700803184427e+03
6.917999999999999705e-01 3.927113760693024687e+03
6.838999999999999524e-01 3.958312807209761104e+03
6.761000000000000343e-01 3.990111196456431117e+03
6.683000000000000052e-01 4.022821589451882119e+03
6.606999999999999540e-01 4.061724409853952693e+03
6.531000000000000139e-01 4.101414568809229422e+03
6.457000000000000517e-01 4.141194169270534076e+03
6.382999999999999785e-01 4.181777239188850217e+03
6.310000000000000053e-01 4.222767792952059608e+03
6.237000000000000322e-01 4.277713421936607119e+03
6.166000000000000369e-01 4.332230465898576767e+03
6.095000000000000417e-01 4.387356316976013659e+03
6.026000000000000245e-01 4.442138529357626794e+03
5.957000000000000073e-01 4.497553011965209407e+03
5.887999999999999901e-01 4.557404021184048361e+03
5.820999999999999508e-01 4.616950585684204270e+03
5.754000000000000226e-01 4.677520111212760639e+03
5.688999999999999613e-01 4.738157514644943149e+03
5.623000000000000220e-01 4.800627880210741750e+03
5.558999999999999497e-01 4.858383460940276564e+03
5.494999999999999885e-01 4.917328251160426589e+03
5.433000000000000052e-01 4.976300304930478887e+03
5.370000000000000329e-01 5.036737958220301152e+03
5.309000000000000385e-01 5.097236774878398137e+03
5.248000000000000442e-01 5.153380246229215118e+03
5.188000000000000389e-01 5.210448620969106742e+03
5.129000000000000226e-01 5.268533435561505030e+03
5.070000000000000062e-01 5.327920460470099897e+03
5.011999999999999789e-01 5.388092434188408333e+03
4.954999999999999960e-01 5.445910325424314578e+03
4.898000000000000131e-01 5.504699203777377079e+03
4.842000000000000193e-01 5.564195620232006149e+03
4.786000000000000254e-01 5.624905227659756747e+03
4.732000000000000095e-01 5.686071621980728196e+03
4.677000000000000046e-01 5.753016428487903795e+03
4.623999999999999777e-01 5.820415383094037679e+03
4.571000000000000063e-01 5.889123427141586944e+03
4.519000000000000239e-01 5.958915855034713786e+03
4.466999999999999860e-01 6.029945697251737329e+03
4.415999999999999925e-01 6.108832104211799560e+03
4.364999999999999991e-01 6.189004809695104996e+03
4.314999999999999947e-01 6.270249390027660411e+03
4.265999999999999792e-01 6.352529710886875364e+03
4.217000000000000193e-01 6.436136255661733230e+03
4.168999999999999928e-01 6.524360530210455181e+03
4.121000000000000218e-01 6.614104261255805795e+03
4.073999999999999844e-01 6.704910998344305881e+03
4.027000000000000024e-01 6.797168970192422421e+03
3.981000000000000094e-01 6.890461872015795052e+03
3.935000000000000164e-01 6.985840887818090778e+03
3.890000000000000124e-01 7.082037724599183093e+03
3.845999999999999974e-01 7.179377647750744472e+03
3.801999999999999824e-01 7.278154989643323461e+03
3.758000000000000229e-01 7.378860882722638962e+03
3.714999999999999969e-01 7.481136901124239557e+03
3.673000000000000154e-01 7.584221374974427818e+03
3.630999999999999783e-01 7.688895382706911732e+03
3.588999999999999968e-01 7.795343213516256583e+03
3.548000000000000043e-01 7.902693175613028870e+03
3.508000000000000007e-01 8.011959359679592126e+03
3.467000000000000082e-01 8.123770957411919881e+03
3.427999999999999936e-01 8.235844639858603841e+03
3.387999999999999901e-01 8.350562352902601560e+03
3.350000000000000200e-01 8.465798975679870637e+03
3.311000000000000054e-01 8.585419540800550749e+03
3.272999999999999798e-01 8.706463596106419573e+03
3.235999999999999988e-01 8.828624570700738332e+03
3.199000000000000177e-01 8.952600180295394239e+03
3.161999999999999811e-01 9.078532308501067746e+03
3.125999999999999890e-01 9.210394558371841413e+03
3.089999999999999969e-01 9.344354065963838366e+03
3.054999999999999938e-01 9.479241105561564837e+03
3.019999999999999907e-01 9.605780401701160372e+03
2.984999999999999876e-01 9.708507386308914647e+03
2.950999999999999734e-01 9.824439615147108270e+03
2.917000000000000148e-01 9.947155315020054331e+03
2.883999999999999897e-01 1.007671341210277751e+04
2.851000000000000201e-01 1.021498107864680424e+04
2.817999999999999949e-01 1.036369248361047721e+04
2.786000000000000143e-01 1.053983886758944391e+04
2.753999999999999782e-01 1.072870635032223436e+04
2.722999999999999865e-01 1.093112228987183153e+04
2.691999999999999948e-01 1.115143433333339090e+04
2.661000000000000032e-01 1.139113765586161753e+04
2.630000000000000115e-01 1.168229674492609774e+04
2.600000000000000089e-01 1.199718793914501475e+04
2.570000000000000062e-01 1.234211766117076695e+04
2.540999999999999925e-01 1.271829832496472227e+04
2.511999999999999789e-01 1.313400617430014609e+04
2.482999999999999929e-01 1.361257817746917317e+04
2.454999999999999960e-01 1.413708234136063038e+04
2.426999999999999991e-01 1.471568729081910897e+04
2.399000000000000021e-01 1.535128571776626086e+04
2.371000000000000052e-01 1.604162269686221953e+04
2.343999999999999972e-01 1.671905987758523042e+04
2.316999999999999893e-01 1.742617614153455725e+04
2.290999999999999981e-01 1.813648225955649468e+04
2.265000000000000069e-01 1.881553747581693824e+04
2.238999999999999879e-01 1.941833605817253920e+04
2.212999999999999967e-01 1.977721172705692879e+04
2.187999999999999945e-01 1.996274278611966656e+04
2.162999999999999923e-01 1.993379890299210820e+04
2.137999999999999901e-01 1.968681248244294329e+04
2.112999999999999878e-01 1.924563303501775226e+04
2.089000000000000024e-01 1.859316617066270919e+04
2.064999999999999891e-01 1.784441923158762802e+04
2.041999999999999926e-01 1.705467317409766110e+04
2.018000000000000071e-01 1.625007654565288613e+04
1.995000000000000107e-01 1.547255493123212364e+04
1.971999999999999864e-01 1.474775339394855837e+04
1.950000000000000067e-01 1.407787956032638067e+04
1.927999999999999992e-01 1.346080141699951491e+04
1.905000000000000027e-01 1.289023933530732756e+04
1.884000000000000119e-01 1.238051304332691143e+04
1.862000000000000044e-01 1.194480854872784948e+04
1.841000000000000136e-01 1.155445151639694996e+04
1.819999999999999951e-01 1.120105818913674193e+04
1.799000000000000044e-01 1.087906332390441639e+04
1.778000000000000136e-01 1.058558440455757955e+04
1.758000000000000118e-01 1.035023679828206332e+04
1.738000000000000100e-01 1.013662938733151168e+04
1.718000000000000083e-01 9.941294066897666198e+03
1.698000000000000065e-01 9.762757697000792177e+03
1.678999999999999937e-01 9.601995307529425190e+03
1.660000000000000087e-01 9.506772072261695939e+03
1.640999999999999959e-01 9.427732174242635665e+03
1.622000000000000108e-01 9.363952699761906842e+03
1.602999999999999980e-01 9.314081183216512727e+03
1.585000000000000020e-01 9.278142179414902785e+03
1.567000000000000060e-01 9.307140950484596033e+03
1.549000000000000099e-01 9.348717039633533204e+03
1.531000000000000139e-01 9.402361124814367940e+03
1.514000000000000068e-01 9.465325371820346845e+03
1.496000000000000107e-01 9.542936174363529062e+03
1.479000000000000037e-01 9.682033419909663280e+03
1.461999999999999966e-01 9.833656189633637041e+03
1.444999999999999896e-01 9.997939311005136915e+03
1.428999999999999992e-01 1.016933143295516675e+04
1.413000000000000089e-01 1.035424149865465188e+04
1.396000000000000019e-01 1.057110204075914226e+04
1.380000000000000115e-01 1.079435960392521156e+04
1.365000000000000102e-01 1.102493763227803720e+04
1.348999999999999921e-01 1.127596606426716971e+04
1.333999999999999908e-01 1.153512210530828634e+04
1.318000000000000005e-01 1.179739863308942950e+04
1.302999999999999992e-01 1.207010783737258134e+04
1.287999999999999978e-01 1.247925139152663542e+04
1.274000000000000132e-01 1.280772426392744455e+04
1.259000000000000119e-01 1.315520209885872828e+04
1.244999999999999996e-01 1.349375675569690793e+04
1.229999999999999982e-01 1.384905229340966434e+04
1.215999999999999998e-01 1.421350044804497702e+04
1.202000000000000013e-01 1.459123824405068262e+04
1.189000000000000057e-01 1.497683178428552128e+04
1.174999999999999933e-01 1.536609762741781924e+04
1.160999999999999949e-01 1.576645013803988149e+04
1.147999999999999993e-01 1.617704511585008186e+04
1.135000000000000037e-01 1.660276705326989759e+04
1.121999999999999942e-01 1.703980733973559836e+04
1.108999999999999986e-01 1.749576763082070829e+04
1.096000000000000030e-01 1.797036363857692777e+04
1.083999999999999964e-01 1.846146710527316463e+04
1.072000000000000036e-01 1.897030857406443101e+04
1.058999999999999941e-01 1.949132366570913655e+04
1.047000000000000014e-01 1.998571215472736367e+04
1.034999999999999948e-01 2.047924832305781820e+04
1.023000000000000020e-01 2.096667293606587918e+04
1.011999999999999983e-01 2.144802692896671579e+04
1.000000000000000056e-01 2.198312397034786045e+04
9.886000000000000343e-02 2.238373854490938902e+04
9.772000000000000131e-02 2.280771481005716123e+04
9.661000000000000143e-02 2.324725360539332905e+04
9.550000000000000155e-02 2.369342496017731901e+04
9.440999999999999392e-02 2.413600325427248390e+04
9.332999999999999630e-02 2.454699917456104231e+04
9.225999999999999479e-02 2.498107263869208327e+04
9.120000000000000329e-02 2.543650751121942085e+04
9.016000000000000403e-02 2.590098564625447398e+04
8.913000000000000089e-02 2.640963865288633679e+04
8.809999999999999776e-02 2.700714526455188752e+04
8.709999999999999687e-02 2.767688390379219345e+04
8.609999999999999598e-02 2.841807668004385778e+04
8.511000000000000509e-02 2.923420004248628538e+04
8.414000000000000645e-02 3.013742468661161911e+04
8.318000000000000393e-02 3.114608299302452724e+04
8.222000000000000142e-02 3.227303272942593685e+04
8.128000000000000502e-02 3.352130972818615555e+04
8.035000000000000475e-02 3.490803429069870617e+04
7.943000000000000060e-02 3.643627815173205454e+04
7.852000000000000646e-02 3.808049036804115894e+04
7.761999999999999456e-02 3.984521890000547864e+04
7.674000000000000266e-02 4.170365940347714786e+04
7.585999999999999688e-02 4.358504590581270895e+04
7.499000000000000110e-02 4.537671053393635520e+04
7.413000000000000145e-02 4.691077151679443341e+04
7.327999999999999792e-02 4.805313540706324420e+04
7.244000000000000439e-02 4.867463855176501966e+04
7.160999999999999310e-02 4.869410794816287671e+04
7.079000000000000570e-02 4.813677295727554156e+04
6.998000000000000054e-02 4.707320736185967689e+04
6.918000000000000538e-02 4.569121527863126539e+04
6.839000000000000634e-02 4.414049549881356506e+04
6.761000000000000343e-02 4.256479557988961460e+04
6.683000000000000052e-02 4.106312325666551624e+04
6.607000000000000373e-02 3.970518797415267181e+04
6.531000000000000694e-02 3.823411049650760833e+04
6.457000000000000239e-02 3.677420510213276430e+04
6.382999999999999785e-02 3.530999711544939055e+04
6.310000000000000331e-02 3.383909614729851455e+04
6.237000000000000183e-02 3.239299054066041208e+04
6.165999999999999953e-02 3.094001819674423677e+04
6.094999999999999724e-02 2.947074399446519237e+04
6.026000000000000106e-02 2.799118250617011290e+04
5.956999999999999795e-02 2.650082216012849676e+04
5.888000000000000178e-02 2.498725715379387475e+04
5.820999999999999786e-02 2.345329016453379518e+04
5.754000000000000087e-02 2.199649354689677057e+04
5.689000000000000307e-02 2.137819546075392645e+04
5.623000000000000220e-02 2.073305299363145969e+04
5.559000000000000052e-02 2.004527903917437652e+04
5.494999999999999885e-02 1.937547295908622618e+04
5.433000000000000329e-02 1.872108441548450355e+04
5.369999999999999774e-02 1.810928334704395820e+04
5.308999999999999830e-02 1.758315681094867250e+04
5.247999999999999887e-02 1.709628392112719666e+04
5.188000000000000250e-02 1.664397091604620437e+04
5.129000000000000226e-02 1.621159518671821570e+04
5.070000000000000201e-02 1.579415792124930158e+04
5.011999999999999789e-02 1.539508423199652680e+04
4.954999999999999682e-02 1.501802998120306256e+04
4.898000000000000270e-02 1.466158855981123088e+04
4.841999999999999776e-02 1.431358327078271759e+04
4.785999999999999976e-02 1.397349018353156680e+04
4.732000000000000095e-02 1.361595912730238888e+04
4.676999999999999907e-02 1.325789936709460380e+04
4.624000000000000332e-02 1.291395331520475156e+04
4.571000000000000063e-02 1.260957245073559534e+04
4.519000000000000100e-02 1.235391514391668898e+04
4.467000000000000137e-02 1.210724146631377334e+04
4.415999999999999787e-02 1.184549053918516074e+04
4.365000000000000130e-02 1.152890047424741715e+04
4.315000000000000085e-02 1.122583070975130613e+04
4.265999999999999653e-02 1.095304180233047737e+04
4.216999999999999915e-02 1.076973096755555162e+04
4.168999999999999789e-02 1.062507626534432893e+04
4.120999999999999663e-02 1.051123424042264742e+04
4.073999999999999844e-02 1.040258408333085572e+04
4.027000000000000024e-02 1.031321657394815156e+04
3.980999999999999817e-02 1.024248579611852438e+04
3.935000000000000303e-02 1.019927685400696464e+04
3.889999999999999708e-02 1.017946217650762446e+04
3.846000000000000113e-02 1.018474375156600581e+04
3.801999999999999824e-02 1.022061570575730184e+04
3.758000000000000229e-02 1.029030559364365217e+04
3.715000000000000246e-02 1.047457827988269673e+04
3.672999999999999876e-02 1.063779982764980195e+04
3.631000000000000200e-02 1.071661861826619861e+04
3.588999999999999829e-02 1.065149782796905674e+04
3.547999999999999765e-02 1.052877637493557813e+04
3.508000000000000007e-02 1.040245432685733613e+04
3.466999999999999943e-02 1.028025833535156744e+04
3.427999999999999797e-02 1.015728228174434298e+04
3.388000000000000039e-02 1.003703340247959204e+04
3.350000000000000200e-02 9.918494910295657974e+03
3.311000000000000054e-02 9.800386769671404181e+03
3.273000000000000215e-02 9.683344921495874587e+03
3.235999999999999988e-02 9.567418165626466362e+03
3.198999999999999760e-02 9.452989236186147537e+03
3.162000000000000227e-02 9.340295137403521949e+03
3.126000000000000306e-02 9.228350900159228331e+03
3.090000000000000038e-02 9.118166263517554398e+03
3.055000000000000077e-02 9.009896927957139269e+03
3.020000000000000115e-02 8.902584194370776459e+03
2.985000000000000153e-02 8.796508850394075125e+03
2.951000000000000151e-02 8.692122450182316243e+03
2.917000000000000148e-02 8.589936821252771551e+03
2.884000000000000105e-02 8.489500297452652376e+03
2.851000000000000062e-02 8.390987216677223842e+03
2.818000000000000019e-02 8.294799581497469262e+03
2.785999999999999935e-02 8.200265380604932943e+03
2.753999999999999851e-02 8.107477313782007514e+03
2.723000000000000073e-02 8.016925834342927374e+03
2.691999999999999948e-02 7.927859046858519832e+03
2.661000000000000171e-02 7.840279268763492837e+03
2.630000000000000046e-02 7.753134468018124608e+03
2.599999999999999881e-02 7.668193076911247772e+03
2.570000000000000062e-02 7.584192922245439149e+03
2.540999999999999856e-02 7.502143792304592353e+03
2.511999999999999997e-02 7.421224652900396904e+03
2.483000000000000138e-02 7.341020386797965330e+03
2.454999999999999891e-02 7.262827727614516334e+03
2.426999999999999991e-02 7.186118827916292503e+03
2.399000000000000091e-02 7.110875154702491272e+03
2.370999999999999844e-02 7.037387204435533022e+03
2.343999999999999903e-02 6.965098978597919995e+03
2.316999999999999962e-02 6.893178171730354734e+03
2.290999999999999981e-02 6.823613922193517283e+03
2.264999999999999999e-02 6.754722061463701721e+03
2.239000000000000018e-02 6.687238238852069117e+03
2.213000000000000037e-02 6.620693209303620279e+03
2.188000000000000014e-02 6.555318047137203394e+03
2.162999999999999992e-02 6.491305412735725440e+03
2.137999999999999970e-02 6.429289813820517338e+03
2.112999999999999948e-02 6.367855539037293966e+03
2.088999999999999885e-02 6.306437179941034628e+03
2.065000000000000169e-02 6.245887351417670288e+03
2.042000000000000065e-02 6.188844759733642604e+03
2.018000000000000002e-02 6.131408373016096448e+03
1.994999999999999898e-02 6.075125689009990310e+03
1.972000000000000142e-02 6.018236613489936644e+03
1.949999999999999997e-02 5.962302500330982184e+03
1.927999999999999853e-02 5.907263990490265314e+03
1.905000000000000096e-02 5.852803635131140254e+03
1.883999999999999911e-02 5.801049862422034494e+03
1.862000000000000113e-02 5.748788122763501633e+03
1.840999999999999928e-02 5.697812483681197591e+03
1.820000000000000090e-02 5.647813832873736828e+03
1.798999999999999905e-02 5.598890245090434291e+03
1.778000000000000067e-02 5.550982059854264662e+03
1.757999999999999841e-02 5.503217112693007948e+03
1.737999999999999962e-02 5.456054498457970112e+03
1.718000000000000083e-02 5.409183361106989651e+03
1.697999999999999857e-02 5.363383629014553662e+03
1.678999999999999937e-02 5.318882538244647549e+03
1.660000000000000017e-02 5.274487189142047100e+03
1.641000000000000097e-02 5.230814202887238935e+03
1.621999999999999831e-02 5.187685412256957534e+03
1.602999999999999911e-02 5.145117505705896292e+03
1.584999999999999951e-02 5.103765927855005430e+03
1.566999999999999990e-02 5.061685954856174249e+03
1.549000000000000030e-02 5.020499107920424649e+03
1.531000000000000069e-02 4.979569789680520444e+03
1.514000000000000068e-02 4.939793448665714095e+03
1.495999999999999934e-02 4.899973623458977272e+03
1.478999999999999933e-02 4.859671833067590342e+03
1.461999999999999932e-02 4.820167286569331736e+03
1.444999999999999930e-02 4.781386110738624666e+03
1.429000000000000062e-02 4.743746092366322955e+03
1.413000000000000020e-02 4.706757354259321801e+03
1.396000000000000019e-02 4.667696792789060055e+03
1.379999999999999977e-02 4.630210817869123275e+03
1.365000000000000067e-02 4.594087183823997293e+03
1.349000000000000025e-02 4.557375765231809055e+03
1.333999999999999943e-02 4.522108245961767352e+03
1.318000000000000074e-02 4.484979552077264088e+03
1.302999999999999992e-02 4.449508427615070104e+03
1.288000000000000082e-02 4.414688238462068512e+03
1.273999999999999959e-02 4.381038746847581024e+03
1.259000000000000050e-02 4.346665791115554384e+03
1.244999999999999926e-02 4.312408684743807498e+03
1.230000000000000017e-02 4.278312328735863048e+03
1.216000000000000067e-02 4.245828899373284912e+03
1.201999999999999943e-02 4.213450340844697166e+03
1.188999999999999953e-02 4.182276355226391388e+03
1.175000000000000003e-02 4.148562965494782475e+03
1.161000000000000053e-02 4.115090009278843354e+03
1.148000000000000062e-02 4.083115963594672394e+03
1.135000000000000071e-02 4.051447654350377434e+03
1.122000000000000081e-02 4.020389130635018773e+03
1.108999999999999916e-02 3.988199641110902121e+03
1.095999999999999926e-02 3.956257391238005312e+03
1.084000000000000068e-02 3.925928145964323903e+03
1.072000000000000036e-02 3.895961263176518969e+03
1.059000000000000045e-02 3.865107016029710849e+03
1.047000000000000014e-02 3.833903198489881106e+03
1.034999999999999983e-02 3.803220442914670457e+03
1.022999999999999951e-02 3.772697098162263046e+03
1.012000000000000052e-02 3.743786519602282169e+03
1.000000000000000021e-02 3.713635997073198268e+03
9.886000000000000690e-03 3.682211202011914338e+03
9.771999999999999437e-03 3.651109606506500768e+03
9.660999999999999449e-03 3.620918895065966353e+03
9.549999999999999462e-03 3.591148598298153047e+03
9.440999999999999739e-03 3.561835191943755035e+03
9.332999999999999283e-03 3.530063801531182889e+03
9.225999999999999826e-03 3.498718658164011231e+03
9.119999999999999635e-03 3.467814911526801097e+03
9.015999999999999709e-03 3.437600804630147650e+03
8.913000000000000783e-03 3.407931252673275594e+03
8.810000000000000123e-03 3.376070133185592113e+03
8.710000000000000728e-03 3.345007549537897830e+03
8.609999999999999598e-03 3.314072976444648702e+03
8.510999999999999469e-03 3.283589825797094363e+03
8.413999999999999604e-03 3.253786943239289940e+03
8.318000000000000740e-03 3.222161055782909443e+03
8.222000000000000142e-03 3.190733212638232999e+03
8.127999999999999808e-03 3.159905130252911022e+03
8.035000000000000475e-03 3.129495929303754565e+03
7.943000000000000407e-03 3.099489636243764835e+03
7.851999999999999605e-03 3.067368879198592367e+03
7.761999999999999802e-03 3.035763100571594350e+03
7.674000000000000266e-03 3.004761308901810935e+03
7.585999999999999861e-03 2.973900524596756895e+03
7.498999999999999590e-03 2.943513276967479214e+03
7.413000000000000318e-03 2.911206923341498168e+03
7.328000000000000312e-03 2.879502600034191346e+03
7.243999999999999571e-03 2.848193799970637428e+03
7.160999999999999831e-03 2.817284601225988808e+03
7.079000000000000223e-03 2.786900326599151867e+03
6.997999999999999880e-03 2.753226113221505329e+03
6.917999999999999670e-03 2.720024753543118550e+03
6.838999999999999593e-03 2.687369519686947569e+03
6.760999999999999649e-03 2.655182110970501981e+03
6.682999999999999705e-03 2.623060095722905771e+03
6.607000000000000026e-03 2.587231573256600768e+03
6.531000000000000347e-03 2.551530708285897617e+03
6.457000000000000066e-03 2.516852786708095209e+03
6.382999999999999785e-03 2.482267574334541223e+03
6.309999999999999637e-03 2.448120569035048447e+03
6.237000000000000356e-03 2.409053992593093426e+03
6.165999999999999606e-03 2.371162382636576694e+03
6.094999999999999724e-03 2.333496185942076863e+03
6.026000000000000106e-03 2.296787083611999606e+03
5.956999999999999622e-03 2.260122429547193406e+03
5.888000000000000005e-03 2.214887197990301502e+03
5.820999999999999786e-03 2.170911006987587825e+03
5.753999999999999566e-03 2.126993148029537224e+03
5.688999999999999613e-03 2.084345834186013690e+03
5.623000000000000394e-03 2.041222000443597835e+03
5.558999999999999705e-03 1.988922767450234005e+03
5.494999999999999885e-03 1.936667551359599884e+03
5.433000000000000329e-03 1.886005505415276730e+03
5.369999999999999774e-03 1.834653213108690579e+03
5.309000000000000351e-03 1.784914645557008498e+03
5.248000000000000061e-03 1.729111109379457275e+03
5.187999999999999903e-03 1.674280243500839561e+03
5.128999999999999879e-03 1.620509350375449912e+03
5.069999999999999854e-03 1.566764868554073928e+03
5.011999999999999962e-03 1.513849857273850375e+03
4.955000000000000203e-03 1.382902865124026221e+03
4.897999999999999576e-03 1.251949029722361729e+03
4.841999999999999950e-03 1.123267569489435118e+03
4.786000000000000323e-03 9.946329269716828776e+02
4.732000000000000095e-03 8.702482491225147214e+02
4.676999999999999734e-03 8.594525219945634262e+02
4.623999999999999638e-03 8.492366827414710997e+02
4.571000000000000410e-03 8.395021911897913469e+02
4.518999999999999580e-03 8.306609895594483532e+02
4.466999999999999617e-03 8.229111722961998794e+02
4.415999999999999787e-03 2.481943728196731627e+03
4.364999999999999956e-03 2.761212495947486786e+03
4.315000000000000259e-03 3.035000236845402469e+03
4.265999999999999827e-03 3.303896310801807886e+03
4.217000000000000262e-03 3.573432822705709441e+03
4.168999999999999963e-03 3.567863102409361090e+03
4.120999999999999663e-03 3.562736445024123896e+03
4.074000000000000364e-03 3.557199944606116787e+03
4.027000000000000197e-03 3.551661194817736941e+03
3.981000000000000164e-03 3.545786875865357615e+03
3.935000000000000130e-03 3.513035427249425993e+03
3.889999999999999795e-03 3.480601611147968015e+03
3.846000000000000026e-03 3.448829722199187017e+03
3.801999999999999824e-03 3.417402058217307513e+03
3.758000000000000056e-03 3.386353507799437011e+03
3.714999999999999986e-03 3.355508546697934435e+03
3.673000000000000050e-03 3.325261341193109729e+03
3.631000000000000113e-03 3.295427797325201936e+03
3.589000000000000176e-03 3.265897777393317938e+03
3.547999999999999939e-03 3.236826278490237200e+03
3.507999999999999834e-03 3.204935818493851457e+03
3.467000000000000030e-03 3.173231254890727087e+03
3.428000000000000057e-03 3.142417739272970266e+03
3.387999999999999953e-03 3.111661614786146401e+03
3.350000000000000113e-03 3.081693090251111698e+03
3.311000000000000141e-03 3.048822623505586307e+03
3.272999999999999868e-03 3.016741584186716409e+03
3.236000000000000161e-03 2.985609609052405631e+03
3.199000000000000021e-03 2.954722295813714936e+03
3.161999999999999880e-03 2.923976553907725702e+03
3.125999999999999873e-03 2.891712850927880936e+03
3.089999999999999865e-03 2.860146107121185196e+03
3.054999999999999990e-03 2.830351274776606260e+03
3.020000000000000115e-03 2.800563206073081801e+03
2.984999999999999806e-03 2.770819591403877894e+03
2.951000000000000064e-03 2.739203707738965932e+03
2.916999999999999888e-03 2.707659563821755000e+03
2.883999999999999845e-03 2.676732350528840016e+03
2.850999999999999802e-03 2.645978663001405039e+03
2.818000000000000192e-03 2.615423919705156095e+03
2.785999999999999848e-03 2.583096141202188392e+03
2.753999999999999938e-03 2.551119222952150722e+03
2.723000000000000160e-03 2.520637548786930438e+03
2.691999999999999948e-03 2.490389785080082675e+03
2.661000000000000171e-03 2.460347109334113156e+03
2.629999999999999959e-03 2.428241193600164934e+03
2.599999999999999881e-03 2.397036369263723827e+03
2.569999999999999802e-03 2.366205113191328110e+03
2.540999999999999856e-03 2.336429019046915982e+03
2.511999999999999910e-03 2.307099359625986381e+03
2.482999999999999964e-03 2.266204620982088727e+03
2.455000000000000151e-03 2.226347193949795383e+03
2.426999999999999904e-03 2.186587949556270360e+03
2.399000000000000091e-03 2.147067872520437049e+03
2.370999999999999844e-03 2.107791068150047977e+03
2.344000000000000163e-03 2.076700926115036054e+03
2.317000000000000049e-03 2.045921862698270616e+03
2.291000000000000068e-03 2.016286922156599303e+03
2.265000000000000086e-03 1.987054875200542028e+03
2.239000000000000105e-03 1.958063555859368307e+03
2.213000000000000123e-03 1.927864727791450150e+03
2.187999999999999841e-03 1.898656472985949222e+03
2.162999999999999992e-03 1.869668545853427077e+03
2.138000000000000143e-03 1.840879198708089689e+03
2.112999999999999861e-03 1.812428701944928207e+03
2.089000000000000145e-03 1.784080613460959285e+03
2.064999999999999995e-03 1.756096033959590613e+03
2.041999999999999978e-03 1.728999275971320003e+03
2.017999999999999829e-03 1.701170317515439137e+03
1.994999999999999812e-03 1.674362817117994609e+03
1.971999999999999795e-03 1.646866122420572310e+03
1.949999999999999910e-03 1.620452929074994472e+03
1.928000000000000026e-03 1.594314780968466039e+03
1.905000000000000009e-03 1.567532426968550908e+03
1.884000000000000041e-03 1.542607190718337279e+03
1.861999999999999940e-03 1.516358196953948664e+03
1.840999999999999972e-03 1.491160829065255257e+03
1.820000000000000003e-03 1.466180910134335136e+03
1.799000000000000035e-03 1.441354128907866652e+03
1.778000000000000067e-03 1.416779305420736819e+03
1.758000000000000014e-03 1.392657481121555975e+03
1.737999999999999962e-03 1.368585328908047586e+03
1.717999999999999909e-03 1.344681535248156251e+03
1.698000000000000074e-03 1.320904733497585539e+03
1.678999999999999937e-03 1.298226962498128614e+03
1.660000000000000017e-03 1.275696678157620909e+03
1.641000000000000097e-03 1.253303302787815937e+03
1.621999999999999961e-03 1.230954970864954248e+03
1.603000000000000041e-03 1.208727604993833438e+03
1.585000000000000037e-03 1.187582751096961147e+03
1.567000000000000033e-03 1.169872289979511606e+03
1.549000000000000030e-03 1.152322598318325845e+03
1.531000000000000026e-03 1.134854486701606675e+03
1.513999999999999938e-03 1.118242531609256957e+03
1.495999999999999934e-03 1.100956220204281635e+03
1.479000000000000063e-03 1.081202499028411466e+03
1.461999999999999975e-03 1.061582150668418763e+03
1.445000000000000104e-03 1.042036887482714519e+03
1.428999999999999932e-03 1.023524601629899394e+03
1.412999999999999977e-03 1.005098490333235191e+03
1.396000000000000105e-03 9.857991506700145692e+02
1.379999999999999933e-03 9.675750911406494197e+02
1.364999999999999894e-03 9.504025501683677248e+02
1.348999999999999939e-03 9.323295335855897292e+02
1.333999999999999899e-03 9.153031709716634623e+02
1.317999999999999944e-03 8.973474095554815904e+02
1.302999999999999905e-03 8.804642426684727070e+02
1.288000000000000082e-03 8.636710752047357573e+02
1.273999999999999959e-03 8.478780248900581000e+02
1.258999999999999920e-03 8.311600631921282911e+02
1.245000000000000013e-03 8.155192078576145605e+02
1.229999999999999974e-03 7.990818235494524515e+02
1.216000000000000067e-03 7.836817777193027723e+02
1.201999999999999943e-03 7.683061207082261035e+02
1.188999999999999953e-03 7.539164063352677658e+02
1.175000000000000046e-03 7.384206490107568470e+02
1.160999999999999923e-03 7.229605884371073898e+02
1.147999999999999932e-03 7.085166687189573622e+02
1.134999999999999941e-03 6.941256604080651869e+02
1.121999999999999950e-03 6.798095908686528901e+02
1.108999999999999960e-03 6.657729979560474476e+02
1.095999999999999969e-03 6.517733918106437159e+02
1.083999999999999894e-03 6.387714806978450497e+02
1.072000000000000036e-03 6.258221766712962335e+02
1.059000000000000045e-03 6.119679388136496527e+02
1.046999999999999971e-03 5.993145873871775393e+02
1.034999999999999896e-03 5.867325734910901929e+02
1.023000000000000038e-03 5.741653345616186925e+02
1.012000000000000096e-03 5.625647262461885703e+02
1.000000000000000021e-03 5.500479118705102337e+02
